2 0 10.1016/S2214-109X(19)30264-5 1
2 0 10.4269/ajtmh.15-0810 1
2 0 10.3109/00365548.2011.598876 1
2 0 10.1186/s12879-015-0863-6 1
2 0 10.1099/vir.0.059832-0 1
2 0 10.1371/journal.pone.0119513 1
2 0 10.5812/jjm.39132 1
2 0 10.1093/infdis/jiy646 1
2 0 10.1093/infdis/jix262 1
2 0 10.1056/NEJMoa1405870 1
2 0 10.1371/journal.pone.0155555 1
2 0 10.2807/1560-7917.ES.2018.23.5.17-00284 1
2 0 10.1007/s00705-014-2035-1 1
2 0 10.1016/j.jcv.2018.01.019 1
2 0 10.1002/jmv.25069 1
2 0 10.1128/JCM.02614-05 1
2 0 10.1097/INF.0000000000001359 1
2 0 10.4168/aard.2017.5.6.320 1
2 0 10.1002/jmv.25040 1
2 0 10.1007/s00705-013-1794-4 1
2 0 10.7883/yoken.JJID.2014.266 1
2 0 10.1093/infdis/jis573 1
2 0 10.1016/j.jcv.2014.10.017 1
2 0 10.1002/jmv.21956 1
2 0 10.4414/smw.2020.20224 1
2 0 10.1186/s40064-016-3101-9 1
2 0 10.1097/INF.0b013e3181e7c18d 1
2 0 10.1093/cid/ciy317 1
2 0 10.1016/j.jinf.2016.05.007 1
2 0 10.1016/j.jcv.2010.02.023 1
2 0 10.1093/jpids/pix027 1
2 0 10.1002/jmv.22120 1
2 0 10.1371/journal.pone.0180888 1
2 0 10.1371/journal.pone.0064254 1
2 0 10.1371/journal.pone.0191789 1
3 0 10.1016/S0140-6736(20)30183-5 1
3 0 10.1016/S0140-6736(20)30154-9 1
3 0 10.1056/NEJMoa2001316 1
3 0 10.1016/S0140-6736(20)30211-7 1
3 0 10.1148/radiol.2020200274 1
3 0 10.1001/jama.2020.1585 1
3 0 10.1097/CM9.0000000000000744 1
3 0 10.1001/jama.2020.1623 1
3 0 10.1007/s11427-020-1643-8. 1
3 0 10.1097/CM9.0000000000000722 1
3 0 10.1111/jth.14768 1
3 0 10.1111/all.14238 1
3 0 10.1136/bmj.m606 1
3 0 10.1097/RLI.0000000000000670 1
3 0 10.1016/j.jinf.2020.02.002 1
3 0 10.1016/S1473-3099(20)30086-4 1
3 0 10.1016/S2213-2600(20)30079-5 1
3 0 10.1016/j.jinf.2020.02.017 1
3 0 10.1148/radiol.2020200642 1
3 0 10.1016/j.jinf.2020.02.016 1
3 0 10.1016/j.jinf.2020.02.018 1
3 0 10.1016/j.tmaid.2020.101606 1
3 0 10.1007/s00259-020-04735-9 1
3 0 10.1097/CM9.0000000000000775 1
3 0 10.1097/RLI.0000000000000672 1
3 0 10.1093/cid/ciaa199 1
3 0 10.1007/s00134-020-05987-7 1
3 0 10.1007/s00134-020-05991-x 1
3 0 10.2214/AJR.20.22976 1
3 0 10.1053/j.gastro.2020.02.055 1
3 0 10.1097/RLI.0000000000000674 1
3 0 10.1001/jama.2020.3204 1
3 0 10.1002/jmv.25742 1
3 0 10.2214/AJR.20.22954 1
3 0 10.1007/s11427-020-1661-4 1
3 0 10.1183/13993003.00310-2020 1
3 0 10.2214/AJR.20.22975 1
3 0 10.2807/1560-7917.ES.2020.25.9.2000178 1
3 0 10.1183/13993003.00398-2020 1
3 0 10.1183/13993003.00334-2020 1
3 0 10.1016/S0140-6736(20)30566-3 1
3 0 10.33321/cdi.2020.44.21 1
3 0 10.1016/j.jinf.2020.03.005 1
3 0 10.1016/j.jinf.2020.03.004 1
3 0 10.1093/cid/ciaa247 1
3 0 10.1002/jmv.25755 1
3 0 10.1001/jamainternmed.2020.0994 1
3 0 10.1002/jmv.25763 1
3 0 10.2214/AJR.20.22959 1
3 0 10.1093/cid/ciaa270 1
3 0 10.1093/cid/ciaa272 1
3 0 10.1093/infdis/jiaa119 1
3 0 10.2214/AJR.20.22961 1
3 0 10.1093/qjmed/hcaa089 1
3 0 10.1002/jmv.25770 1
4 0 10.1148/radiol.2020200823 1
4 0 10.1148/radiol.2020200642 1
4 0 10.1148/radiol.2020201237 1
4 0 10.1007/s00330-020-06829-2 1
4 0 10.2214/AJR.20.22959 1
4 0 10.1148/ryct.2020200107 1
4 0 10.1007/s11604-020-00958-w 1
4 0 10.1016/j.ejrad.2020.108961 1
4 0 10.1016/j.ajem.2020.04.051 1
4 0 10.1148/ryct.2020200092 1
4 0 10.1002/jmv.25763 1
4 0 10.1148/ryct.2020200196 1
5 0 10.1001/jama.2020.2648 1
5 0 10.1056/NEJMoa2002032 1
5 0 10.1111/jth.14768 1
5 0 10.1111/all.14238 1
5 0 10.1001/jama.2020.1585 1
5 0 10.1016/S0140-6736(20)30360-3 1
5 0 10.1016/S0140-6736(20)30183-5 1
5 0 10.1136/bmj.m606 1
5 0 10.1001/jamainternmed.2020.0994 1
5 0 10.1002/jmv.25763 1
5 0 10.1093/cid/ciaa247 1
5 0 10.1007/s11427-020-1661-4 1
5 0 10.1136/bmj.m1091 1
5 0 10.1097/CM9.0000000000000744 1
5 0 10.1148/radiol.2020200370 1
5 0 10.3760/cma.j.issn.0578-1310.2020.0007 1
5 0 10.1016/S2213-2600(20)30079-5 1
5 0 10.1002/jmv.25793 1
5 0 10.1101/2020.03.09.20033118 1
5 0 10.1101/2020.02.29.20029348 1
5 0 10.21203/rs.3.rs-20714/v1 1
5 0 10.15585/mmwr.mm6912e1 1
6 0 10.1016/j.accpm.2020.04.001 1
6 0 10.1056/NEJMoa2004500 1
6 0 10.1093/cid/ciaa243 1
6 0 10.1016/j.jinf.2020.03.004 1
6 0 10.1016/S0140-6736(20)30211-7 1
6 0 10.1093/gerona/glaa089 1
6 0 10.1136/bmj.m1091 1
6 0 10.1002/jmv.25793 1
6 0 10.1183/13993003.00524-2020 1
6 0 10.1513/AnnalsATS.202003-225OC 1
6 0 10.1164/rccm.202003-0543OC 1
6 0 10.1056/NEJMoa2002032 1
6 0 10.1016/S0140-6736(20)30183-5 1
6 0 10.3346/jkms.2020.35.e132 1
6 0 10.1016/j.jaci.2020.04.006 1
6 0 10.1097/CM9.0000000000000744 1
6 0 10.1001/jamaneurol.2020.1127 1
6 0 10.2139/ssrn.3541136 1
6 0 10.1002/oby.22831 1
6 0 10.1002/jmv.25783 1
6 0 10.1001/jama.2020.1585 1
6 0 10.1016/j.ijid.2020.03.070 1
6 0 10.1016/j.cmi.2020.03.032 1
6 0 10.1093/cid/ciaa199 1
6 0 10.1111/liv.14449 1
6 0 10.1007/s00259-020-04735-9 1
6 0 10.1016/j.jinf.2020.02.016 1
6 0 10.1001/jama.2020.3204 1
6 0 10.1111/all.14238 1
6 0 10.1002/sim.1186 1
6 0 10.3389/fpubh.2020.00193 1
6 0 10.1016/j.tmaid.2020.101623 1
6 0 10.1136/bmj.m1328 1
6 0 10.1186/s12889-016-3881-4 1
6 0 10.1016/j.ijid.2017.02.008 1
6 0 10.1186/s12889-018-5484-8 1
6 0 10.1093/aje/kwh056 1
6 0 10.1186/s13293-020-00304-9 1
7 0 10.1001/jamaoto.2020.3641 1
7 0 10.1001/jamaoto.2020.4837 1
7 0 10.1016/j.bja.2021.11.027 1
7 0 10.1002/hed.26863 1
7 0 10.1007/s00405-020-06190-6 1
7 0 10.1097/CCM.0000000000004969 1
7 0 10.3390/jcm10122651 1
7 0 10.1016/j.bja.2020.08.023 1
7 0 10.1007/s12070-021-02966-2 1
7 0 10.1097/SLA.0000000000004955 1
7 0 10.1017/S0022215120002303 1
7 0 10.3389/fmed.2020.615845 1
8 0 10.1016/j.jacc.2020.05.040 1
8 0 10.1161/HYPERTENSIONAHA 1
8 0 10.1016/j.amjcard.2020.07.007 1
8 0 10.1002/ejhf.1924 1
8 0 10.1093/ehjcvp/pvaa056 1
8 0 10.1161/JAHA.120.017736 1
8 0 10.1016/j.jcrc.2020.07.003 1
8 0 10.2337/dc20-0660 1
8 0 10.1136/heartjnl-2020-317393 1
8 0 10.1001/jama.2020.11301 1
8 0 10.1093/eurheartj/ehaa433 1
8 0 10.1038/s41371-020-00405-3 1
8 0 10.1001/jamainternmed.2020.3539 1
8 0 10.1161/HYPERTENSIONAHA.120.15572 1
8 0 10.21037/atm.2020.03.229 1
8 0 10.1007/s10072-020-04541-z 1
8 0 10.1161/HYPERTENSIONAHA.120.15324 1
8 0 10.1093/ehjcvp/pvaa083 1
8 0 10.1093/cid/ciaa624 1
8 0 10.1177/0036933020951926 1
8 0 10.1093/infdis/jiaa447 1
8 0 10.1001/jamacardio.2020.1624 1
8 0 10.1093/ehjcvp/pvaa062 1
8 0 10.1002/jmv.26315 1
8 0 10.1016/j.rec.2020.05.018 1
8 0 10.1056/NEJMoa2006923 1
8 0 10.1038/s41440-020-00535-8 1
8 0 10.1080/22221751.2020.1746200 1
8 0 10.1016/j.archger.2020.104204 1
8 0 10.1093/cid/ciaa677 1
8 0 10.1161/HYPERTENSIONAHA.120.15289 1
8 0 10.1056/NEJMoa2008975 1
8 0 10.1001/jama.2020.6775 1
8 0 10.1371/journal.pone.0238281 1
8 0 10.1161/JAHA.120.016948 1
8 0 10.14744/AnatolJCardiol.2020.57431 1
8 0 10.1097/HJH.0000000000002584 1
8 0 10.1053/j.gastro.2020.05.034 1
8 0 10.1093/cid/ciaa492 1
8 0 10.1007/s40264-020-00994-5 1
8 0 10.1007/s11684-020-0800-y 1
8 0 10.1161/HYPERTENSIONAHA.120.15143 1
8 0 10.1016/j.jinf.2020.08.014 1
8 0 10.1161/CIRCRESAHA.120.317134 1
9 0 10.1111/liv.14583 1
9 0 10.1007/s10620-020-06618-3 1
9 0 10.1101/2020.09.01.20185850 1
9 0 10.1016/j.metabol.2020.154244 1
9 0 10.1002/hep4.1592 1
9 0 10.1136/gutjnl-2020-321611 1
9 0 10.1016/j.cgh.2020.09.027 1
9 0 10.1016/j.jhep.2020.04.027 1
9 0 10.1111/liv.14575 1
9 0 10.1111/jgh.15112 1
9 0 10.1016/j.aohep.2020.09.015 1
9 0 10.1371/journal.pone.0240400 1
9 0 10.1097/MEG.0000000000001902 1
10 0 10.1093/cid/ciaa1021 1
10 0 10.1016/j.jamda.2020.06.009 1
10 0 10.1016/j.ajic.2020.06.215 1
10 0 10.1101/2020.06.08.20125989v2 1
10 0 10.1101/2020.07.01.20144162 1
10 0 10.1016/j.jamda.2020.08.027 1
10 0 10.1056/NEJMoa2005412 1
10 0 10.1001/jamainternmed.2020.2233 1
10 0 10.1111/jgs.16625 1
10 0 10.1503/cmaj.201197 1
10 0 10.1016/j.jamda.2020.06.013 1
10 0 10.1001/jamanetworkopen.2020.17533 1
10 0 10.1016/j.maturitas.2020.06.023 1
10 0 10.1016/j.medmal.2020.04.020 1
10 0 10.1007/s00194-020-00404-1 1
10 0 10.1080/17843286.2020.1834285 1
10 0 10.5694/mja2.50817 1
10 0 10.2139/ssrn.3582760 1
10 0 10.1093/ageing/afaa220 1
10 0 10.1016/j.jamda.2020.05.050 1
10 0 10.1016/j.jamda.2020.07.034 1
10 0 10.1515/dx-2020-0094 1
10 0 10.1101/2020.09.15.20195396 1
10 0 10.1177/2333721420982800 1
10 0 10.4045/tidsskr.20.0405 1
10 0 10.24171/j.phrp.2020.11.4.16 1
10 0 10.24171/j.phrp.2020.11.4.04 1
10 0 10.3201/eid2609.202603 1
10 0 10.1016/j.archger.2020.104240 1
10 0 10.1016/j.eclinm.2020.100533 1
10 0 10.1016/j.jinf.2020.05.073 1
10 0 10.1093/infdis/jiaa565 1
10 0 10.1016/S2666-7568(20)30065-9 1
10 0 10.1101/2020.08.04.20165928 1
10 0 10.1093/cid/ciaa763 1
10 0 10.1111/jgs.16850 1
10 0 10.1007/s11606-020-06165-7 1
10 0 10.15585/mmwr.mm6927e1 1
10 0 10.1093/cid/ciaa1020 1
10 0 10.1093/cid/ciaa991 1
10 0 10.15585/mmwr.mm6921e1 1
10 0 10.15585/mmwr.mm6932e4 1
10 0 10.3201/eid2610.202694 1
10 0 10.1016/j.jamda.2020.06.014 1
10 0 10.1089/tmj.2020.0236 1
10 0 10.1177/0733464820959163 1
11 0 10.1111/his.14160 1
11 0 10.1001/jama.2020.8907 1
11 0 10.1016/j.carpath.2020.107233 1
11 0 10.5858/arpa.2020-0217-SA 1
11 0 10.1097/PAF.0000000000000567 1
11 0 10.7326/M20-2003 1
11 0 10.1111/his.14134 1
11 0 10.1111/his.14134 1
11 0 10.1016/S0140-6736(20)30937-5 1
11 0 10.1038/s41379-020-0536-x 1
11 0 10.1093/ajcp/aqaa062 1
11 0 10.1016/j.patol.2020.04.002 1
11 0 10.1007/s00414-020-02317-w 1
11 0 10.1001/jamacardio.2020.3551 1
11 0 10.1093/ajcp/aqaa091 1
11 0 10.1007/s00414-020-02319-8 1
11 0 10.1007/s00414-020-02318-9 1
11 0 10.1016/S2213-2600(20)30243-5 1
11 0 10.1177/1066896920935195 1
11 0 10.1016/j.ebiom.2020.102833 1
11 0 10.1007/s00428-020-02881-x 1
11 0 10.1016/j.fri.2020.200378 1
11 0 10.1016/S2213-2600(20)30076-X 1
11 0 10.1136/jclinpath-2020-206710 1
11 0 10.1007/s00414-020-02390-1 1
11 0 10.47162/RJME.61.1.23 1
11 0 10.1161/CIRCULATIONAHA.120.048488 1
11 0 10.1016/j.carpath.2020.107263 1
11 0 10.1136/jclinpath-2020-206879 1
11 0 10.1186/s13054-020-03218-5 1
11 0 10.1111/pin.13002 1
11 0 10.3201/eid2609.201353 1
11 0 10.1016/j.jacc.2020.08.041 1
11 0 10.1186/s40478-020-01024-2 1
11 0 10.1007/s00414-020-02406-w 1
11 0 10.1136/jclinpath-2020-206623 1
11 0 10.1111/nan.12662 1
11 0 10.1159/000511325 1
11 0 10.1016/S2666-5247(20)30115-4 1
12 0 10.1371/journal.pone.0237127 1
12 0 10.1101/2020.05.05.20084889 1
12 0 10.1128/JCM.00721-20 1
12 0 10.1056/NEJMc2016321 1
12 0 10.1101/2020.06.12.20128736 1
12 0 10.1128/JCM.01418-20 1
12 0 10.1093/cid/ciaa1589 1
12 0 10.1001/jamanetworkopen.2020.16382 1
12 0 10.1128/JCM.01824-20 1
12 0 10.1093/cid/ciaa882 1
12 0 10.1016/j.jviromet.2020.113974 1
13 0 10.1210/clinem/dgab067 1
13 0 10.1016/j.dsx.2020.12.020 1
13 0 10.1016/j.diabet.2020.101216 1
13 0 10.1016/j.diabres.2020.108619 1
13 0 10.1016/j.cmet.2020.08.013 1
13 0 10.1016/j.diabres.2020.108386 1
13 0 10.1016/j.jdiacomp.2020.107666 1
13 0 10.1016/j.numecd.2020.09.028 1
13 0 10.3389/fendo.2020.00525 1
13 0 10.4158/EP-2020-0466 1
13 0 10.1016/j.lfs.2021.119371 1
13 0 10.1002/jmv.26873 1
13 0 10.1007/s00592-020-01666-7 1
13 0 10.1016/j.dsx.2021.02.022 1
13 0 10.1002/edm2.301 1
13 0 10.1017/S0950268820002472 1
13 0 10.1136/bmjdrc-2020-001858 1
13 0 10.4093/dmj.2020.0151 1
13 0 10.3389/fendo.2020.600439 1
13 0 10.1016/S2666-7568(20)30033-7 1
13 0 10.1007/s00125-020-05180-x 1
13 0 10.1016/S2213-8587(21)00050-4 1
13 0 10.1186/s12916-020-01832-2 1
13 0 10.1016/j.diabet.2020.10.006 1
13 0 10.2337/dc20-0660 1
13 0 10.1016/j.jamda.2020.10.031 1
13 0 10.1111/cts.12897 1
13 0 10.4093/dmj.2020.0146 1
13 0 10.4269/ajtmh.20-0375 1
13 0 10.1101/2020.08.12.20156257 1
13 0 10.1101/2020.08.20.20174169 1
13 0 10.1101/2020.07.27.20163071 1
14 0 10.1002/jcla.23566 1
14 0 10.1038/s41598-020-71114-7 1
14 0 10.1016/S2589-7500(20)30217-X 1
14 0 10.1038/s42256-020-0180-7 1
14 0 10.1186/s13054-020-03123-x 1
14 0 10.1111/eci.13427 1
14 0 10.3390/jcm9103066 1
14 0 10.2147/RMHP.S278365 1
14 0 10.1371/journal.pone.0245281 1
14 0 10.1016/j.jhep.2020.12.012 1
14 0 10.1186/s12879-021-05845-x 1
14 0 10.1155/2021/8863053 1
14 0 10.1007/s00330-021-07993-9 1
14 0 10.1016/j.csbj.2021.03.012 1
14 0 10.1007/s12559-020-09812-7 1
14 0 10.1093/cid/ciaa963 1
14 0 10.3122/jabfm.2021.S1.200464 1
14 0 10.1002/jmv.26347 1
14 0 10.3389/fmed.2021.706380 1
14 0 10.21037/atm-20-6205 1
14 0 10.1177/0284185121994695 1
14 0 10.1097/MD.0000000000025900 1
14 0 10.21037/apm-20-2107 1
14 0 10.18632/aging.202605 1
14 0 10.1136/bmjopen-2020-047347 1
14 0 10.3390/diagnostics11091582 1
14 0 10.1109/ACCESS.2021.3105321 1
14 0 10.3390/ijerph17228386 1
14 0 10.3389/fmed.2021.699243 1
14 0 10.1088/1361-6560/abf717 1
14 0 10.1093/cid/ciaa414 1
14 0 10.1007/s11739-020-02480-3 1
14 0 10.7759/cureus.11368 1
14 0 10.1001/jamainternmed.2020.2033 1
14 0 10.1111/crj.13296 1
14 0 10.1016/j.accpm.2020.10.013 1
14 0 10.2196/23128 1
14 0 10.1016/j.jinf.2020.09.023 1
14 0 10.1371/journal.pone.0237558 1
14 0 10.2196/24018 1
14 0 10.1371/journal.pone.0236618 1
14 0 10.3389/fmed.2020.590460 1
14 0 10.3389/fmed.2020.597791 1
14 0 10.7883/yoken.JJID.2020.227 1
14 0 10.1111/ijcp.13858 1
14 0 10.1080/03007995.2020.1825365 1
14 0 10.1186/s12967-020-02505-7 1
14 0 10.1177/0300060520955037 1
14 0 10.1136/bmj.m3339 1
14 0 10.1002/emp2.12259 1
14 0 10.1186/s12911-020-01316-6 1
14 0 10.1038/s41598-020-75767-2 1
14 0 10.1002/jmv.26713 1
14 0 10.1016/j.chest.2020.04.010 1
14 0 10.1016/j.ijantimicag.2020.106110 1
14 0 10.1136/bmj.m3731 1
14 0 10.1038/s41467-020-18684-2 1
14 0 10.3389/fpubh.2020.00475 1
14 0 10.1017/S0950268820001727 1
14 0 10.1186/s12879-020-05614-2 1
14 0 10.3389/fpubh.2020.00461 1
14 0 10.1136/bmjopen-2020-041989 1
14 0 10.1016/j.jinf.2020.09.023 1
14 0 10.1515/cclm-2020-0730 1
15 0 10.1016/j.ajem.2020.08.005 1
15 0 10.11604/pamj.supp.2020.35.136.24753 1
15 0 10.3389/fmed.2020.614152 1
15 0 10.1016/S2213-2600(20)30316-7 1
15 0 10.1007/s00134-020-06294-x 1
15 0 10.1097/CCM.0000000000004600 1
15 0 10.1001/jamainternmed.2020.3539 1
15 0 10.3390/jcm9092847 1
15 0 10.1097/CCE.0000000000000262 1
15 0 10.1186/s13054-021-03469-w 1
15 0 10.1016/j.chest.2020.08.2084 1
15 0 10.1016/j.aucc.2020.10.009 1
16 0 10.1002/ejhf.1924 1
16 0 10.1056/NEJMoa2008975 1
16 0 10.1056/NEJMoa2006923 1
16 0 10.1056/NEJMoa2007621 1
16 0 10.1101/2020.04.08.20057539 1
16 0 10.1161/HYPERTENSIONAHA.120.15143 1
16 0 10.1161/CIRCRESAHA.120.317134 1
16 0 10.1080/22221751.2020.1746200 1
16 0 10.1038/s41421-020-00235-0 1
16 0 10.1101/2020.02.17.951848 1
16 0 10.1001/jamacardio.2020.1624 1
16 0 10.1001/jamacardio.2020.1017 1
17 0 10.1093/jac/dkaa332 1
17 0 10.1080/14787210.2021.1950532 1
17 0 10.1093/jac/dkaa331 1
17 0 10.1093/jac/dkaa501 1
17 0 10.23750/abm.v91i4.10877 1
17 0 10.1093/jac/dkab152 1
17 0 10.1093/jac/dkaa334 1
17 0 10.1002/jmv.27264 1
18 0 10.1001/jamainternmed.2020.0994 1
18 0 10.1093/cid/ciaa272 1
18 0 10.1007/s00134-020-06047-w 1
18 0 10.1210/clinem/dgaa627 1
18 0 10.1093/cid/ciaa351 1
18 0 10.1007/s12630-020-01700-w 1
18 0 10.5694/mja2.50577 1
18 0 10.1093/ofid/ofaa421 1
18 0 10.1080/22221751.2020.1787103 1
18 0 10.1016/j.medcle.2020.07.002 1
18 0 10.1093/infdis/jiaa388 1
18 0 10.1038/s41392-020-0158-2 1
18 0 10.1080/22221751.2020.1807885 1
18 0 10.1016/j.jaci.2020.05.021 1
18 0 10.12788/jhm.3497 1
18 0 10.1097/CM9.0000000000001019 1
18 0 10.1186/s13054-020-02964-w 1
18 0 10.3389/fphar.2020.01198 1
18 0 10.1371/journal.pone.0238827 1
18 0 10.1371/journal.pone.0237831 1
18 0 10.1016/j.amjms.2020.05.038 1
18 0 10.1164/rccm.202002-0445OC 1
18 0 10.1128/AAC.01168-20 1
18 0 10.1007/s10067-020-05239-5 1
18 0 10.1016/j.biopha.2020.110529 1
18 0 10.1056/NEJMoa2022926 1
18 0 10.1016/j.biopha.2020.110529 1
18 0 10.1093/cid/ciaa243 1
18 0 10.1001/jama.2020.17022 1
18 0 10.1016/j.ijantimicag.2020.106077 1
18 0 10.1001/jama.2020.16761 1
18 0 10.1093/cid/ciaa601 1
18 0 10.1093/cid/ciaa768 1
18 0 10.7883/yoken.JJID.2020.298 1
18 0 10.1093/cid/ciaa1177 1
18 0 10.1007/s40121-020-00332-3 1
18 0 10.1093/cid/ciaa829 1
18 0 10.1093/cid/ciaa1163 1
18 0 10.1001/jama.2020.17021 1
19 0 10.1093/gerona/glaa183 1
19 0 10.1007/s12603-020-1389-1 1
19 0 10.18632/aging.103371 1
19 0 10.1016/j.jamda.2020.06.008 1
19 0 10.1111/ggi.13960 1
19 0 10.1002/jmv.26337 1
19 0 10.1007/s10072-020-04541-z 1
19 0 10.1038/s41467-021-21100-y 1
19 0 10.1371/journal.pone.0238281 1
19 0 10.1016/j.psychres.2020.113028 1
20 0 10.1101/2020.05.05.20092031 1
20 0 10.1136/bmj.m1996 1
20 0 10.1371/journal.pone.0238829 1
20 0 10.15585/mmwr.mm6918e1 1
20 0 10.1101/2020.06.16.20133140 1
20 0 10.1101/2020.07.29.20164640 1
20 0 10.1093/cid/ciaa1012 1
20 0 10.1101/2020.04.22.20075416 1
20 0 10.1101/2020.06.18.20134742 1
20 0 10.1016/S1473-3099(20)30371-6 1
20 0 10.1371/journal.pone.0243027 1
20 0 10.1097/CCM.0000000000004457 1
20 0 10.1038/s41591-020-1051-9 1
20 0 10.1016/j.eclinm.2020.100466 1
20 0 10.1093/cid/ciaa1245 1
20 0 10.1101/2020.06.25.20137323 1
20 0 10.1007/s41999-020-00354-7 1
20 0 10.1371/journal.pone.0238552 1
20 0 10.1101/2020.06.16.20126714 1
20 0 10.1186/s12916-020-01640-8 1
20 0 10.1038/s41586-020-2521-4 1
20 0 10.1016/j.tru.2020.100027 1
20 0 10.1377/hlthaff.2020.00598 1
20 0 10.1136/bmjresp-2020-000650 1
20 0 10.1111/cts.12894 1
20 0 10.1093/cid/ciaa1091 1
20 0 10.1056/NEJMsa2011686 1
20 0 10.1016/j.chest.2020.10.009 1
20 0 10.1101/2020.05.14.20099234 1
20 0 10.1101/2020.04.09.20059964 1
20 0 10.1001/jama.2020.8630 1
20 0 10.1186/s12939-020-01242-z 1
20 0 10.1016/j.ajogmf.2020.100198 1
20 0 10.1186/s12916-020-01665-z 1
20 0 10.1136/bmjresp-2020-000644 1
20 0 10.1093/cid/ciaa954 1
20 0 10.7326/M20-3742 1
20 0 10.1136/bmjopen-2020-039849 1
20 0 10.1016/j.jmoldx.2020.10.019 1
20 0 10.1101/2020.06.11.20128926 1
20 0 10.1136/bmjopen-2020-040441 1
20 0 10.1001/jamanetworkopen.2020.18039 1
20 0 10.1016/j.eclinm.2020.100574 1
20 0 10.1093/cid/ciaa1234 1
20 0 10.3389/fendo.2020.600439 1
20 0 10.1371/journal.pone.0236240 1
20 0 10.15585/mmwr.mm6925a1 1
20 0 10.7326/M20-3905 1
20 0 10.1371/journal.pone.0238829 1
21 0 10.3760/cma.j.cn112148-20200225-00123 1
21 0 10.3760/cma.j.cn112137-20200229-00520 1
21 0 10.1136/bmj.m1295 1
21 0 10.1016/S0140-6736(20)30183-5 1
21 0 10.1097/CM9.0000000000000824 1
21 0 10.1016/j.kint.2020.03.005 1
21 0 10.1016/j.jemermed.2020.04.004 1
21 0 10.1001/jamacardio.2020.0950 1
21 0 10.3390/ijms21093275 1
21 0 10.1159/000507471 1
21 0 10.1136/bmj.m606 1
21 0 10.3760/cma.j.cn112137-20200229-00520 1
21 0 10.1186/s12931-020-01338-8 1
21 0 10.1016/j.ijid.2020.03.040 1
21 0 10.1016/S0140-6736(20)30566-3 1
21 0 10.3760/cma.j.cn112148-20200220-00105 1
22 0 10.1016/j.jinf.2020.03.001 1
22 0 10.1101/2020.03.06.20032342 1
22 0 10.2807/1560-7917.ES.2020.25.10.2000191 1
22 0 10.1016/S1473-3099(20)30196-1 1
22 0 10.1038/s41586-020-2380-z 1
22 0 10.1038/s41467-020-16638-2 1
22 0 10.1080/22221751.2020.1729071 1
22 0 10.1038/s41591-020-0913-5 1
22 0 10.1148/radiol.2020200432 1
23 0 10.1001/jama.2020.6775 1
23 0 10.1016/j.jinf.2020.03.005 1
23 0 10.1093/cid/ciaa270 1
23 0 10.1016/j.jemermed.2020.04.004 1
23 0 10.1001/jamacardio.2020.1017 1
23 0 10.1016/S0140-6736(20)30183-5 1
23 0 10.1001/jamacardio.2020.0950 1
23 0 10.1001/jama.2020.1585 1
23 0 10.1001/jama.2020.5394 1
23 0 10.1056/NEJMoa2004500 1
23 0 10.1001/jama.2020.4326 1
23 0 10.1001/jamainternmed.2020.0994 1
23 0 10.1016/S0140-6736(20)30211-7 1
23 0 10.1016/S0140-6736(20)30566-3 1
23 0 10.1186/s13613-020-00653-z 1
24 0 10.1186/s13054-020-02880-z 1
24 0 10.1164/rccm.202003-0817LE 1
24 0 10.1371/journal.pone.0035797 1
25 0 10.1086/431762 1
25 0 10.4178/epih.e2017052 1
25 0 10.3201/eid1002.030700 1
25 0 10.1093/cid/civ128 1
25 0 10.1007/s10049-015-0100-2 1
25 0 10.1111/j.1365-3156.2009.02255.x 1
25 0 10.3201/eid1002.030838 1
25 0 10.1371/journal.pone.0010717 1
25 0 10.1017/S1049023X12001525 1
25 0 10.1097/MD.0000000000008308 1
25 0 10.1017/s1481803500010332 1
26 0 10.1016/S2213-2600(17)30174-1 1
26 0 10.1016/S2213-2600(19)30199-7 1
26 0 10.1001/jama.2020.10044 1
26 0 10.1378/chest.12-2907 1
26 0 10.1038/s41467-021-23469-2 1
26 0 10.1093/infdis/jiv453 1
26 0 10.1172/jci152740 1
26 0 10.1136/bmj.m3939 1
26 0 10.1093/cid/ciq106 1
26 0 10.1111/j.1469-0691.2004.00956.x 1
26 0 10.1056/NEJMoa1511812 1
26 0 10.1001/jama.1919.02610020020007 1
26 0 10.1371/journal.pone.0002985 1
26 0 10.1001/jama.1919.26110010013009d 1
26 0 10.1001/jama.1919.02610330016006 1
26 0 10.1001/jama.1919.02610090024007 1
26 0 10.1056/NEJM192008051830609 1
26 0 10.1001/jama.1918.02600510021008 1
26 0 10.1007/s10096-004-1271-9 1
26 0 10.1001/jama.1919.02610100017007 1
26 0 10.1073/pnas.2004168117 1
26 0 10.1016/j.jinf.2016.11.009 1
26 0 10.1093/infdis/jiaa228 1
26 0 10.1016/j.transci.2020.102875 1
27 0 10.1007/s12630-020-01630-7 1
27 0 10.1001/jamapediatrics.2020.0878 1
27 0 10.1016/j.cmi.2020.03.034 1
27 0 10.1002/ijgo.13165 1
27 0 10.1056/NEJMc2009226 1
27 0 10.1016/j.ajog.2020.04.014 1
27 0 10.2214/AJR.20.23072 1
27 0 10.1093/cid/ciaa352 1
27 0 10.1101/2020.03.24.20042176 1
27 0 10.1002/ijgo.13162 1
27 0 10.1016/j.ajogmf.2020.100118 1
27 0 10.1056/NEJMc2009316 1
27 0 10.1007/s11684-020-0772-y 1
28 0 10.1111/jth.14768 1
28 0 10.1007/s00330-020-06731-x 1
28 0 10.3760/cma.j.cn112150-20200219-00142 1
28 0 10.1016/S2589-7500(20)30026-1 1
28 0 10.1007/s11427-020-1643-8 1
28 0 10.1148/radiol.2020200463 1
28 0 10.33321/cdi.2020.44.15 1
28 0 10.3760/cma.j.issn.0253-9624.2020.0005 1
28 0 10.1001/jama.2020.2565 1
28 0 10.1016/S1473-3099(20)30067-0 1
28 0 10.3760/cma.j.issn.0578-1310.2020.0002 1
28 0 10.1001/jama.2020.1623 1
28 0 10.3760/cma.j.issn.0578-1310.2020.0005 1
28 0 10.1016/S0140-6736(20)30211-7 1
28 0 10.1148/radiol.2020200230 1
28 0 10.1148/radiol.2020200323 1
28 0 10.1093/qjmed/hcaa038 1
28 0 10.1148/radiol.2020200432 1
28 0 10.1148/radiol.2020200280 1
28 0 10.1002/jmv.25699 1
28 0 10.1016/j.cmi.2020.02.011 1
28 0 10.1056/NEJMoa2001191 1
28 0 10.1016/S0140-6736(20)30183-5 1
28 0 10.1148/radiol.2020200330 1
28 0 10.1016/S0140-6736(20)30360-3 1
28 0 10.4178/epih.e2020007 1
28 0 10.1148/radiol.2020200236 1
28 0 10.1056/NEJMoa2001316 1
28 0 10.3348/kjr.2020.0078 1
28 0 10.3760/cma.j.issn.1007-3418.2020.02.003 1
28 0 10.1097/CM9.0000000000000744 1
28 0 10.3760/cma.j.issn.1001-0939.2020.03.014 1
28 0 10.1148/radiol.2020200257 1
28 0 10.1148/radiol.2020200370 1
28 0 10.1056/NEJMc2001272 1
28 0 10.1056/NEJMc2001621 1
28 0 10.1097/CM9.0000000000000722 1
28 0 10.1056/NEJMc2001468 1
28 0 10.1148/radiol.2020200269 1
28 0 10.1016/S0140-6736(20)30370-6 1
28 0 10.1148/radiol.2020200274 1
28 0 10.1002/jmv.25689 1
28 0 10.1001/jama.2020.2131 1
28 0 10.1056/NEJMoa2002032 1
28 0 10.1148/radiol.2020200343 1
28 0 10.1007/s00259-020-04720-2 1
28 0 10.1136/bmj.m606 1
28 0 10.3760/cma.j.issn.0578-1310.2020.0009 1
28 0 10.1111/all.14238 1
28 0 10.3760/cma.j.issn.1001-0939.2020.0013 1
28 0 10.3760/cma.j.issn.0578-1310.2020.0006 1
28 0 10.1007/s12250-020-00203-8 1
28 0 10.3346/jkms.2020.35.e84 1
28 0 10.3346/jkms.2020.35.e79 1
28 0 10.3346/jkms.2020.35.e61 1
28 0 10.1101/2020.02.10.20021675 1
28 0 10.1056/NEJMoa2001017 1
28 0 10.1016/S0140-6736(20)30154-9 1
28 0 10.3760/cma.j.issn.1001-0939.2020.03.013 1
28 0 10.3760/cma.j.issn.0578-1310.2020.0007 1
29 0 10.1016/S2352-3018(19)30343-1 1
29 0 10.3205/000248 1
29 0 10.1002/14651858.CD009453.pub2 1
29 0 10.1371/journal.pone.0211298 1
29 0 10.1186/s12888-015-0706-4 1
29 0 10.1017/S2045796018000458 1
29 0 10.1007/s10461-018-2304-1 1
29 0 10.1016/j.psychres.2019.112702 1
29 0 10.1136/bmjgh-2018-001285 1
29 0 10.47276/lr.85.3.149 1
29 0 10.5588/ijtld.16.0788 1
30 0 10.1017/S0033291720000999 1
30 0 10.12659/MSM.924171 1
30 0 10.1159/000507453 1
30 0 10.1016/j.psychres.2020.112934 1
30 0 10.12809/eaap2014 1
30 0 10.12809/eaap2014 1
30 0 10.1371/journal.pone.0231924 1
30 0 10.3760/cma.j.cn121094-20200219-00063 1
30 0 10.1016/S2215-0366(18)30511-X 1
30 0 10.1016/j.bbi.2020.03.028 1
30 0 10.3201/eid2607.200500 1
30 0 10.1001/jamanetworkopen.2020.3976 1
30 0 10.1016/j.psychres.2020.112921 1
30 0 10.1016/j.psychres.2020.112936 1
30 0 10.1111/jonm.13014 1
30 0 10.34172/aim.2020.13 1
30 0 10.3390/jcm9040965 1
30 0 10.1016/j.jaip.2020.04.003 1
30 0 10.1136/gpsych-2020-100213 1
30 0 10.1016/j.ajp.2020.102083 1
30 0 10.7326/M20-1083 1
30 0 10.3390/ijerph17051729 1
30 0 10.1080/13548506.2020.1746817 1
30 0 10.7326/M20-1239 1
30 0 10.12659/MSM.923549 1
30 0 10.12659/MSM.923767 1
30 0 10.1159/000507639 1
30 0 10.3390/ijerph17072381 1
30 0 10.1016/j.jhin.2020.04.012 1
31 0 10.1148/radiol.2020200642 1
31 0 10.1148/radiol.2020200823 1
31 0 10.2214/AJR.20.22959 1
31 0 10.1148/ryct.2020200107 1
31 0 10.1007/s00330-020-06829-2 1
31 0 10.1148/radiol.2020201237 1
31 0 10.1007/s11604-020-00958-w 1
31 0 10.1016/j.ejrad.2020.108961 1
31 0 10.1016/j.ajem.2020.04.051 1
31 0 10.1148/ryct.2020200092 1
31 0 10.1016/j.jinf.2020.04.003 1
31 0 10.1002/jmv.25763 1
31 0 10.1148/ryct.2020200196 1
32 0 10.1097/CM9.0000000000001121 1
32 0 10.1136/bmj.m606 1
32 0 10.1056/NEJMoa2004500 1
32 0 10.1001/jama.2020.4326 1
32 0 10.15585/mmwr.mm6912e2 1
32 0 10.1093/cid/ciaa243 1
32 0 10.1016/j.jinf.2020.03.004 1
32 0 10.1056/NEJMoa2001017 1
32 0 10.1136/bmj.m1966 1
32 0 10.1001/jama.2020.6775 1
32 0 10.1002/oby.22831 1
32 0 10.1001/jama.2020.1585 1
32 0 10.1001/jamainternmed.2020.0994 1
32 0 10.1016/S1726-4901(09)70124-8 1
32 0 10.1186/s13054-020-03098-9 1
32 0 10.1001/jama.2020.3204 1
32 0 10.1183/13993003.00547-2020 1
32 0 10.1016/S0140-6736(20)30566-3 1
32 0 10.1016/j.thromres.2020.04.024 1
32 0 10.1016/j.thromres.2020.04.013 1
32 0 10.1016/j.eclinm.2020.100331 1
32 0 10.1136/bmj.m1985 1
32 0 10.1513/AnnalsATS.202003-225OC 1
32 0 10.1186/s12890-020-01354-w 1
32 0 10.1159/000508657 1
32 0 10.1001/jama.2020.5394 1
32 0 10.1016/S0140-6736(20)30211-7 1
32 0 10.1136/thorax.58.8.686 1
32 0 10.7326/0003-4819-139-9-200311040-00005 1
32 0 10.1177/0885066615579858 1
32 0 10.7326/M13-2486 1
32 0 10.1016/j.ijid.2014.09.003 1
32 0 10.1016/j.ejcdt.2015.11.011 1
32 0 10.1371/journal.pone.0165978 1
32 0 10.1186/s12879-016-1492-4 1
33 0 10.1056/NEJMoa2001017 1
33 0 10.1056/NEJMc2005073 1
33 0 10.13609/j.cnki.1000-0313.2020.03.007 1
33 0 10.1542/peds.2020-0702 1
33 0 10.1111/apa.15270 1
33 0 10.1542/peds.2020-004879 1
33 0 10.1126/science.abb3221 1
33 0 10.1542/peds.2020-0834 1
33 0 10.1007/s12519-020-00354-4 1
33 0 10.1093/infdis/jiv380 1
33 0 10.1016/j.antiviral.2016.11.006 1
33 0 10.1515/cclm-2020-0272 1
34 0 10.1001/jama.2020.2648 1
34 0 10.1001/jama.2020.4326 1
34 0 10.1016/j.chest.2020.04.010 1
34 0 10.1056/NEJMoa2002032 1
35 0 10.1161/CIRCULATIONAHA.120.048789 1
35 0 10.1136/bmj.m1966 1
35 0 10.1056/NEJMsa2011686 1
35 0 10.1016/j.amjcard.2020.07.040 1
35 0 10.1016/j.amjcard.2020.08.041 1
35 0 10.1016/j.eclinm.2020.100518 1
35 0 10.1080/22221751.2020.1787103 1
35 0 10.1136/heartjnl-2020-317322 1
35 0 10.1007/s12471-020-01458-2 1
35 0 10.1136/heartjnl-2020-317007 1
35 0 10.1186/s13054-020-02939-x 1
35 0 10.1007/s15010-020-01473-w 1
35 0 10.1186/s12879-020-05010-w 1
35 0 10.1016/S0140-6736(20)30566-3 1
35 0 10.1016/j.ijcha.2020.100638 1
35 0 10.1093/cid/ciaa539 1
35 0 10.1016/j.amjms.2020.05.038 1
35 0 10.1016/j.amjcard.2020.07.010 1
35 0 10.1016/j.yjmcc.2020.08.008 1
35 0 10.5603/CJ.a2020.0089 1
35 0 10.1016/j.amjcard.2020.09.060 1
35 0 10.1183/13993003.00524-2020 1
35 0 10.3201/eid2608.201776 1
35 0 10.1093/jalm/jfaa092 1
35 0 10.1111/acem.14104 1
35 0 10.1056/NEJMc2010419 1
35 0 10.1016/j.hrthm.2020.06.016 1
35 0 10.1056/NEJMoa2004500 1
35 0 10.1093/cid/ciaa632 1
35 0 10.1007/s11739-020-02498-7 1
35 0 10.1007/s00134-020-06202-3 1
35 0 10.1097/MCA.0000000000000914 1
35 0 10.1007/s11739-020-02495-w 1
35 0 10.1002/jmv.26347 1
35 0 10.21149/11684 1
36 0 10.1007/s00134-020-05987-7 1
36 0 10.3760/cma.j.cn112148-20200225-00123 1
36 0 10.1016/S0140-6736(20)30183-5 1
36 0 10.3760/cma.j.issn.1001-0939.2020.0016 1
36 0 10.1007/s00134-020-05991-x 1
36 0 10.1001/jama.2020.1585 1
36 0 10.1001/jamacardio.2020.0950 1
36 0 10.3760/cma.j.cn112148-20200220-00105 1
36 0 10.1016/S2213-2600(20)30079-5 1
36 0 10.1016/S0140-6736(20)30566-3 1
37 0 10.7150/ijms.46614 1
37 0 10.1001/jama.2020.6775 1
37 0 10.1371/journal.pone.0235107 1
37 0 10.1007/s00134-020-05991-x 1
37 0 10.1002/jmv.26252 1
37 0 10.1080/07853890.2020.1791356 1
37 0 10.1016/j.eclinm.2020.100426 1
37 0 10.1093/eurheartj/ehaa408 1
37 0 10.4269/ajtmh.20-0483 1
37 0 10.1111/jgs.16533 1
37 0 10.1093/cid/ciaa538 1
37 0 10.1016/j.jinf.2020.04.012 1
37 0 10.1002/jmv.26061 1
37 0 10.1186/s12931-020-01435-8 1
37 0 10.1111/jth.14848 1
37 0 10.1186/s12931-020-01428-7 1
37 0 10.1016/j.amepre.2020.05.002 1
37 0 10.1016/S0140-6736(20)30566-3 1
37 0 10.3390/jcm9072282 1
37 0 10.7759/cureus.8712 1
37 0 10.1016/S2214-109X(20)30285-0 1
37 0 10.1515/cclm-2020-0459 1
37 0 10.1016/j.ijid.2020.05.021 1
37 0 10.3390/jcm9061733 1
37 0 10.1186/s12916-020-01665-z 1
37 0 10.1093/cid/ciaa243 1
37 0 10.1016/j.jhin.2020.07.013 1
37 0 10.1002/ctm2.40 1
37 0 10.1016/j.jaci.2020.05.003 1
37 0 10.1136/bmj.m1091 1
37 0 10.1016/j.ijantimicag.2020.106110 1
37 0 10.1016/j.clim.2020.108509 1
37 0 10.1097/CM9.0000000000000824 1
37 0 10.1183/13993003.00524-2020 1
37 0 10.18632/aging.103631 1
37 0 10.1016/j.eclinm.2020.100449 1
37 0 10.1016/j.ajic.2020.07.005 1
37 0 10.1002/jmv.26306 1
37 0 10.1002/jmv.26347 1
37 0 10.1111/acem.13992 1
37 0 10.1002/jmv.26003 1
37 0 10.1007/s10072-020-04541-z 1
37 0 10.1016/j.jinf.2020.06.027 1
37 0 10.1002/oby.22913 1
37 0 10.1016/j.jclinane.2020.110005 1
37 0 10.1002/jmv.25819 1
37 0 10.1038/s41375-019-0660-0 1
37 0 10.1016/j.chest.2020.05.575 1
37 0 10.1017/S0950268820001442 1
37 0 10.1155/2020/6159720 1
37 0 10.1172/jci.insight.139024 1
37 0 10.1093/cid/ciaa641 1
37 0 10.1007/s10875-020-00821-7 1
37 0 10.3389/fmed.2020.00374 1
37 0 10.1111/eci.13314 1
37 0 10.1007/s11606-020-05983-z 1
37 0 10.1186/s12939-020-01208-1 1
38 0 10.1016/j.ajogmf.2020.100118 1
38 0 10.1016/j.ajogmf.2020.100113 1
38 0 10.1016/j.ajog.2020.04.024 1
38 0 10.1016/j.ajogmf.2020.100120 1
38 0 10.1056/NEJMc2007605 1
38 0 10.1055/s-0040-1709993 1
38 0 10.1016/j.ajog.2020.04.014 1
38 0 10.3785/j.issn.1008-9292.2020.03.08 1
38 0 10.1093/cid/ciaa200 1
38 0 10.1016/j.jmii.2020.03.004 1
38 0 10.4274/balkanmedj.galenos.2020.2020.3.89 1
38 0 10.1016/j.hrtlng.2020.08.015 1
38 0 10.1002/jmv.25857 1
38 0 10.1016/j.jiph.2020.04.004 1
38 0 10.1002/jmv.25927 1
38 0 10.1002/ijgo.13162 1
38 0 10.1701/3347.33190 1
38 0 10.1111/jth.14856 1
38 0 10.1016/j.tmaid.2020.101639 1
38 0 10.4097/kja.20116 1
38 0 10.1111/aogs.13862 1
38 0 10.1002/uog.22034 1
38 0 10.1016/j.tmaid.2020.101665 1
38 0 10.1111/ajo.13173 1
38 0 10.1016/j.rce.2020.04.006 1
38 0 10.1055/s-0040-1710050 1
38 0 10.1002/ijgo.13179 1
39 0 10.1001/jama.2020.3204 1
39 0 10.1016/S0140-6736(20)30566-3 1
39 0 10.1001/jama.2020.1585 1
39 0 10.1111/jth.14768 1
39 0 10.1002/jmv.25767 1
39 0 10.1007/s00134-020-06028-z 1
39 0 10.1016/S0140-6736(20)30183-5 1
39 0 10.1007/s11427-020-1643-8 1
39 0 10.1002/ajh.25847 1
39 0 10.1002/jmv.25770 1
39 0 10.1056/NEJMoa2002032 1
39 0 10.1515/cclm-2020-0188 1
39 0 10.1097/RLI.0000000000000672 1
39 0 10.1097/CM9.0000000000000775 1
39 0 10.1093/cid/ciaa248 1
39 0 10.1007/s12519-020-00354-4 1
39 0 10.1002/jmv.25783 1
39 0 10.1093/cid/ciaa272 1
39 0 10.1001/jamainternmed.2020.0994 1
39 0 10.1016/S2213-2600(20)30079-5 1
39 0 10.1111/all.14238 1
40 0 10.1016/j.phymed.2020.153242 1
41 0 10.1093/nar/gkx1121 1
41 0 10.1016/j.rmed.2016.12.005 1
41 0 10.1016/j.jcrc.2014.05.021 1
41 0 10.1186/1471-2466-11-38 1
41 0 10.7883/yoken.JJID.2014.577 1
41 0 10.1016/j.rmr.2017.12.003 1
41 0 10.1007/s00408-016-9973-1 1
41 0 10.1164/rccm.201802-0229LE 1
42 0 10.1016/j.eclinm.2020.100448 1
42 0 10.1136/bmj.m1996 1
42 0 10.1097/CCM.0000000000004457 1
42 0 10.1016/j.cmi.2020.07.024 1
42 0 10.1093/cid/ciaa632 1
42 0 10.2337/dc20-0576 1
42 0 10.1093/cid/ciaa243 1
42 0 10.1007/s40520-020-01676-z 1
42 0 10.15585/mmwr.mm6913e2 1
42 0 10.1007/s15010-020-01432-5 1
42 0 10.1097/CM9.0000000000000824 1
42 0 10.2807/1560-7917.ES.2021.26.48.2101030 1
42 0 10.3389/fmed.2020.00491 1
42 0 10.1164/rccm.202002-0445OC 1
42 0 10.1371/journal.pone.0238281 1
42 0 10.1056/NEJMc2010419 1
42 0 10.1056/NEJMoa2007016 1
42 0 10.1056/NEJMoa2002032 1
42 0 10.1001/jamainternmed.2020.3596 1
42 0 10.3906/sag-2006-164 1
42 0 10.1371/journal.pmed.1003321 1
42 0 10.12659/MSM.927212 1
42 0 10.1093/cid/ciaa539 1
42 0 10.1016/S0140-6736(20)30183-5 1
42 0 10.2478/rjim-2020-0013 1
42 0 10.2807/1560-7917.ES.2020.25.17.2000556 1
42 0 10.1097/CM9.0000000000000775 1
42 0 10.1016/j.jaci.2020.04.006 1
42 0 10.1007/s11596-020-2176-2 1
42 0 10.1093/cid/ciaa270 1
42 0 10.1016/j.annepidem.2020.08.005 1
42 0 10.1136/bmjopen-2020-040736 1
42 0 10.1101/2020.03.01.20029397 1
42 0 10.1002/jmv.26252 1
42 0 10.1093/eurheartj/ehaa408 1
42 0 10.1016/j.jinf.2020.04.020 1
42 0 10.1002/jmv.25783 1
42 0 10.1001/jama.2020.1585 1
42 0 10.1016/j.jinf.2020.03.019 1
42 0 10.1093/cid/ciaa272 1
42 0 10.1111/joim.13063 1
42 0 10.1002/jmv.26061 1
42 0 10.1002/jmv.26022 1
42 0 10.1016/S2213-2600(20)30079-5 1
42 0 10.1111/all.14238 1
42 0 10.1016/j.jcv.2020.104364 1
42 0 10.1016/j.jcv.2020.104392 1
42 0 10.1007/s00330-020-06854-1 1
42 0 10.1371/journal.pone.0236618 1
42 0 10.26355/eurrev_202003_20711 1
42 0 10.1016/S0140-6736(20)30566-3 1
43 0 10.1101/2020.05.13.20099614 1
43 0 10.3760/cma.j.cn121430-20200507-00364 1
43 0 10.1186/s13054-020-03044-9 1
43 0 10.18632/aging.103370 1
43 0 10.1186/s40560-020-00456-1 1
43 0 10.1093/cid/ciaa460 1
43 0 10.1097/cm9.0000000000001187 1
43 0 10.1101/2020.06.23.20134072 1
43 0 10.4269/ajtmh.20-0442 1
43 0 10.1093/eurheartj/ehaa408 1
43 0 10.1186/s40635-020-00362-8 1
43 0 10.1016/j.ijid.2020.03.070 1
43 0 10.1097/CCM.0000000000004473 1
43 0 10.12122/j.issn.1673-4254.2020.03.07 1
43 0 10.1097/CCM.0000000000004447 1
43 0 10.1016/S2213-2600(20)30079-5 1
43 0 10.1002/jmv.26183 1
43 0 10.1001/jama.2020.3204 1
43 0 10.1186/s13054-020-02939-x 1
43 0 10.3389/fmed.2020.00286 1
43 0 10.1631/jzus.B2000174 1
43 0 10.1016/j.medcli.2020.05.012 1
43 0 10.1016/j.eclinm.2020.100448 1
43 0 10.1186/s12879-021-06363-6 1
43 0 10.1016/j.jiph.2020.06.002 1
43 0 10.1186/s12879-020-05128-x 1
43 0 10.1007/s10157-021-02092-x 1
43 0 10.1002/oby.22918 1
43 0 10.1007/s42399-021-01031-x 1
43 0 10.1016/j.phrs.2020.104931 1
43 0 10.1001/jama.2020.5394 1
43 0 10.1007/s11239-020-02130-7 1
43 0 10.1111/liv.14565 1
43 0 10.1371/journal.pone.0240781 1
43 0 10.1164/rccm.202006-2405OC 1
43 0 10.3316/informit.446967733168154 1
43 0 10.1515/dx-2020-0046 1
43 0 10.1001/jama.2020.4326 1
43 0 10.1136/bmj.m1996 1
43 0 10.1097/CCM.0000000000004457 1
43 0 10.1056/NEJMoa2004500 1
43 0 10.1093/cid/ciaa632 1
43 0 10.3201/eid2608.201776 1
43 0 10.7326/M20-3905 1
43 0 10.15585/mmwr.mm6918e1 1
43 0 10.1056/NEJMc2010419 1
43 0 10.1136/bmj.m1966 1
43 0 10.2196/20548 1
43 0 10.1503/cmaj.200794 1
43 0 10.1016/j.metabol.2020.154262 1
43 0 10.1136/bmj.m1966 1
43 0 10.3389/fphys.2021.618929 1
43 0 10.1001/jama.2020.6775 1
43 0 10.1136/bmj.m1844 1
43 0 10.1080/23744235.2020.1774645 1
43 0 10.1002/JLB.3COVCRA0720-359R 1
43 0 10.1001/jamanetworkopen.2020.12270 1
43 0 10.4067/s0034-98872020001101577 1
44 0 10.7150/ijms.46614 1
44 0 10.1001/jama.2020.6775 1
44 0 10.1371/journal.pone.0235107 1
44 0 10.1007/s00134-020-05991-x 1
44 0 10.1002/jmv.26252 1
44 0 10.1080/07853890.2020.1791356 1
44 0 10.1016/j.eclinm.2020.100426 1
44 0 10.1093/eurheartj/ehaa408 1
44 0 10.4269/ajtmh.20-0483 1
44 0 10.1111/jgs.16533 1
44 0 10.1093/cid/ciaa538 1
44 0 10.1016/j.jinf.2020.04.012 1
44 0 10.1002/jmv.26061 1
44 0 10.1186/s12931-020-01435-8 1
44 0 10.1111/jth.14848 1
44 0 10.1186/s12931-020-01428-7 1
44 0 10.1016/j.amepre.2020.05.002 1
44 0 10.1016/S0140-6736(20)30566-3 1
44 0 10.3390/jcm9072282 1
44 0 10.7759/cureus.8712 1
44 0 10.1016/S2214-109X(20)30285-0 1
44 0 10.1515/cclm-2020-0459 1
44 0 10.1016/j.ijid.2020.05.021 1
44 0 10.3390/jcm9061733 1
44 0 10.1186/s12916-020-01665-z 1
44 0 10.1093/cid/ciaa243 1
44 0 10.1016/j.jhin.2020.07.013 1
44 0 10.1002/ctm2.40 1
44 0 10.1016/j.jaci.2020.05.003 1
44 0 10.1136/bmj.m1091 1
44 0 10.1016/j.ijantimicag.2020.106110 1
44 0 10.1016/j.clim.2020.108509 1
44 0 10.1097/CM9.0000000000000824 1
44 0 10.1183/13993003.00524-2020 1
44 0 10.18632/aging.103631 1
44 0 10.1016/j.eclinm.2020.100449 1
44 0 10.1016/j.ajic.2020.07.005 1
44 0 10.1002/jmv.26306 1
44 0 10.1002/jmv.26347 1
44 0 10.1111/acem.13992 1
44 0 10.1002/jmv.26003 1
44 0 10.1007/s10072-020-04541-z 1
44 0 10.1016/j.jinf.2020.06.027 1
44 0 10.1002/oby.22913 1
44 0 10.1016/j.jclinane.2020.110005 1
44 0 10.1002/jmv.25819 1
44 0 10.1038/s41375-019-0660-0 1
44 0 10.1016/j.chest.2020.05.575 1
44 0 10.1017/S0950268820001442 1
44 0 10.1155/2020/6159720 1
44 0 10.1172/jci.insight.139024 1
44 0 10.1093/cid/ciaa641 1
44 0 10.1007/s10875-020-00821-7 1
44 0 10.3389/fmed.2020.00374 1
44 0 10.1111/eci.13314 1
44 0 10.1007/s11606-020-05983-z 1
44 0 10.1186/s12939-020-01208-1 1
45 0 10.4269/ajtmh.19-0311 1
45 0 10.1186/s12879-020-04987-8 1
45 0 10.1186/s12905-020-01066-7 1
45 0 10.1007/s10995-012-1063-2 1
45 0 10.1177/0969733007071353 1
45 0 10.1111/j.1442-2018.2010.00520.x 1
45 0 10.1016/j.midw.2017.08.005 1
45 0 10.1177/1359105314537542 1
45 0 10.1002/ijgo.13045 1
45 0 10.1016/j.midw.2017.05.009 1
45 0 10.1016/j.wombi.2020.09.013 1
45 0 10.1590/0102-311X00178917 1
45 0 10.1007/s10995-011-0865-y 1
45 0 10.1016/j.ajic.2020.03.018 1
45 0 10.1080/07399332.2020.1833012 1
45 0 10.1002/ijgo.13046 1
45 0 10.1136/bmjopen-2020-039334 1
46 0 10.1016/j.psychres.2020.113297 1
46 0 10.1016/j.jad.2020.07.141 1
46 0 10.1016/j.jagp.2020.07.003 1
46 0 10.1017/S0033291720000999 1
46 0 10.1016/j.jad.2020.08.043 1
46 0 10.1186/s40249-020-00724-0 1
46 0 10.3389/fpsyg.2020.01540 1
46 0 10.1111/jocn.15454 1
46 0 10.3389/fpsyg.2020.02231 1
46 0 10.1136/jnnp-2020-323134 1
46 0 10.3389/fpsyg.2020.01684 1
46 0 10.1007/s12144-020-01109-0 1
46 0 10.1016/j.accpm.2020.08.006 1
46 0 10.1016/j.psychres.2020.113113 1
46 0 10.1016/j.comppsych.2020.152192 1
46 0 10.1038/s41398-020-01006-x 1
46 0 10.1080/15325024.2020.1761592 1
46 0 10.3390/ijerph17072381 1
46 0 10.1002/cpp.2477 1
46 0 10.1017/S0033291720003165 1
46 0 10.1016/j.bbi.2020.04.028 1
46 0 10.1371/journal.pone.0233874 1
46 0 10.1186/s12889-020-09489-5 1
46 0 10.1016/j.jad.2020.05.009 1
46 0 10.1016/j.bbi.2020.04.055 1
46 0 10.1016/j.bbi.2020.06.002 1
46 0 10.1016/j.psychres.2020.113476 1
46 0 10.1007/s00296-020-04626-0 1
46 0 10.3389/fpsyt.2020.00790 1
46 0 10.1001/jamanetworkopen.2020.10185 1
46 0 10.1098/rsos.200880 1
46 0 10.1101/2020.05.08.20031666 1
46 0 10.1177/0020764020935489 1
46 0 10.3390/ijerph17155514 1
46 0 10.1016/j.psychres.2020.112921 1
46 0 10.1016/j.psychres.2020.113172 1
46 0 10.1017/S0033291720001555 1
46 0 10.5664/jcsm.8524 1
46 0 10.1111/jonm.13146 1
46 0 10.3390/ijerph17155627 1
46 0 10.1093/qjmed/hcaa226 1
46 0 10.1111/nicc.12528 1
46 0 10.3389/fpsyt.2020.00824 1
46 0 10.1016/j.pharma.2020.09.002 1
46 0 10.1001/jamanetworkopen.2020.3976 1
46 0 10.1002/jts.22565 1
46 0 10.1002/oby.23016 1
46 0 10.3390/ijerph17113857 1
46 0 10.1016/j.bbi.2020.05.040 1
46 0 10.2147/PRBM.S259563 1
46 0 10.3390/jcm9061802 1
46 0 10.1016/j.psychres.2020.113131 1
46 0 10.1007/s10900-020-00853-5 1
46 0 10.1177/1039856220965045 1
46 0 10.1111/jep.13444 1
46 0 10.1017/dmp.2020.215 1
46 0 10.1002/hed.26292 1
46 0 10.1016/j.amjoto.2020.102694 1
46 0 10.3389/fpsyt.2020.00803 1
46 0 10.1192/bjo.2020.98 1
46 0 10.1016/j.jpsychires.2020.09.007 1
46 0 10.1037/tra0000914 1
46 0 10.1177/0020764020952116 1
46 0 10.1016/j.bbi.2020.04.069 1
46 0 10.1007/s11126-020-09744-3 1
47 0 10.1001/jamacardio.2020.1017 1
47 0 10.1002/jmv.25783 1
47 0 10.1016/S0140-6736(20)30566-3 1
47 0 10.1136/bmj.m1295 1
47 0 10.1164/rccm.202003-0543OC 1
47 0 10.1093/cvr/cvaa078 1
47 0 10.1056/NEJMoa2002032 1
47 0 10.1111/all.14238 1
47 0 10.1016/j.jinf.2020.03.019 1
47 0 10.1001/jamacardio.2020.0950 1
47 0 10.1016/S0140-6736(20)30211-7 1
47 0 10.1016/S2213-2600(20)30079-5 1
47 0 10.1515/cclm-2020-0459 1
47 0 10.26355/eurrev_202003_20711 1
47 0 10.1002/jmv.25809 1
47 0 10.1002/jmv.25891 1
47 0 10.1016/j.ijcard.2020.03.087 1
47 0 10.3349/ymj.2020.61.5.431 1
47 0 10.1016/j.jcv.2020.104366 1
48 0 10.1001/jamainternmed.2020.0994 1
48 0 10.1161/JAHA.119.014738 1
48 0 10.1001/jama.2020.5394 1
48 0 10.1016/S0140-6736(20)30183-5 1
48 0 10.1002/jmv.25783 1
48 0 10.1001/jama.2020.4326 1
48 0 10.1101/2020.04.23.20076737 1
48 0 10.1056/NEJMoa2004500 1
48 0 10.1016/j.jinf.2020.03.004 1
48 0 10.1016/S0140-6736(20)30211-7 1
48 0 10.1056/NEJMoa2002032 1
48 0 10.1093/cid/ciaa270 1
48 0 10.1093/qjmed/hcaa089 1
48 0 10.1161/JAHA.119.014916 1
48 0 10.1001/jama.2020.1585 1
48 0 10.1186/s13054-020-02895-6 1
48 0 10.2139/ssrn.3551352 1
48 0 10.1136/bmj.m606 1
48 0 10.1016/j.jcv.2020.104364 1
48 0 10.1007/s11596-020-2172-6 1
48 0 10.1016/S0140-6736(20)30566-3 1
48 0 10.1016/j.tmaid.2020.101606 1
48 0 10.1016/S2213-2600(20)30079-5 1
48 0 10.1183/13993003.00562-2020 1
48 0 10.1136/bmj.m1966 1
48 0 10.15585/mmwr.mm6912e2 1
48 0 10.1016/j.cmi.2020.10.017 1
48 0 10.1016/S0140-6736(20)32008-0 1
49 0 10.1186/1471-2350-4-9 1
49 0 10.1373/clinchem.2004.035436 1
49 0 10.1016/j.bbrc.2004.08.208 1
49 0 10.1086/421523 1
49 0 10.1186/1471-2334-5-26 1
49 0 10.1016/j.bbrc.2005.02.101 1
49 0 10.1086/429631 1
49 0 10.1002/ajmg.a.30779 1
49 0 10.1111/j.1399-0039.2005.00476.x 1
49 0 10.1086/491479 1
49 0 10.1038/ng1698 1
49 0 10.1186/1471-2334-6-82 1
49 0 10.1186/1471-2334-6-106 1
49 0 10.1086/503843 1
49 0 10.1128/JCM.44.2.359-365.2006 1
49 0 10.1086/518892 1
49 0 10.1186/1471-2334-7-50 1
49 0 10.1128/CVI.00100-07 1
49 0 10.1136/jmg.2008.058966 1
49 0 10.1186/1471-2334-8-27 1
49 0 10.1016/j.humimm.2009.05.006 1
49 0 10.1186/1471-2334-9-51 1
49 0 10.1016/j.humimm.2010.03.006 1
49 0 10.1086/652799 1
50 0 10.1016/j.ajp.2020.101989 1
50 0 10.1016/j.ajp.2020.102073 1
50 0 10.1016/j.ajp.2020.102104 1
50 0 10.1002/gps.1432 1
50 0 10.1002/gps.2056 1
50 0 10.1016/S1726-4901(09)70146-7 1
50 0 10.1080/07481187.2020.1748481 1
50 0 10.1016/j.jad.2010.09.029 1
50 0 10.1016/j.ajp.2020.102509 1
51 0 10.5858/arpa.2020-0186-SA 1
51 0 10.1111/ajt.15929 1
51 0 10.1111/ajt.15919 1
51 0 10.1111/tid.13286 1
51 0 10.1111/ajt.15897 1
51 0 10.1016/j.eururo.2020.03.036 1
51 0 10.1016/j.eururo.2020.03.030 1
51 0 10.1111/ajt.15903 1
51 0 10.1111/ajt.15902 1
51 0 10.1111/ajt.15891 1
51 0 10.1111/ajt.15874 1
51 0 10.1111/ajt.15929 1
51 0 10.1111/ajt.15928 1
51 0 10.1002/hep.31257 1
51 0 10.1111/ajt.15909 1
51 0 10.1111/ajt.15901 1
51 0 10.1016/S2468-1253(20)30116-3 1
51 0 10.1002/lt.25756 1
52 0 10.1001/jamanetworkopen.2020.3976 1
52 0 10.1016/j.genhosppsych.2020.03.011 1
52 0 10.1136/jnnp-2020-323134 1
52 0 10.1017/S0950268820001107 1
52 0 10.1016/j.psychres.2020.112936 1
52 0 10.1016/j.sleep.2020.05.023 1
52 0 10.12122/j.issn.1673-4254.2020.03.09 1
52 0 10.1016/j.bbi.2020.06.002 1
52 0 10.1093/occmed/kqaa074 1
52 0 10.1016/j.psychres.2020.112954 1
52 0 10.3760/cma.j.cn121094-20200219-00063 1
52 0 10.1159/000507639 1
52 0 10.3389/fpsyt.2020.00306 1
52 0 10.1016/j.jad.2020.05.081 1
52 0 10.1016/j.psychres.2020.113005 1
52 0 10.1097/MD.0000000000020769 1
52 0 10.3389/fpsyt.2020.00386 1
52 0 10.4103/psychiatry.IndianJPsychiatry_333_20 1
52 0 10.1177/0253717620934037 1
52 0 10.1177/0253717620933992 1
52 0 10.7759/cureus.8974 1
52 0 10.21649/akemu.v26iSpecial%20Issue.3625 1
52 0 10.1016/j.psychres.2020.113130 1
52 0 10.7326/M20-1083 1
52 0 10.1590/0034-7167-2020-0434 1
52 0 10.3389/fpsyg.2020.01684 1
52 0 10.1111/dth.13855 1
52 0 10.1016/j.bbi.2020.05.010 1
52 0 10.1002/brb3.1730 1
52 0 10.1016/j.ajp.2020.102260 1
52 0 10.1371/journal.pone.0237301 1
52 0 10.1016/j.bbi.2020.04.049 1
53 0 10.1097/PCC.0000000000002474 1
53 0 10.1093/pubmed/fdaa049 1
53 0 10.2196/19276 1
53 0 10.1111/eci.13294 1
53 0 10.3145/EPI 1
53 0 10.46405/ejms.v2i1.41 1
53 0 10.1177/1090198120931420 1
53 0 10.1200/GO.20.00118 1
53 0 10.3145/epi.2020.may.08 1
53 0 10.1111/jgs.16508 1
53 0 10.1186/s12998-020-00314-9 1
53 0 10.2196/19458 1
53 0 10.36713/epra4518  1
53 0 10.29392/001c.12836 1
53 0 10.1007/s10900-020-00841-9 1
53 0 10.1177/0268580920914755 1
53 0 10.17583/rimcis.2020.5386 1
53 0 10.1002/ijgo.13246 1
53 0 10.2196/19556 1
53 0 10.7759/cureus.7255 1
54 0 10.1016/j.ijantimicag.2020.106219 1
54 0 10.1136/bmj.m1844 1
54 0 10.1001/jama.2020.12443 1
54 0 10.1007/s11427-020-1827-8 1
54 0 10.20944/preprints202005.0057.v1 1
54 0 10.1016/j.medj.2020.06.001 1
54 0 10.1101/2020.05.12.20099028 1
55 0 10.1002/mds.28176 1
55 0 10.3390/nu12051359 1
55 0 10.1007/s40520-020-01570-8 1
55 0 10.1016/j.dsx.2020.04.050 1
56 0 10.1055/s-0040-1710050 1
56 0 10.2106/JBJS.20.00617 1
56 0 10.1007/s12630-020-01630-7 1
56 0 10.1001/jama.2020.4621 1
56 0 10.1007/s00540-020-02796-6 1
56 0 10.1111/1471-0528.16278 1
56 0 10.1186/s13037-020-00243-9 1
56 0 10.1097/SLA.0000000000003961 1
56 0 10.1111/aogs.13862 1
56 0 10.1053/j.jvca.2020.03.021 1
56 0 10.4097/kja.20116 1
56 0 10.3201/eid2606.200287 1
56 0 10.1002/jmv.25927 1
56 0 10.20344/amp.13883 1
56 0 10.2139/ssrn.3576810 1
56 0 10.1016/S0140-6736(20)31182-X 1
56 0 10.31480/2330-4871/118 1
56 0 10.1016/j.bja.2020.04.066 1
56 0 10.1093/cid/ciaa200 1
56 0 10.1016/j.bja.2020.02.016 1
56 0 10.1001/jama.2020.4861 1
56 0 10.1183/13993003.00697-2020 1
56 0 10.1053/j.jvca.2020.02.039 1
56 0 10.1016/j.bja.2020.03.007 1
56 0 10.22038/abjs.2020.47882.2368 1
56 0 10.1001/jamasurg.2020.2713 1
57 0 10.1093/cid/ciaa415 1
57 0 10.1111/joim.13063 1
58 0 10.1515/dx-2020-0046 1
58 0 10.1016/j.ijid.2020.06.012 1
58 0 10.1111/odi.13465 1
58 0 10.1111/ene.14273 1
58 0 10.1016/S1473-3099(20)30297-8 1
58 0 10.1503/cmaj.200869 1
58 0 10.1111/dth.13797 1
58 0 10.1177/1945892420930954 1
58 0 10.1051/mbcb/2020011 1
58 0 10.1002/jmv.25995 1
58 0 10.1002/hed.26288 1
58 0 10.23750/abm.v91i2.9524 1
58 0 10.1093/cid/ciaa330 1
58 0 10.1016/j.cmi.2020.04.040 1
58 0 10.1016/j.medmal.2020.04.006 1
58 0 10.1001/jamanetworkopen.2020.9673 1
58 0 10.1007/s11739-020-02379-z 1
58 0 10.1007/s00405-020-05965-1 1
58 0 10.1017/cem.2020.420 1
58 0 10.3346/jkms.2020.35.e174 1
58 0 10.1080/23744235.2020.1772992 1
58 0 10.1016/j.bbi.2020.05.037 1
58 0 10.1001/jamaneurol.2020.1127 1
58 0 10.1111/odi.13382 1
58 0 10.1007/s00405-020-06102-8 1
58 0 10.1001/jamaoto.2020.1155 1
58 0 10.1016/j.dsx.2020.04.047 1
58 0 10.1016/j.jinf.2020.05.035 1
58 0 10.1002/alr.22610 1
58 0 10.1016/j.cmi.2020.05.026 1
58 0 10.1016/j.ijid.2020.05.020 1
58 0 10.1212/WNL.0000000000009937 1
58 0 10.1177/0194599820931820 1
58 0 10.20452/pamw.15414 1
58 0 10.4317/medoral.24044 1
58 0 10.1177/0194599820929185 1
58 0 10.1111/jocs.14583 1
58 0 10.1002/hed.26269 1
58 0 10.1002/alr.22592 1
58 0 10.1007/s15010-020-01442-3 1
59 0 10.1093/cid/ciaa601 1
59 0 10.1016/j.jinf.2020.03.039 1
59 0 10.1016/j.jinf.2020.03.039 1
59 0 10.1097/CM9.0000000000000774 1
59 0 10.1186/s13054-020-02964-w 1
59 0 10.1038/s41392-020-0158-2 1
59 0 10.1101/2020.05.11.20097709 1
59 0 10.3760/cma.j.issn.1674-2397.2020.01.005 1
59 0 10.1016/S2213-2600(20)30079-5 1
59 0 10.5694/mja2.50577 1
59 0 10.1038/s41392-020-0127-9 1
59 0 10.1038/s41392-020-0127-9 1
59 0 10.1378/chest.129.6.1441 1
59 0 10.1016/j.jaccas.2020.04.025 1
59 0 10.1016/j.clim.2020.108413 1
59 0 10.1097/CM9.0000000000000744 1
59 0 10.3785/j.issn.1008-9292.2020.03.10 1
60 0 10.1002/alr.22592 1
60 0 10.1111/ene.14273 1
60 0 10.1016/S1473-3099(20)30297-8 1
60 0 10.1093/cid/ciaa330 1
60 0 10.1016/j.medmal.2020.04.006 1
60 0 10.1007/s00405-020-05965-1 1
60 0 10.1001/jamaneurol.2020.1127 1
60 0 10.1038/s41591-020-0916-2 1
60 0 10.1002/alr.22587 1
60 0 10.1001/jama.2020.6771 1
60 0 10.2807/1560-7917.ES.2020.25.16.2000508 1
60 0 10.1002/hed.26204 1
60 0 10.1007/s00405-020-05999-5 1
60 0 10.1002/alr.22579 1
61 0 10.21037/atm-20-5602 1
61 0 10.18632/aging.103795 1
61 0 10.1101/2020.11.11.20228692 1
61 0 10.1016/j.jinf.2020.03.024 1
61 0 10.1002/jcla.23641 1
61 0 10.1002/jmv.25905 1
61 0 10.1097/CM9.0000000000000774 1
61 0 10.1002/jmv.25855 1
61 0 10.1002/jmv.26199 1
61 0 10.1001/jamanetworkopen.2020.9759 1
61 0 10.1002/jmv.25855 1
61 0 10.1016/j.jinf.2020.03.001 1
61 0 10.1093/cid/ciaa1494 1
61 0 10.1007/s11606-020-05822-1 1
62 0 10.1002/ptr.1733 1
62 0 10.1001/archinte.164.11.1237 1
62 0 10.1111/j.1365-2710.2003.00542.x 1
62 0 10.1055/s-0031-1300080 1
62 0 10.7326/0003-4819-137-12-200212170-00006 1
62 0 10.1089/10755530050120691 1
62 0 10.1016/s0002-9343(98)00406-9 1
62 0 10.1001/archfami.7.6.541 1
62 0 10.1055/s-2007-964895 1
62 0 10.1016/S1081-1206(10)60603-5 1
62 0 10.1155/2012/841315 1
62 0 10.1155/2012/417267 1
62 0 10.1056/NEJMoa044441 1
62 0 10.1086/386324 1
62 0 10.1111/j.1365-2710.2010.01212.x 1
62 0 10.7326/0003-4819-137-12-200212170-00006 1
62 0 10.1016/S0965-2299(97)80089-1 1
63 0 10.1016/j.hjdsi.2020.100449 1
63 0 10.1186/s13690-021-00647-8 1
63 0 10.3390/healthcare8020145 1
63 0 10.1017/ice.2020.341 1
63 0 10.1016/j.acap.2020.05.018 1
63 0 10.5811/westjem.2020.5.47769 1
63 0 10.2196/20040 1
63 0 10.1017/dmp.2020.104 1
63 0 10.3346/jkms.2020.35.e154 1
63 0 10.7861/clinmed.2020-0160 1
63 0 10.3346/jkms.2020.35.e123 1
63 0 10.1016/j.jmii.2020.05.011 1
63 0 10.3346/jkms.2020.35.e246 1
63 0 10.1186/s12199-020-00874-5 1
63 0 10.1093/ofid/ofaa306 1
63 0 10.1002/emp2.12134 1
63 0 10.1177/0033354920946785 1
63 0 10.35371/aoem.2020.32.e22 1
63 0 10.1016/j.mayocp.2020.04.030 1
63 0 10.1016/j.ajic.2020.04.010 1
63 0 10.2807/1560-7917.ES.2020.25.12.2000217 1
64 0 10.1016/S0140-6736(20)30566-3 1
64 0 10.1111/jth.14859 1
64 0 10.1183/13993003.00524-2020 1
64 0 10.1093/cid/ciaa243 1
64 0 10.1016/j.phrs.2020.104931 1
64 0 10.1101/2020.04.19.20062117 1
64 0 10.1136/bmj.m1091 1
64 0 10.1101/2020.03.19.20033175 1
64 0 10.20452/pamw.15312 1
65 0 10.1056/NEJMc2010419 1
65 0 10.1016/S0140-6736(20)30183-5 1
65 0 10.1002/jmv.25783 1
65 0 10.1016/j.ijid.2020.03.070 1
65 0 10.1016/j.ijid.2020.03.040 1
65 0 10.1016/S0140-6736(20)30566-3 1
65 0 10.15585/mmwr.mm6913e2 1
65 0 10.1136/bmj.m1091 1
65 0 10.1056/NEJMoa2002032 1
65 0 10.1016/j.jaci.2020.04.006 1
65 0 10.1111/all.14238 1
65 0 10.1164/rccm.202002-0445OC 1
65 0 10.3346/jkms.2020.35.e142 1
65 0 10.1097/CM9.0000000000000775 1
65 0 10.1186/s13054-020-2833-7 1
65 0 10.1016/S2213-2600(20)30079-5 1
66 0 10.1016/j.bbi.2020.05.040 1
66 0 10.3390/ijerph17051729 1
66 0 10.1371/journal.pone.0233410 1
66 0 10.1080/13548506.2020.1746817 1
66 0 10.1016/j.jpainsymman.2020.04.008 1
66 0 10.3390/ijerph17072381 1
66 0 10.12122/j.issn.1673-4254.2020.03.09 1
66 0 10.1016/j.bbi.2020.04.028 1
66 0 10.1016/j.psychres.2020.113100 1
66 0 10.3760/cma.j.cn121094-20200219-00063 1
66 0 10.1111/bjhp.12423 1
66 0 10.1007/s00787-020-01541-4 1
66 0 10.12659/MSM.924171 1
66 0 10.1590/0102-311X00054020 1
66 0 10.12659/MSM.924609 1
66 0 10.12659/MSM.923767 1
66 0 10.1016/j.bbi.2020.03.028 1
66 0 10.1016/j.psychres.2020.112934 1
66 0 10.1001/jamanetworkopen.2020.3976 1
66 0 10.1111/jonm.13014 1
66 0 10.3390/ijerph17062032 1
66 0 10.1017/S0950268820001107 1
66 0 10.12659/MSM.923549 1
66 0 10.3810/pgm.2010.07.2173 1
66 0 10.1007/s11469-020-00277-1 1
67 0 10.15585/mmwr.mm6917e1 1
67 0 10.1001/jama.2020.6887 1
67 0 10.1093/ofid/ofaa477 1
67 0 10.1097/QAD.0000000000002793 1
67 0 10.1016/S0140-6736(20)32007-9 1
67 0 10.15585/mmwr.mm6927a3 1
67 0 10.1017/ice.2020.301 1
67 0 10.1017/ice.2020.439 1
67 0 10.7326/M20-3799 1
67 0 10.1097/QAD.0000000000002677 1
67 0 10.1016/j.jadohealth.2020.07.013 1
67 0 10.1093/cid/ciaa1668 1
67 0 10.1093/cid/ciaa1340 1
67 0 10.1093/cid/ciaa1071 1
67 0 10.15585/mmwr.mm6917e2 1
67 0 10.1353/hpu.2020.0120 1
67 0 10.5811/westjem.2020.7.48725 1
67 0 10.1177/0033354920936227 1
67 0 10.1093/jamia/ocaa284 1
67 0 10.9778/cmajo.20200287 1
67 0 10.9778/cmajo.20200213 1
67 0 10.1007/s10096-020-04127-9 1
67 0 10.1016/S2468-2667(21)00001-3 1
67 0 10.1016/j.ijid.2021.02.026 1
67 0 10.1016/j.ijid.2020.12.031 1
67 0 10.1016/j.cmi.2020.08.002 1
67 0 10.1177/0020764020950770 1
68 0 10.1111/tan.14560 1
68 0 10.1002/jcla.24400 1
68 0 10.3389/fmicb.2022.799713 1
69 0 10.1177/2192568220928032 1
69 0 10.1371/journal.pone.0246454 1
69 0 10.3760/cma.j.cn121094-20200219-00063 1
69 0 10.1371/journal.pone.0246454 1
69 0 10.1111/pcn.13108 1
69 0 10.1001/jamanetworkopen.2020.3976 1
69 0 10.3389/fpsyt.2020.00686 1
69 0 10.1371/journal.pone.0246454 1
69 0 10.1097/MD.0000000000021413 1
69 0 10.1371/journal.pone.0246454 1
69 0 10.1016/j.psychres.2020.112936 1
69 0 10.1002/brb3.1730 1
69 0 10.1016/j.ijans.2020.100233 1
69 0 10.12104/j.issn.1674-4748.2020.06.053 1
69 0 10.1136/gpsych-2020-100259 1
69 0 10.1001/jamanetworkopen.2020.10185 1
69 0 10.1101/2020.06.03.20119867 1
69 0 10.1016/j.genhosppsych.2020.06.007 1
69 0 10.1016/j.bbi.2020.06.002 1
69 0 10.1371/journal.pone.0246454 1
69 0 10.1371/journal.pone.0246454 1
69 0 10.1371/journal.pone.0246454 1
69 0 10.1097/MD.0000000000020965 1
69 0 10.1371/journal.pone.0246454 1
69 0 10.1016/j.jad.2020.05.081 1
69 0 10.1016/j.bbi.2020.05.010 1
69 0 10.1159/000507639 1
69 0 10.1016/j.psychres.2020.112954 1
69 0 10.3389/fpsyt.2020.00386 1
69 0 10.1016/j.genhosppsych.2020.03.011 1
69 0 10.1016/j.psychres.2020.113130 1
69 0 10.2196/21366 1
69 0 10.1371/journal.pone.0246454 1
69 0 10.4103/psychiatry.IndianJPsychiatry_333_20 1
69 0 10.1007/s00127-020-01954-1 1
69 0 10.1016/j.psychres.2020.113005 1
69 0 10.1097/JOM.0000000000001907 1
69 0 10.1017/ice.2020.280 1
69 0 10.23750/abm.v91i2.9619 1
69 0 10.1371/journal.pone.0246454 1
70 0 10.1055/s-0040-1710050 1
70 0 10.15585/mmwr.mm6909e1 1
70 0 10.3201/EID2606.200412 1
70 0 10.1016/S0140-6736(20)30154-9 1
70 0 10.1016/S0140-6736(20)30360-3 1
70 0 10.1002/jmv.25825 1
70 0 10.3389/fped.2020.00104 1
70 0 10.1001/jamainternmed.2020.2020 1
70 0 10.1017/ice.2020.58 1
70 0 10.1038/s41467-020-16670-2 1
70 0 10.1016/S2666-5247(20)30003-3 1
70 0 10.7326/M20-1176 1
70 0 10.7326/M20-1176 1
70 0 10.1101/2020.02.26.20028225 1
70 0 10.1001/jama.2020.4621 1
70 0 10.1007/s12072-020-10073-7 1
70 0 10.1002/ped4.12186 1
70 0 10.1016/j.scitotenv.2020.138401 1
70 0 10.3760/cma.j.cn112338-20200301-00223 1
70 0 10.1093/cid/ciaa447 1
70 0 10.15585/MMWR.MM6915E5 1
70 0 10.1016/j.jinf.2020.03.006 1
70 0 10.1016/j.jinf.2020.03.006 1
70 0 10.1016/S1473-3099(20)30147-X 1
70 0 10.1056/NEJMc2007605 1
70 0 10.1002/jmv.25941 1
70 0 10.1093/infdis/jiaa206 1
70 0 10.24171/j.phrp.2020.11.1.03 1
70 0 10.1016/S2352-4642(20)30091-2 1
70 0 10.4097/kja.20116 1
70 0 10.4097/kja.20116 1
70 0 10.3201/eid2607.200718 1
70 0 10.1001/jamanetworkopen.2020.8292 1
70 0 10.1093/cid/ciaa352 1
70 0 10.1093/cid/ciaa450 1
70 0 10.1002/jmv.25905 1
70 0 10.1101/2020.04.16.20067728 1
70 0 10.1007/s11684-020-0772-y 1
71 0 10.1186/s13613-020-00749-6 1
71 0 10.3389/fmed.2020.00491 1
71 0 10.1101/2020.04.22.20076190 1
71 0 10.1016/S0140-6736(20)30566-3 1
71 0 10.3389/fmed.2020.576457 1
71 0 10.1631/jzus.B2000174 1
71 0 10.1513/AnnalsATS.202003-225OC 1
71 0 10.1093/cid/ciaa243 1
71 0 10.1056/NEJMoa2002032 1
71 0 10.1016/j.eclinm.2020.100331 1
71 0 10.1016/S2213-2600(20)30079-5 1
71 0 10.1016/S0140-6736(20)30183-5 1
71 0 10.1164/rccm.202003-0736LE 1
71 0 10.1001/jama.2020.5394 1
71 0 10.1002/oby.22831 1
71 0 10.1001/jama.2020.4326 1
71 0 10.1136/bmj.m1996 1
71 0 10.1097/CCM.0000000000004457 1
71 0 10.1056/NEJMoa2004500 1
71 0 10.1001/jama.2020.7202 1
71 0 10.1001/jama.2020.6775 1
71 0 10.1164/rccm.202004-1163LE 1
71 0 10.1136/bmjopen-2020-040736 1
72 0 10.1111/all.14238 1
72 0 10.1093/cid/ciaa272 1
72 0 10.1016/S2213-2600(20)30079-5 1
72 0 10.1001/jamainternmed.2020.0994 1
72 0 10.1016/j.tmaid.2020.101606 1
72 0 10.1097/RLI.0000000000000672 1
72 0 10.1007/s00259-020-04735-9 1
72 0 10.1016/j.jinf.2020.02.016 1
72 0 10.1016/j.jinf.2020.02.016 1
72 0 10.1016/j.eclinm.2020.100331 1
72 0 10.1164/rccm.202002-0445OC 1
72 0 10.1371/journal.pone.0230548 1
72 0 10.1093/cid/ciaa270 1
72 0 10.1159/000507471 1
72 0 10.1016/j.jcv.2020.104364 1
72 0 10.1001/jamacardio.2020.1017 1
72 0 10.1001/jama.2020.6775 1
72 0 10.15585/mmwr.mm6913e2 1
72 0 10.1001/jama.2020.3204 1
72 0 10.4081/monaldi.2020.1294 1
72 0 10.1001/jama.2020.5394 1
72 0 10.1164/rccm.202003-0543OC 1
72 0 10.24171/j.phrp.2020.11.2.05 1
72 0 10.1016/S0140-6736(20)30211-7 1
72 0 10.1001/jama.2020.1585 1
72 0 10.3346/jkms.2020.35.e132 1
72 0 10.1016/S0140-6736(20)30183-5 1
72 0 10.1097/CM9.0000000000000744 1
72 0 10.1007/s11427-020-1643-8 1
72 0 10.1056/NEJMoa2002032 1
72 0 10.1513/AnnalsATS.202003-225OC 1
72 0 10.1183/13993003.00547-2020 1
72 0 10.1136/bmj.m606 1
72 0 10.1093/gerona/glaa089 1
72 0 10.1183/13993003.00562-2020 1
72 0 10.1016/j.jinf.2020.03.019 1
72 0 10.1093/cid/ciaa243 1
72 0 10.1016/S0140-6736(20)30566-3 1
72 0 10.1007/s00330-020-06854-1 1
72 0 10.1136/bmj.m1091 1
73 0 10.1161/ATVBAHA.120.315551 1
73 0 10.1186/s41231-021-00082-5 1
73 0 10.3389/fmed.2020.584870 1
73 0 10.1136/bmjopen-2020-044421 1
73 0 10.1093/ehjcvp/pvaa128 1
73 0 10.1161/JAHA.120.018475 1
73 0 10.1001/jamainternmed.2020.3539 1
73 0 10.1186/s13054-020-03154-4 1
73 0 10.1016/j.cmet.2020.06.015 1
73 0 10.1016/j.amjms.2021.03.001 1
73 0 10.1016/j.eclinm.2021.100765 1
73 0 10.1038/s41467-021-21553-1 1
73 0 10.1007/s00125-020-05351-w 1
73 0 10.3390/jpm11020116 1
73 0 10.1016/j.jacl.2020.12.008 1
73 0 10.1001/jamanetworkopen.2020.29058 1
73 0 10.1007/s12020-020-02550-8 1
73 0 10.36469/jheor.2020.17331 1
73 0 10.3390/pathogens9090759 1
73 0 10.1016/j.amjcard.2020.09.012 1
73 0 10.1016/j.jamda.2020.06.018 1
74 0 10.3390/nu12123660 1
74 0 10.3390/ijerph17238961 1
74 0 10.1002/smi.3016 1
74 0 10.1080/07448481.2020.1842424 1
74 0 10.1016/j.psychres.2020.113559 1
74 0 10.1016/j.jpsychores.2020.110219 1
74 0 10.3389/fpsyt.2020.00803 1
74 0 10.1002/gch2.202000038 1
74 0 10.1080/00981389.2020.1859044 1
74 0 10.3390/ijerph17207433 1
74 0 10.3390/clockssleep2030025 1
74 0 10.1016/j.jad.2020.08.042 1
74 0 10.1111/nuf.12521 1
74 0 10.1016/j.jad.2020.11.032 1
74 0 10.3390/ijerph17238853 1
74 0 10.1093/heapro/daaa147 1
75 0 10.1101/2020.05.08.20031666 1
75 0 10.1007/s10072-020-04547-7 1
75 0 10.1016/j.bbi.2020.05.037 1
75 0 10.1016/j.bbi.2020.05.037 1
75 0 10.1016/j.bbi.2020.05.038 1
75 0 10.1101/2020.03.24.20043075 1
75 0 10.1080/13651501.2020.1791345 1
75 0 10.1111/pcn.13106 1
75 0 10.1016/j.bbi.2020.04.031 1
75 0 10.1016/j.sleep.2020.06.011 1
75 0 10.1016/j.bbi.2020.07.016 1
75 0 10.1016/j.jad.2020.06.033 1
75 0 10.1111/jocn.15425 1
75 0 10.11817/j.issn.1672-7347.2020.200347 1
75 0 10.1089/tmj.2020.0125 1
76 0 10.1016/j.clnu.2020.05.051 1
76 0 10.1038/s41430-020-0642-3 1
76 0 10.1002/jmv.25796 1
76 0 10.1038/s41430-020-0659-7 1
77 0 10.5812/ircmj.26340 1
77 0 10.1007/s40520-015-0518-x 1
77 0 10.1152/JAPPLPHYSIOL.00539.2016 1
77 0 10.1186/s12966-019-0855-9 1
77 0 10.3399/bjgp15X687361 1
77 0 10.1123/JAPA.2012-0132 1
77 0 10.1265/ehpm.11.250 1
77 0 10.1159/000442087 1
77 0 10.1111/j.1532-5415.2008.01931.x 1
77 0 10.1589/jpts.28.3183 1
77 0 10.1093/gerona/59.2.M154 1
77 0 10.3275/7230 1
77 0 10.1155/2019/7516939 1
77 0 10.3390/jcm7120480 1
77 0 10.1007/BF03325155 1
78 0 10.1172/JCI137244 1
78 0 10.1136/bmj.m1091 1
78 0 10.1016/j.chest.2020.04.010 1
78 0 10.1111/cei.13450 1
78 0 10.1016/j.jcv.2020.104370 1
78 0 10.1016/j.ejrad.2020.108941 1
78 0 10.7150/thno.45985 1
78 0 10.14309/ajg.0000000000000620 1
78 0 10.1111/jgs.16533 1
78 0 10.1016/j.jinf.2020.02.018 1
78 0 10.1016/S1473-3099(20)30196-1 1
78 0 10.1111/bjh.16659 1
78 0 10.1016/j.jinf.2020.03.019 1
78 0 10.1016/j.jinf.2020.02.017 1
78 0 10.1002/jmv.25989 1
78 0 10.1186/s12931-020-01338-8 1
78 0 10.1186/s12931-020-01338-8 1
79 0 10.1080/15459624.2015.1018518 1
79 0 10.1177/155892501000500405 1
79 0 10.1093/annhyg/mer054 1
79 0 10.1093/annhyg/mep070 1
79 0 10.1371/journal.pone.0018585 1
79 0 10.1016/j.ajic.2013.09.014 1
79 0 10.1016/j.ajic.2018.02.018 1
79 0 10.1016/j.ajic.2010.07.004 1
79 0 10.1080/15459624.2011.585927 1
79 0 10.1371/journal.pone.0242474 1
79 0 10.1371/journal.pone.0242474 1
79 0 10.1111/j.1365-2672.2010.04881.x 1
79 0 10.1128/AEM.00799-09 1
79 0 10.1128/AEM.01653-08 1
79 0 10.1080/15459624.2010.484794 1
79 0 10.1371/journal.pone.0186217 1
79 0 10.1111/ina.12475 1
80 0 10.1002/ijgo.13182 1
80 0 10.1093/cid/ciaa352 1
80 0 10.1002/uog.22088 1
80 0 10.1007/s12250-020-00227-0 1
81 0 10.1172/JCI137244 1
81 0 10.1111/all.14309 1
81 0 10.1002/jmv.25770 1
81 0 10.1093/cid/ciaa272 1
81 0 10.1093/cid/ciaa248 1
81 0 10.1001/jamainternmed.2020.0994 1
81 0 10.3760/cma.j.issn.1001-0939.2020.0005 1
81 0 10.1016/j.ijid.2020.03.070 1
81 0 10.1016/j.ijid.2020.04.041 1
81 0 10.1093/cid/ciaa449 1
81 0 10.1016/j.rmed.2020.105981 1
81 0 10.1161/CIRCULATIONAHA.120.050360 1
81 0 10.1016/j.virusres.2020.198171 1
81 0 10.1016/j.jaci.2020.07.009 1
81 0 10.1136/bmj.m1091 1
81 0 10.1016/j.jinf.2020.03.019 1
81 0 10.1016/S0140-6736(20)30566-3 1
81 0 10.1111/jgs.16533 1
81 0 10.1016/j.metabol.2020.154243 1
81 0 10.1016/j.cyto.2020.155190 1
81 0 10.1016/j.molimm.2020.10.006 1
81 0 10.1016/j.medcli.2020.06.055 1
81 0 10.1002/ctm2.40 1
81 0 10.1007/s00134-020-06114-2 1
81 0 10.1016/j.yjmcc.2020.08.008 1
81 0 10.1172/jci.insight.139024 1
81 0 10.2147/RMHP.S263095 1
81 0 10.2147/DMSO.S268992 1
81 0 10.1017/S0950268820002010 1
82 0 10.1002/ppul.24718 1
82 0 10.1002/ppul.24718 1
82 0 10.1016/S1473-3099(21)00460-6 1
82 0 10.1002/ppul.24762 1
82 0 10.1002/jmv.25835 1
82 0 10.3389/fpubh.2020.00255 1
82 0 10.1136/gutjnl-2020-321013 1
82 0 10.1007/s12519-020-00354-4 1
82 0 10.1038/s41591-020-0817-4 1
82 0 10.1001/jamapediatrics.2020.1346 1
82 0 10.7499/j.issn.1008-8830.2003202 1
82 0 10.3760/cma.j.cn112147-20200224-00168 1
82 0 10.1016/j.jinf.2020.03.049 1
82 0 10.1111/apa.15451 1
82 0 10.3390/jcm9072227 1
82 0 10.1002/jmv.26180 1
82 0 10.1136/archdischild-2020-319366 1
82 0 10.1007/s00431-020-03683-8 1
83 0 10.12122/j.issn.1673-4254.2020.03.07 1
83 0 10.1136/bmj.m1091 1
83 0 10.1186/s13054-020-02939-x 1
83 0 10.1001/jama.2020.6775 1
83 0 10.1001/jama.2020.5394 1
83 0 10.1056/NEJMoa2004500 1
83 0 10.1016/j.jiac.2020.05.005 1
83 0 10.1001/jamainternmed.2020.0994 1
83 0 10.1016/S2213-2600(20)30079-5 1
83 0 10.7150/thno.46833 1
83 0 10.1016/S0140-6736(20)31189-2 1
83 0 10.1136/bmj.m1996 1
83 0 10.1503/cmaj.200794 1
83 0 10.1097/CCM.0000000000004457 1
83 0 10.1177/0194599820929640 1
84 0 10.1093/cid/ciaa1177 1
84 0 10.1056/NEJMoa2021436 1
84 0 10.1001/jama.2020.17021 1
84 0 10.1001/jama.2020.17022 1
84 0 10.1001/jama.2020.16761 1
85 0 10.1051/mmnp/2020025 1
85 0 10.1101/2020.04.22.20076166 1
85 0 10.1038/s41591-020-1001-6 1
85 0 10.1093/cid/ciaa390 1
85 0 10.1002/jmv.25827 1
85 0 10.1093/jtm/taaa037 1
85 0 10.23750/abm.v91i3-S.9511 1
85 0 10.1101/2020.04.27.20078329 1
85 0 10.1016/j.scitotenv.2020.138539 1
85 0 10.4081/jphr.2020.2011 1
85 0 10.2139/ssrn.3592912 1
85 0 10.1016/j.ijid.2020.03.018 1
86 0 10.1093/jtm/taaa087 1
86 0 10.1136/bmj.m1628 1
86 0 10.1016/j.medcle.2020.05.019 1
86 0 10.24171/j.phrp.2020.11.3.07 1
86 0 10.1136/bmjopen-2020-039369 1
86 0 10.1016/S2468-2667(20)30090-6 1
86 0 10.1016/j.ijid.2020.05.088 1
86 0 10.1016/j.jve.2021.100040 1
86 0 10.3201/eid2608.201192 1
86 0 10.1093/cid/ciaa672 1
86 0 10.3346/jkms.2020.35.e182 1
86 0 10.1016/j.ijid.2020.04.009 1
86 0 10.1017/ice.2020.272 1
86 0 10.1101/2020.04.17.20070102 1
87 0 10.4103/ijo.IJO_1089_20 1
87 0 10.1007/s40123-020-00269-3 1
88 0 10.1089/bsp.2008.0030 1
88 0 10.2165/00019053-199600093-00010 1
88 0 10.1353/hpu.2016.0078 1
88 0 10.1111/tmi.12532 1
89 0 10.1016/j.jpsychores.2014.11.024 1
89 0 10.1017/dmp.2018.152 1
89 0 10.3390/ijerph13020168 1
89 0 10.1016/j.envres.2017.09.026 1
89 0 10.3390/ijerph16010074 1
89 0 10.1161/JAHA.113.000431 1
89 0 10.1017/S1049023X19000207 1
89 0 10.1037/a0031661 1
89 0 10.1007/s00484-010-0370-9 1
89 0 10.1097/PSY.0b013e318052e20a 1
89 0 10.1016/j.amjcard.2011.09.045 1
89 0 10.1097/DMP.0b013e3181b9db91 1
89 0 10.1016/j.jjcc.2014.04.006 1
89 0 10.1016/j.ypmed.2011.10.014 1
89 0 10.2105/AJPH.2017.303826 1
89 0 10.2337/dc09-0670 1
89 0 10.1016/j.thromres.2015.09.003 1
89 0 10.3402/gha.v4i0.6356 1
89 0 10.1136/oem.2005.024687 1
89 0 10.1016/S0140-6736(11)60966-5 1
89 0 10.1093/oxfordjournals.aje.a008907 1
89 0 10.1016/j.amjcard.2012.10.050 1
89 0 10.12688/f1000research.18563.2 1
89 0 10.1177/1099800414551164 1
89 0 10.1080/19338240903390230 1
89 0 10.1097/JOM.0000000000001361 1
89 0 10.1097/00004872-200502000-00009 1
89 0 10.1016/j.genhosppsych.2013.06.003 1
89 0 10.1111/j.1464-5491.2011.03228.x 1
89 0 10.1007/s00420-007-0173-4 1
89 0 10.1017/dmp.2018.22 1
89 0 10.1001/dmp.2010.10 1
90 0 10.1016/S0140-6736(20)30566-3 1
90 0 10.1001/jama.2020.1585 1
90 0 10.3349/ymj.2020.61.5.431 1
90 0 10.1001/jama.2020.4326 1
90 0 10.1515/dx-2020-0046 1
90 0 10.1186/s13054-020-02939-x 1
90 0 10.1002/jmv.25891 1
90 0 10.1136/heartjnl-2020-317007 1
90 0 10.1016/j.jaci.2020.04.006 1
90 0 10.1016/j.jacc.2020.06.007 1
90 0 10.1016/S0140-6736(20)30183-5 1
90 0 10.1002/jmv.25809 1
90 0 10.1016/j.ijcard.2020.03.087 1
90 0 10.1080/17476348.2020.1761791 1
90 0 10.1016/S2213-2600(20)30079-5 1
90 0 10.1001/jamacardio.2020.0950 1
90 0 10.1161/CIRCULATIONAHA.120.048789 1
90 0 10.1001/jamacardio.2020.1017 1
90 0 10.1097/CM9.0000000000000824 1
90 0 10.1136/bmj.m1091 1
91 0 10.1002/pbc.28318 1
91 0 10.3390/brainsci10060341 1
91 0 10.1016/j.jpeds.2020.03.013 1
91 0 10.1007/s00787-020-01541-4 1
91 0 10.1186/s40249-020-00678-3 1
91 0 10.1016/j.jadohealth.2020.05.004 1
91 0 10.1007/s11469-020-00322-z 1
91 0 10.1016/j.psychres.2020.112992 1
91 0 10.1080/15325024.2020.1765098 1
91 0 10.1080/23812346.2020.1745411 1
91 0 10.1001/jamapediatrics.2020.1619 1
91 0 10.1007/s00787-020-01541-4 1
92 0 10.1097/BOT.0000000000001845 1
92 0 10.1097/BOT.0000000000001849 1
92 0 10.2106/JBJS.20.00686 1
92 0 10.1016/j.jor.2020.06.003 1
92 0 10.1302/0301-620X.102B9.BJJ-2020-1100.R1 1
92 0 10.1302/0301-620X.102B9.BJJ-2020-1127.R1 1
93 0 10.1007/s40292-019-00356-y 1
93 0 10.1161/JAHA.120.017736 1
93 0 10.1111/imj.15078 1
93 0 10.1093/ajh/hpaa096 1
93 0 10.21037/atm.2020.03.229 1
93 0 10.1093/infdis/jiaa447 1
93 0 10.1002/jmv.26315 1
93 0 10.1038/s41440-020-00535-8 1
93 0 10.1080/22221751.2020.1746200 1
93 0 10.1007/s11427-019-1616-6 1
93 0 10.1161/HYPERTENSIONAHA.120.15289 1
93 0 10.1161/JAHA.120.016948 1
93 0 10.1080/10641963.2020.1783549 1
93 0 10.14744/AnatolJCardiol.2020.57431 1
93 0 10.1161/HYPERTENSIONAHA.120.15464 1
93 0 10.12659/MSM.926651 1
93 0 10.1007/s11684-019-0733-5 1
93 0 10.1161/HYPERTENSIONAHA.120.15143 1
93 0 10.1016/j.jinf.2020.08.014 1
93 0 10.1161/CIRCRESAHA.120.317134 1
93 0 10.1080/10641963.2020.1764018 1
94 0 10.1302/0301-620X.102B9.BJJ-2020-1127.R1 1
94 0 10.1097/BOT.0000000000001845 1
94 0 10.1097/BOT.0000000000001849 1
94 0 10.1097/BOT.0000000000001889 1
94 0 10.1302/0301-620X.102B9.BJJ-2020-1100.R1 1
94 0 10.1302/2633-1462.16.BJO-2020-0035.R1 1
95 0 10.3390/nu13041117 1
95 0 10.1016/j.dsx.2020.08.012 1
95 0 10.1016/j.jadohealth.2020.08.008 1
95 0 10.1371/journal.pone.0248008 1
95 0 10.3390/nu13061958 1
95 0 10.1111/ijpo.12731 1
95 0 10.1111/bjhp.12500 1
95 0 10.1016/j.clnesp.2021.01.046 1
95 0 10.1007/s13340-021-00507-4 1
95 0 10.1016/j.appet.2021.105323 1
95 0 10.1002/oby.22861 1
95 0 10.1002/dmrr.3404 1
95 0 10.3390/nu12072016 1
96 0 10.21037/tp.2020.02.06 1
96 0 10.1093/cid/ciaa200 1
96 0 10.3389/fped.2020.00104 1
96 0 10.1017/ice.2020.84 1
96 0 10.1093/cid/ciaa352 1
96 0 10.1016/S1473-3099(20)30176-6 1
96 0 10.1001/jamapediatrics.2020.0878 1
96 0 10.1016/j.ejogrb.2020.08.023 1
96 0 10.1001/jama.2020.4621 1
96 0 10.1002/jmv.25789 1
96 0 10.1001/jama.2020.7233 1
96 0 10.1002/uog.22034 1
96 0 10.1016/j.jiph.2020.04.004 1
96 0 10.1016/j.ajogmf.2020.100118 1
96 0 10.1002/jmv.25857 1
96 0 10.21203/rs.3.rs-22938/v1 1
96 0 10.1016/j.ajogmf.2020.100120 1
96 0 10.1007/s11684-020-0772-y 1
97 0 10.1056/NEJMoa2002032 1
97 0 10.1001/jamaophthalmol.2020.1291 1
97 0 10.1016/j.jtos.2020.03.010 1
97 0 10.1002/jmv.25725 1
97 0 10.1186/s40662-020-00189-0 1
97 0 10.1111/aos.14472 1
97 0 10.4103/ijo.IJO_1287_20 1
97 0 10.1016/j.ophtha.2020.04.028 1
97 0 10.1038/s41433-020-0965-2 1
97 0 10.1186/s13613-020-00690-8 1
97 0 10.1016/j.jinf.2020.03.013 1
97 0 10.1016/j.jaapos.2020.05.002 1
97 0 10.1016/j.ophtha.2020.03.026 1
98 0 10.1007/s11524-020-00441-x 1
98 0 10.1371/journal.pmed.1003144 1
98 0 10.1101/2020.05.07.20085365 1
98 0 10.1101/2020.05.08.20095604 1
98 0 10.1016/j.jmh.2021.100056 1
98 0 10.1136/oemed-2020-106626 1
98 0 10.1016/j.jhin.2020.05.034 1
99 0 10.1007/s00787-020-01541-4 1
99 0 10.1016/j.jadohealth.2020.05.004 1
99 0 10.1007/s11469-020-00322-z 1
99 0 10.1007/s00406-022-01459-9 1
100 0 10.1093/eurheartj/ehaa508 1
100 0 10.1186/1471-2288-14-135 1
100 0 10.1001/jamacardio.2020.2488 1
100 0 10.1016/j.resuscitation.2020.06.031 1
100 0 10.1161/CIRCULATIONAHA.120.048951 1
101 0 10.1136/bmj.m1849 1
101 0 10.1101/2020.03.22.20040758 1
101 0 10.1093/cid/ciaa1202 1
101 0 10.1016/j.ijantimicag.2020.105949 1
102 0 10.1093/cid/ciaa709 1
102 0 10.1053/j.gastro.2020.05.048 1
102 0 10.1053/j.gastro.2020.06.048 1
102 0 10.1093/cid/ciaa663 1
102 0 10.1186/s12575-020-00131-7 1
102 0 10.1080/22221751.2020.1725399 1
102 0 10.1097/CM9.0000000000000722 1
102 0 10.1016/j.jinf.2020.06.047 1
102 0 10.1016/j.medmic.2020.100023 1
102 0 10.1101/2020.03.03.20030650 1
102 0 10.1101/2020.02.13.20022673 1
102 0 10.3785/j.issn.1008-9292.2020.02.02 1
102 0 10.3785/j.issn.1008-9292.2020.02.02 1
103 0 10.2196/24598 1
103 0 10.2196/19904 1
103 0 10.1371/journal.pmed.1003244 1
103 0 10.1101/2020.05.22.20110460 1
103 0 10.1101/2020.12.28.20248936 1
103 0 10.1001/jama.2020.6130 1
103 0 10.1016/j.tmaid.2020.101654 1
103 0 10.1016/S2468-2667(20)30090-6 1
103 0 10.1016/j.jinf.2020.04.024 1
103 0 10.1016/j.scitotenv.2020.140430 1
103 0 10.1016/j.ijid.2021.02.004 1
103 0 10.1186/s40001-020-00456-9 1
104 0 10.1016/j.scitotenv.2020.138226 1
104 0 10.1016/j.scitotenv.2020.138997 1
104 0 10.1101/2020.04.23.20077545 1
104 0 10.1016/j.scitotenv.2020.139051 1
104 0 10.3934/publichealth.2020066 1
104 0 10.1016/j.scitotenv.2020.143783 1
104 0 10.1007/s11356-020-11273-2 1
104 0 10.1007/s11869-020-00906-7 1
104 0 10.1016/j.scitotenv.2020.143595 1
104 0 10.3390/ijerph17217730 1
104 0 10.1016/j.envpol.2020.116326 1
105 0 10.1016/j.eururo.2020.04.064 1
105 0 10.1016/j.kint.2020.04.002 1
105 0 10.1016/j.kint.2020.04.030 1
105 0 10.1016/j.accpm.2020.04.001 1
105 0 10.1093/cid/ciaa632 1
105 0 10.1016/j.jinf.2020.06.004 1
105 0 10.1111/all.14309 1
105 0 10.1056/NEJMoa2001282 1
105 0 10.1093/cid/ciaa243 1
105 0 10.1016/j.jaci.2020.05.019 1
105 0 10.1016/S2665-9913(20)30127-2 1
105 0 10.1016/j.jpeds.2020.05.006 1
105 0 10.1136/bmj.m1091 1
105 0 10.1172/JCI137244 1
105 0 10.1016/j.gendis.2020.03.008 1
105 0 10.1016/S0140-6736(20)30211-7 1
105 0 10.1007/s15010-020-01432-5 1
105 0 10.1016/j.chest.2020.04.010 1
105 0 10.1002/jmv.26002 1
105 0 10.1002/jmv.25793 1
105 0 10.1016/j.jcf.2020.04.012 1
105 0 10.1016/S0140-6736(20)31189-2 1
105 0 10.1016/j.ijid.2020.04.003 1
106 0 10.1177/0267659120963885 1
106 0 10.1007/s12055-020-01084-y 1
106 0 10.1016/S0140-6736(20)32008-0 1
106 0 10.1016/j.jinf.2020.11.003 1
106 0 10.1097/MAT.0000000000001325 1
106 0 10.1164/rccm.202004-1370LE 1
106 0 10.1097/MAT.0000000000001251 1
106 0 10.1007/s12630-020-01727-z 1
106 0 10.1111/aor.13865 1
106 0 10.1016/j.hrtlng.2020.10.010 1
106 0 10.1016/j.jcrc.2020.07.013 1
106 0 10.3389/fmed.2020.614569 1
106 0 10.3174/ajnr.A6728 1
106 0 10.1016/j.aucc.2020.10.009 1
106 0 10.1016/j.jtcvs.2020.11.073 1
106 0 10.1183/23120541.00463-2020 1
107 0 10.3390/ijerph17176237 1
107 0 10.1007/s10597-020-0 1
107 0 10.1016/j.diabres.2020.1082 1
107 0 10.1186/s12967-020-02465-y 1
107 0 10.2174/1874944502013010470 1
107 0 10.3390/ijerph17165933 1
107 0 10.3390/sports8100139 1
107 0 10.1016/j.dib.2020.106301 1
107 0 10.1080/23750472.2020.1825988 1
107 0 10.1186/s40337-020-00319-y 1
107 0 10.1016/j.jagp.2020.06.024 1
107 0 10.3390/ijerph17176287 1
107 0 10.1002/dmrr.3404 1
107 0 10.3390/ijerph17186878 1
108 0 10.1177/2396987320933746 1
108 0 10.1016/j.dsx.2020.06.042 1
108 0 10.1007/s00415-020-10099-9 1
108 0 10.1161/STROKEAHA.120.030225 1
108 0 10.1007/s00415-020-10045-9 1
108 0 10.1016/j.msard.2020.102380 1
108 0 10.1016/j.msard.2020.102407 1
108 0 10.3389/fneur.2020.00564 1
108 0 10.1080/21678421.2020.1773502 1
108 0 10.1007/s00415-020-10064-6 1
108 0 10.1093/eurpub/ckaa159 1
109 0 10.1016/j.jcv.2020.104377 1
109 0 10.1002/ppul.24767 1
109 0 10.1097/RCT.0000000000001023 1
109 0 10.1186/s12887-020-02140-7 1
109 0 10.2214/AJR.20.23145 1
109 0 10.1016/j.crad.2020.04.010 1
109 0 10.3348/kjr.2020.0231 1
109 0 10.14744/nci.2020.90277 1
110 0 10.1148/radiol.2020201561 1
110 0 10.1148/radiol.2020201544 1
110 0 10.1007/s00330-020-06977-5 1
110 0 10.1182/blood.2020006520 1
110 0 10.1161/CIRCULATIONAHA.120.047407 1
110 0 10.1161/CIRCULATIONAHA.120.046702 1
110 0 10.1111/jth.14869 1
110 0 10.1007/s00134-020-06062-x 1
110 0 10.1016/j.thromres.2020.05.018 1
110 0 10.1111/jth.14830 1
110 0 10.1111/jth.14888 1
110 0 10.1161/CIRCULATIONAHA.120.047430 1
110 0 10.1183/13993003.01365-2020 1
110 0 10.1055/s-0040-1712097 1
111 0 10.1007/s11469-020-00319-8 1
111 0 10.1007/s11469-020-00356-3 1
111 0 10.1007/s11469-020-00361-6 1
111 0 10.1016/j.psychres.2020.113202 1
111 0 10.1080/07481187.2020.1773026 1
111 0 10.1007/s11469-020-00270-8 1
111 0 10.1007/s11469-020-00316-x 1
111 0 10.1016/j.psychres.2020.113100 1
111 0 10.1007/s11469-020-00289-x 1
111 0 10.1007/s11469-020-00277-1 1
112 0 10.1016/S0140-6736(20)31103-X 1
112 0 10.1001/jama.2020.10374 1
112 0 10.1001/jama.2020.10369 1
112 0 10.1016/j.jpeds.2020.06.045 1
112 0 10.1053/j.gastro.2020.05.079 1
112 0 10.1016/j.ajog.2020.02.017 1
112 0 10.1056/NEJMoa2021756 1
112 0 10.1148/radiol.2020202543 1
112 0 10.1136/bmj.m2094 1
112 0 10.1136/annrheumdis-2020-217960 1
112 0 10.1161/CIRCULATIONAHA.120.048360 1
112 0 10.1007/s00246-020-02391-2 1
112 0 10.1186/s13613-020-00690-8 1
112 0 10.1002/jmv.26224 1
112 0 10.1016/S2352-4642(20)30215-7 1
112 0 10.1016/S2352-4642(20)30175-9 1
112 0 10.1056/NEJMoa2021680 1
