James L. Rudolph
37478895
37478895
37426110
37424463
37359237
37172126
37098144
37098143
37098141
37098139
36941144
36863973
36606371
36598783
36576812
36573195
36550596
36477482
36396277
36173757
36108526
 Christopher W. Halladay
37170406
37170406
37165261
37163130
36598783
36540996
36477482
35767430
35718050
34822319
34743780
33984291
33926156
33826466
33232684
32674815
32250673
31258967
30646122
30358864
28562289
 Malisa Barber
32674815
32674815
 Kevin W. McConeghy
37352930
37352930
37163130
37147861
37098143
36701254
36477482
36314139
36173757
35767430
35211964
34742250
34739929
34695233
34473962
34106266
34013979
33861873
33400778
33034046
32882710
 Vince Mor
33932351
33932351
33861978
33400778
33034046
32882710
32674815
31089705
28369754
27197797
26340664
24490881
24117283
22727255
22587857
21029090
18689610
18689608
17610442
16051911
15811976
 Aman Nanda
36692991
36692991
35924551
35809634
35767430
35460263
35025096
34699217
34582509
34534492
34341800
34092431
33913692
33544876
32756140
32674815
35516601
32481294
32390064
36132512
31230738
 Stefan Gravenstein
37424463
37424463
37163130
37117056
37098143
36951196
36861088
36817744
36805007
36747765
36701254
36477482
36434429
36333667
36244879
36173757
36146903
36031903
35924551
35868000
35809634
Paula Eckardt
37372821
37372821
37353475
36448263
36388785
35773118
35577060
35227793
35061148
35044997
35036326
34488480
34474965
33678012
33505740
33409769
33367792
33341821
33105156
33037429
32622836
 Rachel Guran
35227793
35227793
32622836
 Jon Hennemyre
32622836
32622836
 Roshan Arikupurathu
32622836
32622836
 Julie Poveda
32622836
32622836
 Nancimae Miller
35227793
35227793
35041639
32622836
27185432
22576711
19774200
14532220
12960826
12409388
11872996
11826010
 Randy Katz
33381763
33381763
32622836
24708167
19551353
15210259
12742871
12583797
 Judith Frum
32622836
32622836
Carson Telford
36913925
36913925
36878208
36198315
36150455
35840961
35360195
35292029
35239633
34072112
33370463
33354690
32941413
32637971
30263886
 Udodirim Onwubiko
36343211
36343211
36168449
36102331
35471855
35420895
35394241
35360195
33354690
33122552
32941413
32637971
32494585
32409953
32109142
32067554
31468296
31226132
31095412
30789335
28829720
 David Holland
37121274
37121274
37085399
37054779
37004811
36893048
36892947
36849050
36815322
36814045
36799466
36792735
36684395
36576132
36560399
36167528
36107429
35982367
35933261
35871866
35864950
 Kim Turner
37351720
37351720
35590452
32941413
32898272
32637971
31290121
30980240
29855808
29514211
29229656
29117324
28554307
27829836
27629494
26808629
26481938
25996764
25902322
25647706
24371236
 Juliana Prieto
35471855
35471855
35360195
34877468
34018547
33354690
32941413
32898272
32637971
23718124
 Sasha Smith
36653057
36653057
36328388
36210009
36013364
35888162
35360195
33354690
33323745
33278543
33024980
32941413
32898272
32833878
32637971
32107339
29445541
29049275
 Jane Yoon
36762853
36762853
35420895
35123895
34018547
32941413
32898272
32748558
32637971
28196893
22751865
 Wecheeta Brown
32941413
32941413
32637971
 Allison Chamberlain
36411403
36411403
36343211
36210009
35989589
35817646
35649472
35588282
35471855
35394241
35360195
34662409
34018547
33750506
33508208
33428684
33354690
33323745
33121843
33024980
33003151
 Neel Gandhi
37266049
37266049
37141386
36871409
36815322
36520530
36483398
36420425
36381621
36227246
36210009
36166517
36134743
36043179
35989589
35877413
35862216
35588282
35471855
35360195
35168250
 Shamimul Khan
35360195
35360195
33354690
33323745
33024980
32637971
 Steve Williams
36935083
36935083
36372971
36316421
36210009
36143582
36105154
35450543
35360195
35169702
35007801
34819519
34647321
34384347
34316551
34261750
33990680
33980870
33727044
33531486
33354690
 Fazle Khan
36210009
36210009
35588282
35471855
35360195
33932667
33354690
33323745
33024980
32941413
32637971
25465675
25454536
26937417
19738503
18842378
17133158
 Sarita Shah
37227925
37227925
36930628
36880429
36520530
36483398
36285602
36210009
36111530
35937648
35899283
35877413
35848120
35588282
35471855
35360195
35239624
35194599
35132426
34713974
34693726
Sandra M. Shi
37289180
37289180
37011886
36867421
36630699
36318788
35575745
34865549
33901300
33377190
33236789
33210957
32981664
32921993
32894057
32274807
32199811
32072368
31211413
30882905
30715097
 Innokentiy Bakaev
36959696
36959696
33894176
32981664
32952096
32526802
25306294
 Helen Chen
37433157
37433157
37398992
37386570
37303430
37248473
37228057
37218612
37203608
37203518
37203495
37199723
37150222
37053535
37045530
37042037
37031637
36959696
36918220
36777157
36747846
 Thomas G. Travison
37326322
37326322
36939716
36763576
36546589
36354163
36226896
36214228
36128514
36001869
35932279
35921502
35711614
35357447
35278158
35202006
35037036
34871580
34693992
34432572
34406695
 Sarah D. Berry
37400841
37400841
37246196
37080246
37078149
36965506
36959696
36883262
36841755
36745839
36721150
36495141
36335990
36168189
35983581
35809634
35605428
35532361
35490606
35324261
35296234
Temet M. McMichael
35264278
35264278
34723986
33734836
32681036
32352957
32352954
32220208
32214083
31735710
31451661
30290238
29917090
29079573
28853921
28835547
28435158
26263374
26075508
25405885
24627473
 Dustin W. Currie
37289660
37289660
37227964
36995962
36355615
35776927
35202532
34932585
34586058
34552995
34468732
34166336
34166316
33909068
33846714
33549565
33388799
33056953
32220208
32214083
31895917
 Shauna Clark
36170764
36170764
33549565
32877446
32470316
32329971
32240128
32220208
32214083
23703931
16700076
16603849
 Sargis Pogosjans
35389976
35389976
35085223
34529637
34166336
32352954
32220208
32214083
29420442
 Meagan Kay
35723277
35723277
35389976
34529637
33909524
33712549
33549565
33275088
32352954
32329971
32240128
32220208
32214083
32166310
31630171
31441688
31404508
31369524
30807459
29346337
29190262
 Noah G. Schwartz
37355098
37355098
36942013
36703605
36660866
36215247
35934016
35803846
35486394
35447121
35147176
35034671
34499629
34289272
33549565
33504612
33307945
33031365
33031361
32759921
32301962
 James Lewis
37486534
37486534
37481117
37470874
37466329
37444484
37439685
37438849
37436929
37430091
37395652
37365858
37358904
37350775
37341863
37331412
37329279
37307602
37307420
37283191
37268691
 Atar Baer
33681674
33681674
32220208
32214083
31835010
26883318
24928710
24157597
21727277
21402825
21135662
20819870
20592553
19952883
19770773
19608962
18708888
17331250
15361005
12410004
12052599
 Vance Kawakami
37289653
37289653
36288573
35723277
35389976
35233573
34166336
33275088
32877446
32470316
32220208
32214083
31441688
30973851
29346337
29190262
27490189
27078514
 Margaret D. Lukoff
32352954
32352954
32220208
32214083
 Jessica Ferro
32220208
32220208
32214083
26371874
 Claire Brostrom-Smith
35723277
35723277
33549565
32329971
32240128
32220208
32214083
31369524
 Thomas D. Rea
37390958
37390958
37264936
37169552
37086596
36749661
36448986
36031076
35951327
35850376
35690127
35525425
34804564
34519224
34509554
34339849
34271128
34238014
34157848
34113884
34016927
 Michael R. Sayre
37416694
37416694
37019352
36736949
36252855
36183813
35951327
35850376
35690127
35393566
35072519
35043689
34787330
34641719
34420561
34271128
34197282
34166740
34157848
34016927
33840548
 Francis X. Riedo
35264278
35264278
34183982
33248470
32511445
32427334
32330356
32220208
32214083
32191259
24405309
24012687
20735948
 Denny Russell
36596565
36596565
35412591
34729567
33734847
32877446
32240128
32220208
32214083
26640122
22935869
 Brian Hiatt
33941621
33941621
33734847
33024981
32913002
32511596
32240128
32220208
32214083
30969140
25031439
24903882
 Patricia Montgomery
36445214
36445214
33608105
32220208
32214083
31789745
31369524
31022162
29961616
28225315
27618726
24725614
23230033
20678846
20002975
16616132
 Agam K. Rao
37347713
37347713
37200504
37200231
37053126
36988328
36862595
36535276
36480462
36331124
36327164
36264845
36264836
36264825
36107794
36074752
35951487
35951009
35798002
35679181
35653347
 Eric J. Chow
37484765
37484765
37483554
37424310
37397090
37346095
37333357
37307512
37277786
37256617
37253902
37194406
37182536
37052966
37030315
36870037
36795981
36763922
36693221
36669148
36593127
 Farrell Tobolowsky
37053125
37053125
36301805
36107794
35421074
35416692
34932459
34723986
34412728
33988220
33900791
33549565
33395380
32785683
32773665
32614816
32533755
32352954
32301962
32220208
32214083
 Michael J. Hughes
37347505
37347505
36139476
34917695
34826882
34524434
34367163
33399881
33309199
33146625
32464141
32437343
32220208
32198215
31423915
31394045
30788536
26902137
26362614
26344055
26304600
 Ana C. Bardossy
36514405
36514405
35419540
35228262
34518840
34375701
34236024
33829982
33549565
32615191
32594923
32392437
32329971
32240128
32220208
32214083
32034865
31269011
30303048
29704133
28843943
 Lisa P. Oakley
36740539
36740539
36602932
34056960
33928489
33712386
33444296
33309874
33168482
33090981
32435578
32329971
32240128
32220208
32214083
31997579
31622069
31493380
31343964
31065953
29729838
 Jesica R. Jacobs
34250188
34250188
34083463
33734847
33734845
33622768
32759914
32620182
32379731
32329971
32240128
32220208
32214083
32023448
31958344
30374353
30325524
25986324
 Nimalie D. Stone
36996876
36996876
36194814
36176423
36168476
35724112
35141874
34780563
34741529
34487450
34402833
34036926
34000267
33821897
33709896
33549565
33211679
33077004
32890551
32782037
32594923
 Sujan C. Reddy
36996876
36996876
36723871
36072699
36039477
35779273
35724112
35608863
35591770
35586888
35226689
35100614
35025906
34758012
34314131
33988220
33958010
33900791
33688967
33564862
33549565
 John A. Jernigan
36918377
36918377
36723871
36701254
36645205
36173757
36170764
36039477
35779273
35591770
35586888
34893827
34513352
34437519
33988220
33958010
33900791
33735160
33564862
33549565
33512523
 Margaret A. Honein
36864562
36864562
36513609
36480479
36457114
36327164
36251547
35906998
35834423
35332688
35051132
34705535
34698287
34399086
34327866
34324480
34310544
34138695
33952412
33900183
33890276
 Thomas A. Clark
35263352
35263352
34813511
33956784
33929487
33549565
32329971
32240128
32220208
32214083
31671453
30867208
30439867
30337259
29702631
29261797
29073124
28018927
27704009
26899377
26418242
 Jeffrey S. Duchin
37346095
37346095
36150508
36048507
35996440
35994500
35786234
35749582
35616571
34377728
34115094
33941621
33640146
33549565
33024981
32958477
32913002
32470316
32437547
32352954
32329971
