Enrico Baldi
37445464
37445464
37438006
37287957
37255711
37227348
37215185
37183852
37164607
37113702
36868553
36607387
36418560
36196613
36162612
36079003
35753721
35704775
35455746
35275877
35266659
 Giuseppe Maria Sechi
37477015
37477015
37445464
37309884
37293463
36912108
36695448
36431225
36066837
35897382
35894939
35361292
35000744
35000651
34977181
34831909
34797840
34738566
33091034
32940538
32562486
 Claudio Mare
35000744
35000744
34977181
34797840
34432840
34281575
33385473
33091034
32940538
32562486
32507926
32348640
16977789
 Fabrizio Canevari
33091034
33091034
32562486
32507926
32348640
30929972
28942011
28579373
27780740
 Antonella Brancaglione
33091034
33091034
32562486
32507926
32348640
 Roberto Primi
37445464
37445464
37255711
37183852
37113702
36162612
36079003
34977181
34797840
34506876
34432840
33427885
33385473
33091034
32651939
32562486
32348640
26971834
26436211
 Catherine Klersy
37454115
37454115
37451717
37332746
37236851
37202323
37188498
37183852
37113702
37103018
36974574
36759266
36697014
36647148
36642333
36567177
36547419
36530923
36469248
36436068
36434615
 Alessandra Palo
37255711
37255711
36162612
34797840
34506876
34281575
33614511
33385473
33224885
33181229
33091034
33026580
32651939
32562486
32507926
32348640
31980268
30929972
30616675
30411729
30324841
 Enrico Contri
37445464
37445464
37255711
36162612
34797840
34506876
34450396
34432840
33181229
33091034
32976224
32925434
32682008
32651939
32562486
32507926
32380029
32348640
32052069
31928646
31901264
 Vincenza Ronchi
37445464
37445464
34797840
33091034
32562486
32348640
 Giorgio Beretta
33091034
33091034
32562486
32348640
32143625
31853831
 Francesca Reali
37445464
37445464
34797840
34432840
33385473
33091034
32562486
32348640
28417478
25795526
24992951
24070220
 Pierpaolo Parogni
36324866
36324866
34797840
32562486
32348640
26444215
 Fabio Facchin
37445464
37445464
34797840
34432840
33091034
32562486
32348640
 Ugo Rizzi
34797840
34797840
33385473
33091034
32562486
32348640
 Daniele Bussi
37445464
37445464
34797840
34432840
33091034
32562486
32348640
 Simone Ruggeri
37445464
37445464
34797840
33091034
32562486
32348640
 Luigi Oltrona Visconti
37285279
37285279
36729687
36469248
36446228
36343796
36124872
36075584
35958437
35905003
35901908
35783857
35550178
35538262
35524735
35131161
34977181
34900222
34826051
34797840
34519287
 Simone Savastano
37467909
37467909
37445464
37255711
37183852
37113702
36868553
36684602
36509320
36272451
36162612
36079003
35753721
35634866
35275877
34977181
34826051
34797840
34779249
34768537
34534277
 Sara Compagnoni
37445464
37445464
37255711
37183852
37113702
36343796
36162612
36079003
35901908
35753721
35580320
34977181
34797840
34506876
34432840
33851938
33427885
33190159
33181229
32740425
32651939
 Rosa Fracchia
33427885
33427885
33190159
33181229
32740425
32651939
 Antonio Cuzzoli
33385581
33385581
32399456
28103720
25897815
 Andrea Pagliosa
36431225
36431225
36233584
35897382
34831909
34281575
32420923
31517891
 Guido Matiz
 Alessandra Russo
37178069
37178069
37010628
36418984
36379416
35835996
35809792
35756062
34959505
34425355
34328130
33925672
33754165
33575985
33396666
33252390
33234137
33131263
33085540
32992653
32882390
 Andrea Lorenzo Vecchi
36099073
36099073
34830705
34709227
32983468
32556671
31593161
30131229
 Cecilia Fantoni
28785902
28785902
27441483
25914397
21892223
21529746
21416828
21084910
20487339
20142193
19129728
18811808
18396342
18390869
18296111
18254663
18172714
18157613
18037741
17689747
17223424
 Cristian Fava
36842434
36842434
34977181
30821294
29966801
21491733
 Cinzia Franzosi
34254361
34254361
 Claudio Vimercati
24414069
24414069
22966163
 Dario Franchi
33258565
33258565
 Enrico Storti
36980020
36980020
36832418
36793502
36301541
35884018
35009331
34639880
34151867
33489731
33168640
33020069
32741541
32667669
32565584
32344756
32341111
32250385
32207676
31660064
24951446
 Erika Taravelli
35071727
35071727
34977181
33023356
32984838
31343450
28340026
27434351
26828384
24954238
24721456
23158531
20126594
 Fulvio Giovenzana
29667046
29667046
 Giovanni Buetto
 Guido Garzena
28492570
28492570
 Giorgio Antonio Iotti
37386626
37386626
35354013
34520863
32671238
32667669
32474630
32451194
32409952
32384909
32344710
32275347
32252136
32235155
31935573
31881561
31852450
31692415
31220087
30704607
30616745
 Guido Francesco Villa
35894939
35894939
35000744
35000651
34738566
32940538
32275275
31517891
24330761
 Marco Botteri
36600432
36600432
35894939
35000744
35000651
34738566
34281575
32940538
32275275
18824902
17254336
16574919
15758592
12209283
 Salvatore Ivan Caico
37213799
37213799
37102354
35343503
33916276
30087509
29665405
29502194
28631761
28492570
27414720
26991554
26258725
26228610
26001509
19067806
16645381
12064195
 Irene Raimondi Cominesi
34977181
34977181
32607232
23096393
19706238
23040377
 Livio Carnevale
32014041
32014041
22000408
20558557
 Matteo Caresani
24973556
24973556
 Mario Luppi
37396800
37396800
37345068
37245251
37175717
37092558
37076752
36950093
36928007
36845852
36765928
36686759
36651870
36504547
36495369
36353529
36320128
36261597
36194336
36156278
36104630
 Maurizio Migliori
32420923
32420923
32339543
31517891
30280113
25466976
18050853
17027575
16752518
 Paola Centineo
37445464
37445464
34797840
33385473
 Paola Genoni
 Roberta Bertona
34977181
34977181
29989602
29105683
28398367
24327812
19193676
15253146
 Roberto De Ponti
37222631
37222631
37190038
37140838
37079290
36853163
36853162
36853158
36656339
36554084
36352300
36305777
36258237
36153133
36153128
36153127
36153126
36153125
36153124
36153123
36153121
 Riccardo Osti
26811652
26811652
25454175
 Stefano Buratti
37427934
37427934
37290725
36796359
34977181
32797716
30929972
27385429
 Gian Battista Danzi
35629052
35629052
35287158
35063263
34977181
34708314
34706062
34336157
34236135
34179035
34052406
33883086
33744175
33481902
33412596
33367570
33229434
33179839
32990690
32968307
32885930
 Arianna Marioni
 Antonella De Pirro
32651939
32651939
32081820
31881561
30324841
 Simone Molinari
37393826
37393826
36293026
35830912
34452227
34153913
33010276
32758605
32570065
32305623
32290055
31835109
31125918
28942011
28579373
27780740
 Vito Sgromo
32507926
32507926
31980268
29270697
 Valeria Musella
37454115
37454115
37202323
37140873
36934276
36433886
35683392
35132388
34527079
33256382
33169500
32525896
31273088
30942706
29989097
29564661
28783969
26423797
25844937
25704501
24853384
 Martina Paglino
32976224
32976224
30209672
 Francesco Mojoli
37454115
37454115
37386682
37312187
37198387
36894268
36871459
36853826
36836097
36810362
36769705
36640603
36427055
36409834
36301541
36222185
36084912
36031630
35884105
35809953
35723841
 Bruno Lusona
 Michele Pagani
36871459
36871459
35263612
28675244
27980751
27558734
26526721
15796379
12664224
 Moreno Curti
35451989
35451989
35090000
31504477
27863358
27312588
27358575
24383071
24326706
21193439
17960363
Xiang Wan
37481122
37481122
37459259
37419017
37355322
37285983
37225661
37206286
37172831
37161735
37116582
37040216
37015650
36764184
36744920
36706860
36612873
36591789
36563584
36497725
36473026
 Wenqian Wang
37470145
37470145
37463333
37327929
37326693
37290894
37256800
37066938
37063888
37037332
36964519
36961250
36942731
36853446
36839331
36825490
36803717
36661727
36617514
36608761
36603356
 Jiming Liu
37182327
37182327
37161735
37149722
36983489
36876061
36855184
36844760
36699854
36430998
36265826
36224651
36194717
35940787
35939467
35845374
35744643
35685004
35651033
35638867
35331329
 Tiejun Tong
37161735
37161735
37105369
36306016
35831808
35280882
34290735
34217371
33864652
33834675
33407405
32562361
31581101
35707601
30925894
30633173
30557969
30325005
29312733
29186294
28953454
Pamela H. Lai
33748809
33748809
33392524
32558876
16180656
15869421
 Elizabeth A. Lancet
34289408
34289408
33748809
33392524
33291671
32558876
32008584
30427769
22493998
 Michael D. Weiden
36961515
36961515
35872243
35256801
34766209
34288008
34254700
33748809
33527077
33392524
33291671
33279511
33166473
32706380
32558876
32068437
31611340
31490535
31126090
31085989
30337339
 Mayris P. Webber
36972975
36972975
36597815
35146479
34507966
34507965
34415073
34288025
34275137
34114224
33546187
33504553
33392524
33291671
32872174
32781591
32558876
32310290
32068437
31611340
31490535
 Rachel Zeig-Owens
36972975
36972975
36961515
36635097
36597815
36549491
35995768
35897262
35872243
35325473
35256801
35146479
34795448
34766209
34507966
34507965
34498043
34473012
34415073
34288025
34288008
 Charles B. Hall
36972975
36972975
36961515
36597815
36549491
35995768
35872243
35779447
35325473
35310531
35146479
34795448
34776437
34507966
34507965
34498043
34415073
34334404
34288025
34275137
34254700
 David J. Prezant
36972975
36972975
36961515
36635097
36597815
36549491
35995768
35897262
35872243
35256801
35146479
34766209
34507966
34507965
34498043
34473012
34415073
34288906
34288025
34288008
34275137
Andrea Paoli
35354233
35354233
34690258
33130157
33012480
33003778
32653572
31518328
27272169
24480107
 Laura Brischigliaro
32653572
32653572
 Tommaso Scquizzato
37378992
37378992
37302683
37215185
37204782
37194575
37190748
37171146
37161521
36997363
36929354
36879353
36764896
36542337
36386770
36182240
35958623
35905428
35760227
35695184
35690128
 Andrea Favaretto
33520179
33520179
32653572
20943097
 Andrea Spagna
33012480
33012480
32653572
