Wei Tang
37484369
37484369
37474990
37468456
37463086
37461770
37461235
37457473
37456294
37454960
37454266
37452495
37451013
37449361
37444979
37437050
37429672
37426135
37407856
37385782
37368106
 Zhujun Cao
37467451
37467451
37342934
37230109
37168999
36750862
36577095
35973168
35875362
35578350
35111690
34862637
34389410
33815147
33767112
33766912
32858565
32766690
32655398
32409561
32150664
 Mingfeng Han
37271642
37271642
37201409
36418641
36322051
35283823
34926512
34775361
34670161
34540320
34277466
33896114
33867046
33825602
33780352
33687643
33203670
33184171
33068293
32963215
32955691
 Zhengyan Wang
37307828
37307828
37140015
36894303
36867982
36750399
36599628
36562999
36507001
36193599
36034783
35771498
35663079
35529915
35007866
34826337
34231419
34169572
34169100
34095219
34002157
 Junwen Chen
37279418
37279418
37190333
36933487
36932328
36918532
36866363
36846464
36721119
36714733
36623385
36570153
36438847
36400782
36381587
36313783
36288093
36276474
36274486
35679132
35480899
 Wenjin Sun
37453348
37453348
37278140
36884116
36705416
36562258
36180185
36067622
35962719
35869097
35774182
35223981
35170790
35061304
34807198
34750930
34472846
34394777
33930706
33456673
33179903
 Yaojie Wu
32409561
32409561
 Wei Xiao
37486320
37486320
37486260
37486107
37484477
37466430
37453296
37451228
37445105
37439479
37423656
37420579
37417401
37402434
37390747
37385107
37382002
37381947
37379908
37376691
37375344
 Shengyong Liu
37463615
37463615
37352989
37072557
36899618
36856043
36818297
36622416
36506061
36389127
36387877
36248990
36116216
34275617
33995284
33284887
33106067
32409561
32189559
31966071
30537731
 Erzhen Chen
37456783
37456783
37414769
37305736
37212341
37131151
36978107
36937348
36860503
36848228
36762718
36755607
36652224
36636248
36580232
36567585
36567571
36566602
36558501
36533251
36418414
 Wei Chen
37486153
37486153
37484995
37484016
37483078
37481439
37481012
37475284
37471188
37470427
37470193
37469254
37469018
37468761
37467388
37465108
37464741
37464317
37462137
37462091
37462050
 Xiongbiao Wang
37083076
37083076
37020458
36906987
36092699
34780728
34642156
34537026
34139546
33727796
33534617
33528369
33421718
33217227
32833955
32409561
32057901
29992456
29728306
29620257
29503538
 Jiuyong Yang
33431609
33431609
33098854
32710176
32591938
32409561
32399861
 Jun Lin
37474500
37474500
37442091
37437264
37422362
37369824
37345096
37308475
37295572
37270664
37249623
37209283
37199324
37159049
37144453
37144027
37119666
37118774
37107507
37093226
37092816
 Qingxia Zhao
37280193
37280193
37199506
37138638
36640341
36573735
36554770
36444068
36251176
35700875
35659547
35195695
35112202
34985411
34967078
34957260
34279816
34008339
33773254
33345491
33252379
 Youqin Yan
37314613
37314613
36640005
36640004
34598979
33729889
33273714
32673499
32662525
32653423
32592657
32573776
32409561
32369736
32359177
32302265
32281110
32196678
32077115
 Zhibin Xie
37176295
37176295
36303835
34941129
34239351
33728806
33136293
32895296
32674643
32409561
31719794
31305441
31115490
30813191
30175673
28797198
28780053
28615052
28181425
28963836
20734537
 Dan Li
37484676
37484676
37484672
37484662
37482995
37482265
37481886
37481071
37478834
37478707
37478237
37478120
37476182
37475700
37474791
37473868
37471134
37470024
37464139
37462818
37456760
 Yaofeng Yang
37215932
37215932
32451683
32409561
 Leshan Liu
36186784
36186784
35379815
32409561
31337369
 Jieming Qu
37461235
37461235
37403923
37311354
36910077
36868960
36827175
36777445
36708692
36669778
36574216
36466682
36463140
35941654
35930458
35863486
35863038
35835754
35830201
35710264
35619189
 Guang Ning
37486441
37486441
37481036
37463495
37461165
37460841
37436694
37409353
37403750
37400692
37386110
37351887
37294572
37286992
37254768
37195998
37063923
37056676
37008946
36942376
36917004
 Guochao Shi
37454215
37454215
37178731
37173744
36752798
36483147
36425478
36258422
36176735
36161612
36148458
36117172
36096782
36030505
35998604
35956881
35615348
35514165
35444962
35184418
35127763
 Qing Xie
37485877
37485877
37467451
37442136
37436865
37396307
37364435
37302583
37275578
37258801
37251491
37230109
37188998
37152760
37125213
37099962
37035407
36998463
36933605
36903784
36889214
