Tao Zuo
37296165
37296165
37263311
37106869
37025987
36948453
36759174
36735709
36636455
36427571
36345810
36307389
36182668
36153602
36100953
36091491
36046052
35949114
35896909
35787664
35753153
 Fen Zhang
37486543
37486543
37390534
37375335
37373434
37316021
37226654
37212341
37206865
37181812
37090734
37015300
37010727
37009889
37001978
36994924
36745062
36714702
36668957
36620247
36613072
 Grace C.Y. Lui
37244082
37244082
37042759
37005794
36864573
36793736
36769690
36714113
36399372
36350127
36201636
35793058
35603297
35456072
35297660
35218134
34978228
34812719
34687739
34622502
34494350
 Yun Kit Yeoh
37130861
37130861
37096395
37096041
36785954
36573834
36357393
36155191
35893847
35642928
35641510
35326860
35082169
34687739
34312160
34175280
33853691
33484690
33431578
33397897
33161546
 Amy Y.L. Li
35082169
35082169
34687739
33853691
33785557
32442562
 Hui Zhan
37271139
37271139
37172885
37031433
36988419
36237106
36182887
35935421
35610275
35069878
35047556
35018397
34977820
34687739
34589139
34556630
34372070
34312160
34131396
33853691
33759492
 Yating Wan
37380663
37380663
37365180
37186702
37095263
36677785
36618904
36481741
36229447
36091491
35683709
35424768
35401987
35311836
34687739
34312160
33902276
33853691
33634810
33533347
32956679
 Arthur C.K. Chung
35398277
35398277
35018239
33140762
36133892
33087457
32442562
31987154
31453682
31251037
31226595
31029902
30743844
30677905
30599479
30557707
30488697
30385063
30292287
30134650
29430921
 Chun Pan Cheung
36357393
36357393
36357381
35642928
35224756
34687739
33853691
33431578
33397897
32956679
32910902
32442562
30842211
30202057
 Nan Chen
37482999
37482999
37465109
37439300
37432359
37430936
37430215
37422080
37419153
37415629
37392856
37364421
37337107
37334436
37329949
37329703
37315823
37308993
37284947
37278139
37264747
 Christopher K.C. Lai
37469595
37469595
36864573
36847884
36625652
36350127
35523336
34896131
34835181
34779848
34700382
34525401
33524589
33461834
33139015
33028700
32738137
32606253
32601677
32491982
32442562
 Zigui Chen
37469595
37469595
37249085
37245544
37242367
37220834
37173932
37130861
36864573
36822126
36752573
36715516
36625652
36538327
36375420
36350127
36206344
36057383
35770161
35740578
35710987
 Eugene Y.K. Tso
36133403
36133403
35603297
34938289
33853691
33516646
32794209
32738137
32598884
32442562
30274487
28192211
26045070
23825355
15583510
15478079
15127357
15075525
14725258
 Kitty S.C. Fung
36847884
36847884
36538327
35510851
34938289
34779848
34718428
34525401
34359932
34230831
34068581
33853691
33516646
32794209
32738137
32730733
32442562
32414407
32315281
32222828
32124000
 Veronica Chan
37461085
37461085
37223243
36640909
36465098
36314786
36289955
36278515
36009945
36004218
35811422
35810057
35723562
35064784
34938289
34379743
34250877
33853691
33666789
33431578
32799965
 Lowell Ling
37469595
37469595
37433877
37429680
37245544
37198478
36942827
36798115
36576350
36511445
36447130
36350127
36089642
36057383
35981883
35813733
35763381
35453203
35311586
35255492
35099819
 Gavin Joynt
37474186
37474186
37429680
36942827
36089642
35981883
35862757
35597285
35575578
35453203
35418103
34997207
34507622
34364537
34304911
34039056
33853691
33821838
33818159
33620066
33470662
 David S.C. Hui
37469595
37469595
37469451
37321617
37245544
37230106
37020833
36876655
36752709
36751398
36721738
36652990
36357381
36271047
36065624
36031687
35926878
35670259
35618731
35603297
35551155
 Francis K.L. Chan
37174650
37174650
37130861
37111201
37096041
37019620
37001978
36877964
36765591
36357393
36357381
36271144
36209766
36201636
36091491
35940857
35883490
35662282
35642928
35641510
35413329
 Paul K.S. Chan
37469595
37469595
37245544
37242367
37173932
37130861
37061931
36864573
36854447
36847884
36793736
36752573
36715516
36625652
36538327
36375420
36357381
36350127
36342324
36091491
35909608
 Siew C. Ng
37402275
37402275
37231405
37174650
37126317
37111201
37096041
37019620
37001978
36871566
36777324
36765591
36631716
36573834
36516362
36461896
36414201
36357393
36357381
36271144
36201636
 Qin Liu
37478191
37478191
37469759
37460606
37458417
37446543
37432130
37425015
37424182
37423196
37421738
37397766
37397594
37387561
37374041
37365256
37295329
37292056
37284110
37277776
37261842
 Amy Li
37471421
37471421
37345660
37255686
37233155
37163831
36973455
36865889
36789514
36653960
36569501
36459819
36435757
36357381
36261841
36201636
36111785
36091491
35902560
32644519
35870899
 Wenqi Lu
37425227
37425227
37400013
37358224
37173125
37168668
36830467
36711384
36357381
36254486
36201636
36168445
36086265
36086176
35974427
35677832
35642928
35640384
35551217
35469542
35221981
Flavio De Maio
37238682
37238682
37175968
37047594
36985128
36847873
36674717
36671372
36671325
36615877
36473894
36409091
36016352
35978650
35935374
35863025
35626859
35444762
35392094
35330643
35313599
 Brunella Posteraro
37259419
37259419
37175968
36867310
36715537
36671325
36409091
36154273
36009892
35935374
35863025
35741149
35335621
35330643
35306232
34756067
34656179
34575719
34439000
34359294
34206911
 Francesca Romana Ponziani
37443746
37443746
37422260
37414020
37370387
37367929
37299482
37240434
37240323
37237771
37142455
37128594
37124696
37111034
37109520
37108507
37087392
37004222
36875849
36838231
36674986
 Paola Cattani
35263767
35263767
35099636
35072749
35013811
34485325
33970428
33823089
33800721
33408123
33356534
33180119
33152105
33076874
32979567
32948871
32885293
32735938
32728349
32589448
32359227
 Antonio Gasbarrini
37484874
37484874
37476588
37475841
37458581
37445399
37444534
37444503
37443746
37443663
37432351
37394958
37374225
37373934
37370970
37370812
37370753
37370387
37370355
37339849
37331563
 Maurizio Sanguinetti
37484874
37484874
37446996
37339849
37278651
37259419
37238447
37225240
37175968
37085337
37047594
37024707
36985128
36983451
36910233
36867310
36847873
36715537
36695663
36679868
36679069
Liangjun Chen
37478481
37478481
37349301
37308156
37288479
36966258
36964904
36881878
36869216
36746299
36677392
36235265
36053250
35903349
35639417
35352939
35301130
35170993
35128549
35128548
34896583
 Weiyong Liu
36796470
36796470
36726759
36100403
35193543
35189858
35168543
35127526
35116633
35043022
35035735
34911528
34867952
34800991
34419937
34408131
34407203
34276653
33953714
33912176
33816355
 Qi Zhang
37482424
37482424
37478905
37475739
37475368
37475225
37474472
37470435
37468908
37468009
37467986
37467688
37466430
37465511
37464739
37463886
37462269
37460059
37460011
37460000
37458957
 Ke Xu
37485540
37485540
37481760
37470321
37469875
37459529
37456295
37442936
37441605
37440210
37438574
37435019
37433041
37432106
37420365
37419137
37419044
37418838
37410849
37409803
37407110
 Guangming Ye
35964413
35964413
34983429
34676099
34517383
34336884
33840589
33543548
33336592
32621617
32508038
32371416
32360881
32330112
32320740
32283140
32243607
32171867
32105304
32020836
31642790
 Weichen Wu
37429936
37429936
37376637
37306586
36451889
35918420
35608125
35538563
35377316
35327630
35280492
35242359
35176118
34808809
34072878
33999369
32932472
32020836
30114593
28770914
28188373
 Ziyong Sun
37337136
37337136
37187534
36702072
36700687
36590586
36581808
36369683
36233840
36233689
36123381
36100403
36003928
35807065
35636821
35607955
35574713
35421504
35401532
35307424
35265633
 Fang Liu
37479449
37479449
37478980
37468932
37465381
37464335
37455965
37451822
37446265
37445627
37439934
37438157
37435524
37433858
37433744
37432456
37427533
37426987
37425877
37424170
37422680
 Kailang Wu
37243289
37243289
37167646
37087947
37065192
36695658
34696459
34408131
34407203
34282707
33891593
33803505
33517839
33396605
33243234
33240758
33203755
33109760
33086059
32674313
32619956
 Bo Zhong
37420971
37420971
37392499
37193092
37192862
37086533
37083104
37076992
36894615
36841801
36649810
36641821
36499829
36261399
36256179
36255784
36217001
36193584
36099850
36090861
36034715
 Yi Mei
37476195
37476195
37458432
37369897
37361076
37127873
37124021
37038156
36991459
36916663
36767275
36565399
36497087
36429396
36278937
36079052
36018866
35974000
35938293
35767504
35646898
 Wenxia Zhang
37440432
37440432
37312257
37305299
37127929
37112607
37079857
37038924
36989277
36973258
36757171
36616557
36413801
36380559
36329032
36294622
36198212
36195964
36158664
36147648
35883789
 Yu Chen
37484949
37484949
37484944
37483794
37483686
37482887
37482021
37481613
37480829
37480689
37480677
37479966
37479047
37477163
37474877
37474474
37473854
37473613
37473529
37469875
37469605
 Yirong Li
37304367
37304367
37243775
37221574
37203350
37054942
36849062
36842372
36818805
36700656
36677392
36654782
36644442
36612077
36556130
36473925
36443279
36267947
36178671
36155499
36103138
 Mang Shi
37429936
37429936
37376637
37306586
37292017
37196033
37185870
37116474
36939609
36794927
36755344
36611217
36451889
36437428
36257829
36182913
36073823
36061106
35918420
35916448
35899581
 Ke Lan
37398636
37398636
37223114
37221267
37193052
37193049
37192861
37182179
37140205
37138846
37010434
36965527
36871984
36748584
36719881
36683074
36670173
36599007
36537246
36477529
36474196
 Yingle Liu
37192861
37192861
36964144
35632772
35504416
35435717
35348187
35060426
35036977
34746904
34480067
34408158
33927201
33243234
33203755
33165830
33109760
33086059
33029721
32894406
32816024
Li-Li Ren
37246325
37246325
37196129
37182102
37179120
37115917
36941323
36538627
36455676
36377192
36059935
35568052
35487942
35002735
34874517
34757270
34408158
34234761
34185431
34146368
34030722
 Ye-Ming Wang
34493750
34493750
33077274
32790243
32004165
29384867
25708033
15569616
 Zhi-Qiang Wu
36793641
36793641
36443615
36083838
35668810
35124710
35082807
34839435
34786387
34512512
34168604
33659668
33559052
33490589
33437420
33366929
32981201
32703133
32112223
32105418
32004165
 Zi-Chun Xiang
32004165
32004165
16944771
 Li Guo
37485903
37485903
37481785
37480605
37480526
37479824
37479654
37478939
37475514
37458226
37454306
37453509
37447607
37441984
37440909
37439340
37437082
37434235
37427716
37423159
37422272
 Teng Xu
37426519
37426519
37350936
37197420
37167658
37161605
37089434
37010987
36950157
36948011
36941223
36819503
36766182
36758601
36723086
36705069
36686744
36656106
36594381
36591468
36590213
 Yong-Zhong Jiang
36967037
36967037
35966388
35643410
32690109
32101227
32004165
31762266
31050409
30516043
29148720
28756324
28241111
26461918
22991719
22160942
17625508
16774813
16767657
 Yan Xiong
37483201
37483201
37478468
37457048
37402969
37402373
37398946
37382132
37379301
37367276
37367273
37365684
37358448
37356280
37355626
37354862
37354760
37344537
37329831
37308773
37291217
 Yong-Jun Li
37480188
37480188
37474986
37409404
37210909
36861160
36857241
36836051
36736721
36686658
36604878
36476894
36472013
36404281
36164914
36073634
36035950
35850817
35807286
35639438
35605360
 Xing-Wang Li
37324081
37324081
37083265
36409451
35170409
34618327
34592958
34586608
32775383
32660627
32333248
32004165
31814885
31362128
31347021
30714472
30705889
30280313
28237486
27566335
25684961
 Hui Li
37486036
37486036
37482605
37481223
37480786
37479889
37479639
37478758
37478188
37477105
37475506
37475064
37475063
37475062
37474742
37471657
37471643
37471263
37471187
37467387
37467131
 Guo-Hui Fan
33889614
33889614
32004165
 Xiao-Ying Gu
34621880
34621880
32440214
32004165
31747259
30689355
30419077
20873634
 Yan Xiao
37468005
37468005
37466749
37466158
37440308
37439923
37439787
37429558
37420156
37418854
37385357
37378522
37357387
37354441
37348568
37334070
37328934
37303679
37295640
37282788
37277052
 Hong Gao
37477228
37477228
37474867
37444310
37441493
37432892
37431213
37333963
37330093
37327511
37315670
37313579
37308423
37296072
37275647
37270931
37266413
37262161
37262156
37262146
37259829
 Jiu-Yang Xu
32004165
32004165
 Fan Yang
37485956
37485956
37484086
37482600
37481646
37479649
37478163
37477811
37475500
37475340
37475047
37468483
37467914
37464978
37464794
37462971
37455372
37454609
37454285
37452910
37452374
 Xin-Ming Wang
37177919
37177919
35235293
35222356
34975300
34911771
34856971
34745092
33246717
33145674
32608767
32004165
31967309
31125034
30628376
29964922
29962128
29627972
28590125
27356177
29964867
 Chao Wu
37478241
37478241
37470435
37464335
37452857
37449560
37447864
37442347
37433104
37430333
37421985
37406091
37399268
37395182
37392035
37391320
37382428
37367972
37365900
37360416
37345457
 Lan Chen
37482197
37482197
37474494
37454077
37451066
37431863
37378522
37368087
37357444
37348335
37344475
37321211
37317072
37315366
37300848
37231461
37195245
37182534
37179407
37174303
37171599
 Yi-Wei Liu
37449198
37449198
37296354
36509744
36236970
35665115
35644764
35508803
35304471
35100120
34719888
34174367
33977075
33907401
33640904
33505036
33203348
33097529
32765356
32685015
32447063
 Bo Liu
37484667
37484667
37475346
37475245
37473970
37470327
37466906
37463240
37456825
37450729
37450565
37446812
37445956
37444982
37442124
37440389
37438156
37425654
37422447
37420424
37415087
 Jian Yang
37479427
37479427
37476618
37468528
37465678
37463923
37460714
37457487
37456249
37455355
37449402
37443153
37442866
37440376
37434686
37433877
37431603
37430081
37425654
37423488
37418288
 Xiao-Rui Wang
37344628
37344628
36761270
36542938
36211598
36096247
36061535
35706263
35655534
34720627
33747821
33665664
32730341
32129406
32004165
31900500
31861844
31510463
31503798
31052621
30874200
 Jie Dong
37481185
37481185
37474893
37474548
37463966
37461146
37458807
37442894
37425654
37413749
37408329
37401671
37400956
37321938
37307001
37275884
37253597
37215794
37190895
37170958
37165977
 Li Li
37486746
37486746
37486201
37485076
37481847
37481153
37480146
37479136
37477170
37475454
37474923
37474434
37471657
37467562
37465964
37465520
37465051
37462699
37462036
37461057
37461036
 Chao-Lin Huang
34712673
34712673
34646783
33582899
33199918
33111646
32015507
32004165
31368243
28714412
28196469
26770443
 Jian-Ping Zhao
37163068
37163068
37117273
36809694
36592058
36534702
36377123
36376800
36116322
36099675
35961408
35738554
35699473
35084130
34752401
34560840
33475958
33229412
32842015
32097201
32004165
 Yi Hu
37479200
37479200
37467367
37458833
37452727
37449971
37444234
37431434
37429528
37416771
37409118
37401413
37389238
37386359
37358680
37348164
37340201
37339215
37328779
37308490
37291975
 Zhen-Shun Cheng
36925352
36925352
36907990
34517383
32887670
32703281
32393381
32097201
32029004
32004165
30308508
29666896
28873461
28386365
28105134
 Lin-Lin Liu
37309415
37309415
37007506
36787086
36633916
36600283
36458048
36388179
36335295
35562068
35502177
35487426
35082933
34794462
34612785
34418429
34359488
34240231
34234846
34032735
33418415
 Zhao-Hui Qian
36368753
36368753
35850623
32004165
 Chuan Qin
37481143
37481143
37470313
37199580
37188353
37183346
37149915
37138776
37072933
37017778
37015528
37013543
36939609
36916412
36909948
36871202
36853767
36786966
36737727
36734279
36681668
 Qi Jin
37442390
37442390
37425654
37423564
37376391
37376028
37370851
37367904
37356723
37351901
37210522
37187363
37186156
37185577
37156388
37142314
37142105
37061639
37060338
37032908
37030892
 Bin Cao
37484947
37484947
37452512
37415817
37369282
37356123
37349777
37348518
37330196
37321233
37318116
37307441
37302027
37245814
37241471
37228658
37196009
37154704
37153610
37149249
37126843
 Jian-Wei Wang
37423037
37423037
37386638
37274040
37206180
36925003
36781494
36705511
36671980
36628766
36438198
36321180
36186183
35842703
35730224
35729024
35568283
35466362
35347963
35303940
35197448
 Xiu-Yuan Hao
32969864
32969864
 Pei-Fang Wei
36382560
36382560
