Gunther Eysenbach
37093624
37093624
36863937
35881444
37113802
34890350
32589589
31868653
31755873
30485832
30006474
29510970
29456025
28804178
27815232
31052095
25699546
25517481
25283176
25100579
25033233
 Nikki Lam
36567651
36567651
32258963
31641910
31518249
29569966
29324268
29238631
29022242
 Benjamin Woo
37303932
37303932
37259780
37068427
36696294
36662547
36165279
36063802
36051600
36007592
35970744
35920720
35789528
35726673
35389361
34463565
34463539
34275510
34264191
34170077
33889536
 Kylie Zeng
33855223
33855223
33302255
30687234
26700560
 Stephanie N Bernardo
33302255
33302255
 Weldon E Havins
33302255
33302255
 Guy Fagherazzi
37335611
37335611
37301794
37104291
37013622
37006590
36894986
36822006
36812535
36763338
36721092
36631766
36598706
36507935
36498091
36447795
36414650
36414294
36378504
36307139
36265042
 Juan Yang
37478294
37478294
37477274
37467904
37464738
37458186
37431017
37429656
37427408
37356954
37315890
37309913
37306069
37277111
37277070
37260138
37258131
37254545
37217110
37211335
37201073
 Claire Wang
37478967
37478967
37199833
37072239
36936189
36583627
36373804
36221816
36140458
35934082
35934055
35867852
35837351
35817636
37396541
35122836
35028511
34962661
34883385
34791679
34599624
 Céline Mavrot
 Carlos K H Wong
37479295
37479295
37474420
37448114
37360861
37310901
37204790
37197226
37156470
37141907
37132361
37119083
37055020
37012238
36982089
36969982
36918200
36913693
36852582
36829226
36822409
 Janet Y H Wong
37427252
37427252
37166406
36910776
36681670
36662529
36544208
36543796
36264581
36137292
35909096
35784203
35564839
35194868
35168552
35072632
35044468
34902184
34889760
34753755
34742591
 Eric H M Tang
37474420
37474420
36829226
36780955
36426588
36115682
35972235
35822337
35784442
35658864
35613775
35300912
35136950
34643047
34592391
34444574
34244247
33914484
33879090
33188232
32658858
 Chi Ho Au
36367015
36367015
33980245
32968812
32658858
 Kristy T K Lau
37448114
37448114
37204790
36796397
36780911
36216007
36029795
35727759
35707401
35658864
35538354
35428969
35322676
35321338
35318694
35296305
35216517
34863934
34592391
34420051
34272645
 Abraham K C Wai
36628595
36628595
36556321
36479099
36464326
36264581
36212608
36102222
35714677
35653641
35642123
35347222
35333945
35142921
35132823
35112189
34746262
34742591
34643701
34643047
34188006
Mark J. Siedner
37437159
37437159
37425934
37403050
37395251
37368864
37336247
37308076
37145834
37066285
37034610
36993494
36972208
36962629
36962465
36928895
36928169
36863066
36862461
36696625
36662580
 Guy Harling
37448809
37448809
37368864
37329143
37208144
36962344
36811947
36324699
35929226
35901293
35855969
35793332
35766574
35255859
35165105
34934021
34789286
34716349
34556542
34496771
34379769
 Zahra Reynolds
37425934
37425934
36655920
36503332
36263960
36214224
36176017
35767428
35737946
35262094
35262089
34871181
34755438
34363462
33675595
33022016
33009800
32780772
32035126
31299014
30216356
 Rebecca F. Gilbert
37425934
37425934
36863066
36214224
35767428
35696544
35262094
35262089
34983492
34871181
34755438
34698502
34363462
33022016
33009800
32780772
 Sebastien Haneuse
37410340
37410340
37338254
37256620
37246339
37224519
37201668
37199336
36951861
36936722
36847107
36705922
36650619
36632778
36631869
36623247
36610077
36572369
36544249
36483542
36416302
 Atheendar S. Venkataramani
37276479
37276479
37252288
36918094
36342718
35442760
35426125
35195250
35089666
34600186
34459904
34454649
34446552
34415293
34228526
34228522
34197717
33947527
33779712
33591352
33528535
 Alexander C. Tsai
37485701
37485701
37226805
37212482
37163008
37052216
36962491
36655920
36503332
36434632
36309936
36176017
36174781
36152792
36150048
36129557
36114484
36095247
36094641
36086797
36074468
 Donald A. Redelmeier
37378692
37378692
37344094
37290537
37286134
37217270
37137573
37102508
36951860
36690912
36656813
36470796
36195342
36059266
35999688
35913711
35656646
35616951
35535568
35444726
35417469
Ke-wei Wang
37331169
37331169
37137461
37137269
36895378
36669879
36396352
36311733
36008373
35986172
35979418
35794372
35697129
35685376
35646518
35610021
35361697
35256942
35231545
35150742
35043487
 Jie Gao
37484723
37484723
37477088
37470341
37462050
37456582
37456298
37455613
37451126
37449789
37448019
37447249
37442183
37435017
37434883
37434256
37424819
37416767
37410726
37406387
37406190
 Hua Wang
37486526
37486526
37485057
37484545
37480645
37464207
37463463
37455523
37451919
37451636
37451103
37430470
37424315
37417001
37414153
37409771
37397753
37397165
37393595
37381164
37380968
 Xiao-long Wu
37392647
37392647
37207429
36895378
36311733
36257831
36052561
35241753
35137332
34330299
34241803
33998185
33837482
33117879
32770619
32350801
32268195
32133800
31930642
31087982
30949574
 Qin-fang Yuan
36895378
36895378
36311733
34044569
33117879
32268195
 Fei-yu Guo
34812023
34812023
32869580
32268195
 Zhi-jie Zhang
37434036
37434036
37404024
37280363
36883557
36876761
36837244
36517007
36028789
35425277
35223811
35145421
35087016
34975558
34961550
34901069
34886835
34603078
34467705
34408158
34402294
 Yang Cheng
37484430
37484430
37475678
37475485
37474508
37467605
37464019
37460403
37453332
37441122
37438155
37435082
37435035
37430695
37430470
37425657
37423913
37421527
37416778
37399694
37399607
Benjamin J Cowling
37448114
37448114
37397875
37377964
37368235
37307005
37287979
37204790
37204309
37197288
37141907
37105966
37094371
37086890
37031688
37002942
36913693
36880191
36856551
36848558
36827972
 Sheikh Taslim Ali
37043284
37043284
37031625
36627296
36569559
36513688
36423119
36417445
36325878
36263876
36240828
35914518
35914516
35336939
35272744
35241662
34906289
34800462
34423821
34233629
34117868
 Tiffany W Y Ng
34795312
34795312
33406238
32414654
32407535
32311320
31668824
31282541
30551178
30190121
29069368
 Tim K Tsang
37105966
37105966
36880191
36823190
36804941
36777899
36722802
36655186
36648122
36637115
36630159
36627296
36513688
36417445
36298653
36284331
36240828
36054016
35960524
35858844
35447069
 Julian C M Li
32311320
32311320
 Min Whui Fong
33596168
33596168
32311320
32179916
32027587
 Qiuyan Liao
37260966
37260966
37142547
37073723
37002942
36861253
36777899
36462204
36417445
36416594
36054016
35496253
35388692
35359914
35090777
34930744
34795312
34718464
34696283
34688313
34533547
 Mike YW Kwan
34746725
34746725
33655259
33564773
32795776
32311320
30722814
 So Lun Lee
37283971
37283971
36554390
36106586
36003331
35982160
35568675
35314707
34903789
34455394
34327338
34217874
33600428
33223521
33036612
32483934
32311320
32030351
30967484
30868116
30176968
 Susan S Chiu
37070986
37070986
35618731
34932446
34864352
34746725
34326343
34301433
33655259
33564773
33397909
33295075
33168346
32311320
31665236
31290537
30722814
30442587
30261157
30169261
29486830
 Joseph T Wu
37231110
37231110
37181718
37105966
37070986
36918174
36822410
36765349
36763451
36652990
36638825
35136039
35132397
35076003
35027105
34942104
34886945
34802277
34802267
34454783
34388389
 Peng Wu
37481069
37481069
37475444
37458617
37454616
37408516
37399448
37399423
37389735
37382390
37375948
37368235
37363022
37361092
37347115
37345264
37344982
37336460
37303051
37301305
37301195
 Gabriel M Leung
37448114
37448114
37310875
37289232
37204309
37181534
37105966
37094371
36898549
36823190
36804941
36796397
36780911
36652990
36643735
36638825
36521506
36438907
36435844
36417445
36403618
