Yueling Ma
33307083
33307083
32777696
32487068
32408453
31935611
31896208
31547211
 Yadong Zhao
37215613
37215613
37105117
37020677
36737199
36588480
36555167
36529012
36235973
35566875
35063856
34960897
34630696
33805729
33350740
33299309
32564848
32408453
31795118
30960522
30541544
 Jiangtao Liu
37448094
37448094
37447438
37384400
37248585
37221731
37177281
37155009
37006361
36991843
36972194
36767417
36586267
36581292
36502089
36484769
36425504
36288292
36262178
36248377
35859379
 Xiaotao He
37351108
37351108
37132426
37115712
36720715
36585740
36280864
36180344
36064833
36030103
35902357
35841070
35296649
35247634
33926537
33759282
33307083
33087097
32777696
32487068
32408453
 Bo Wang
37484991
37484991
37481678
37480850
37478671
37476406
37474102
37466402
37466210
37460814
37457834
37457659
37456829
37452249
37451531
37450565
37449724
37447863
37442136
37442054
37433999
 Shihua Fu
33307083
33307083
33087097
32408453
32304942
24365832
 Jun Yan
37480430
37480430
37477049
37476717
37471338
37468844
37448718
37435066
37428997
37428800
37427142
37426352
37421172
37415021
37407545
37382421
37381222
37367591
37356580
37344994
37339319
 Jingping Niu
37085680
37085680
36890158
36638928
36427825
35499801
35457441
35341822
35037141
34988822
34826933
34713392
33663554
33307083
33087097
32949934
32777696
32487068
32440829
32408453
32304942
 Ji Zhou
37458211
37458211
37436159
37404534
37396487
37360174
37307888
37255478
37233879
37225337
37183231
37124081
37071485
37060644
37042966
36989580
36969497
36944125
36917429
36852972
36825539
 Bin Luo
37480133
37480133
37463957
37449132
37423176
37422099
37396776
37384468
37359986
37357357
37346683
37344451
37327265
37325316
37319047
37310845
37286478
37270528
37270356
37227917
37216282
Marcos Felipe Falcão Sobral
35972521
35972521
35256660
34823403
34391416
33941286
32353724
30892527
29988360
 Gisleia Benini Duarte
35256660
35256660
34823403
34391416
33941286
32353724
30560427
 Ana Iza Gomes da Penha Sobral
35972521
35972521
35256660
34823403
34391416
33941286
32353724
30892527
29988360
 Marcelo Luiz Monteiro Marinho
34823403
34823403
34391416
33941286
32353724
 André de Souza Melo
Dai Su
37368463
37368463
37304120
36919147
36674007
36339144
35351078
35232442
35026994
34335301
34261461
33418381
33339258
32511588
31810260
31327957
31058801
31048441
31010133
30983888
30782944
 Yingchun Chen
37453608
37453608
37304120
37191623
37161439
37152262
37106513
37069716
37009831
36981481
36959929
36900103
36892076
36819872
36475779
36468863
36421615
36417355
36357339
36349271
36339144
 Kevin He
37414396
37414396
37408385
37315935
37315900
37246765
37137666
37127916
37078429
37054958
36977424
36799629
36428558
36339144
36329717
36115141
36035616
35899312
35878033
35845326
35775234
 Tao Zhang
37486440
37486440
37482349
37481981
37481122
37478974
37476616
37475963
37475553
37470220
37467914
37459901
37459889
37456355
37456024
37455182
37454936
37454757
37454125
37452495
37452375
 Min Tan
37430228
37430228
37426695
37403888
37397801
37367835
37354182
37340599
37285087
37263456
37137421
37110065
37092420
37092403
37082954
37072351
37069608
37065741
37058788
37028388
36939942
 Yunfan Zhang
37386801
37386801
37375818
37313756
37016831
36829232
36484435
36306612
36297683
36238234
36161289
36142341
36110327
36081893
36051587
35770083
35593489
35380570
35351078
35330627
35265214
 Xingyu Zhang
37460814
37460814
37393048
37391689
37385596
37236000
37235887
37202812
37191826
37189866
37150314
37036844
37035859
37016507
36960428
36844819
36807141
36806749
36802066
36767171
36746586
Yu Wu
37476619
37476619
37475333
37469784
37462436
37460529
37454781
37454180
37441867
37441178
37427758
37426790
37423525
37421079
37408740
37408370
37402372
37390779
37368668
37366304
37353854
 Wenzhan Jing
37408740
37408740
37312160
37093073
37009518
37009172
37009170
36781460
36458973
36269778
36262243
36210345
36048317
35851012
35801264
35797886
35754034
35747197
35554542
35356649
35287680
 Jue Liu
37477156
37477156
37464263
37457850
37408740
37404290
37380970
37380966
37358002
37352496
37349771
37338082
37315192
37312160
37276672
37271439
37243061
37222638
37205832
37196223
37194279
 Qiuyue Ma
37093073
37093073
37013569
36526968
36508042
36470439
36303243
36262243
36138248
35932656
35554542
35303071
35279114
35203277
35026989
34905008
34034763
33993245
33968083
33581368
33518524
 Jie Yuan
37474433
37474433
37462863
37445095
37444692
37430188
37424824
37423545
37421888
37408740
37403616
37372520
37351330
37344980
37344857
37335722
37285488
37258989
37254636
37243154
37225742
 Yaping Wang
37478761
37478761
37463315
37448668
37433371
37426531
37380368
37372233
37355329
37352496
37349771
37313465
37303604
37287654
37287652
37271269
37271221
37257317
37201636
37194279
37168556
 Min Du
37477156
37477156
37427553
37408762
37361297
37352496
37349771
37300257
37243061
37180272
37164365
37154385
37113498
37112651
37111091
37101276
37089587
37044091
37031818
37022059
37007476
 Min Liu
37485264
37485264
37483026
37481960
37481677
37480702
37480159
37479016
37478186
37477156
37474454
37474052
37468556
37467841
37466365
37466201
37464421
37457699
37456564
37452495
37451839
Yasir Rehman
37463795
37463795
37388594
37326815
36968943
36927609
36258963
36255268
36220009
35273854
35228936
35124905
34660148
34497047
34321302
34183989
33721921
33490372
33294487
33175192
32946545
 Nadia Rehman
37388594
37388594
37316946
37255532
36951646
36699898
36255268
35668840
35559984
35198535
34900200
34828513
33874897
33294487
32226046
31569214
30395083
25147529
24876960
24799475
20381213
