Alireza Abrishami
37483379
37483379
37040280
36796545
36756857
36685025
35863634
35128202
35126578
34746999
34484546
34409233
34267895
34025894
33576843
33465552
33220698
33208293
33123774
33041195
33020043
 Shiva Samavat
37451646
37451646
36739491
36503165
36402595
36121573
35061293
34930856
34899926
33764323
33274016
32943588
32655021
32654357
32503620
32409114
32361701
32176594
32147078
31870601
31836996
 Behdad Behnam
35686240
35686240
34027429
33576843
33123774
33078727
32912019
32583169
32409114
31157187
30674224
29435313
29026846
28828023
28626468
28286850
27453887
27401807
27279451
26921752
26330877
 Mehran Arab-Ahmadi
36781614
36781614
36353019
35488776
35402993
35145690
35126578
34027429
33576843
33471777
33123774
33031111
32912019
32583169
32409114
32336647
32335003
32335002
32322800
32106683
30674224
 Mohsen Nafar
37451646
37451646
36739491
36402595
36190377
36121573
35673498
35061293
34899926
34604411
33865964
33785428
33764323
33178869
32943588
32922469
32694057
32655021
32654357
32503620
32487079
 Morteza Sanei Taheri
35749299
35749299
35731731
35693143
35509295
35488776
35468984
35126578
34986724
34957364
34426793
34242884
34222798
33778592
33576843
33220698
33208293
33123774
33041195
33020043
32935258
Federico Alberici
37337107
37337107
37084252
36911748
36813560
36590677
36562566
36531871
35967114
35922121
35632419
35497784
35300332
35191621
35142280
35067905
34713642
34669316
34469081
34357571
34347947
 Elisa Delbarba
37337107
37337107
35497784
35300332
35142280
35067905
34669316
34357571
33912740
33649098
33305128
32942039
32809280
32775846
32627319
32518868
32437768
32354634
32292866
27960024
26479059
 Chiara Manenti
32627319
32627319
32566333
32437768
32354634
32292866
32281754
29148021
28715820
25265965
 Laura Econimo
36669872
36669872
36531871
35497784
34713642
34357571
33486507
33305128
32627319
32437768
32354634
32292866
32281754
28865972
 Francesca Valerio
36496750
36496750
36140946
35733952
34579485
33803659
32627319
32508785
32437768
32354634
32292866
32281754
31957899
31887941
30810427
30781845
29867802
29851067
29805021
29655710
29027475
 Alessandra Pola
32627319
32627319
32437768
32354634
32292866
32281754
24216674
23548380
21555393
12761259
12649545
12018637
 Camilla Maffei
32627319
32627319
32437768
32354634
32292866
32281754
18727661
16968482
16384825
14671055
 Stefano Possenti
32627319
32627319
32437768
32354634
32292866
32281754
25897815
24397858
22237046
21114433
 Nicole Zambetti
32627319
32627319
32354634
 Marianna Moscato
32627319
32627319
32354634
 Margherita Venturini
37283174
37283174
37283139
37283138
35564348
35067905
34111579
33677414
32947646
32354634
31528317
31446264
31378845
30937598
24695256
 Stefania Affatato
35142280
35142280
35067905
34669312
32627319
32437768
32354634
 Mario Gaggiotti
35142280
35142280
35067905
33295708
32661734
32627319
32566333
32535831
32437768
32376398
32354634
32292866
32281754
24397858
23553525
 Nicola Bossini
37314869
37314869
36831688
35067905
34464503
34166370
32962148
32627319
32437768
32376398
32354634
32292866
32281754
29103079
25897815
24964311
23059945
22843153
22135032
20136785
20030684
 Francesco Scolari
37358729
37358729
37337107
37283036
37120605
36995132
36988111
36562566
36531871
36345359
36087539
35967114
35497784
35300332
35191621
35142280
35067905
34713642
34669316
34599042
34357571
 Bernardo Lucca
34669312
34669312
32437768
27582136
 Roberta Cortinovis
36531871
36531871
35497784
34713642
32437768
 Vincenzo Terlizzi
35191621
35191621
34331637
34023031
33889810
32627319
32566333
32548106
32437768
29402461
29245186
29067740
27960024
27796018
 Mattia Zappa
34669316
34669316
33295708
32437768
 Chiara Saccà
32437768
32437768
 Elena Pezzini
34106970
34106970
32437768
 Eleonora Calcaterra
32437768
32437768
30829875
 Paola Piarulli
32437768
32437768
 Alice Guerini
35067905
35067905
34669316
32437768
 Francesca Boni
32437768
32437768
31206343
31010743
 Agnese Gallico
37314869
37314869
35067905
32437768
 Alberto Mucchetti
32437768
32437768
 Sergio Bove
33482238
33482238
32838235
32437768
32292866
32281754
20019115
 Martina Bracchi
32437768
32437768
32292866
32281754
 Ester Maria Costantino
32437768
32437768
32292866
32281754
 Roberto Zubani
32437768
32437768
30071530
27582136
26278270
24216674
23553525
23548380
21555393
20089339
17890254
17472838
16968482
16103720
12761259
 Corrado Camerini
32437768
32437768
30071530
27062486
26715394
26278270
24216674
23548380
21555393
20089339
19218045
17890254
16755161
16103720
16088106
14696757
14671055
11920353
 Paola Gaggia
35067905
35067905
32437768
32292866
32281754
30071530
26278270
24216674
23548380
21555393
20089339
17890254
16755161
16088106
12455724
 Ezio Movilli
32437768
32437768
32292866
32281754
32052559
30071530
26278270
24216674
23553525
23548380
23229607
21555393
20089339
19218045
18262857
17890254
17575317
17442790
17124281
16755161
16103720
Helena Barrasa
36858039
36858039
35449037
34834314
34683983
34202113
33285217
32278670
32112965
31936614
31065685
30496913
29441476
 Jordi Rello
37440188
37440188
37436585
37370375
37317101
37268272
37245688
37211217
37167775
37085635
37059605
37031815
36790531
36789360
36789189
36782267
36669904
36585321
36553099
36551461
36358184
 Sofia Tejada
37440188
37440188
36585321
35931613
35876973
35533977
35477009
35203878
35151542
35074245
33947626
33902933
33861168
33670864
33358065
33172592
32859308
32650126
32473604
32347523
32278670
 Alejandro Martín
 Goiatz Balziskueta
34683983
34683983
32278670
 Cristina Vinuesa
32278670
32278670
28002069
 Borja Fernández-Miret
32278670
32278670
18727887
 Ana Villagra
32394211
32394211
32278670
25693449
23314894
23296630
22751376
22297667
18580520
17989165
17468567
16484897
15891339
15599163
15243686
15025772
14608459
14530760
12548027
12373473
11790648
 Ana Vallejo
36967243
36967243
36523996
34295912
32278670
31216007
28417934
26468208
25448398
24324445
20154365
20007129
 Ana San Sebastián
32278670
32278670
 Sara Cabañes
 Sebastián Iribarren
32278670
32278670
 Fernando Fonseca
37372090
37372090
37341220
37255122
37193252
37147676
37050099
36942083
36883802
36881832
36864245
36840536
36820714
36727594
36724838
36674698
36627777
36612728
36509021
36362377
36335440
 Javier Maynar
36858039
36858039
35449037
34683983
34202113
33285217
32278670
32112965
31936614
30712031
30496913
27683226
23908259
23817653
18307371
17356270
16291417
16239363
16137353
15978309
15647409
Frederick S Buckner
33970891
33970891
33871981
33753338
33493793
33479683
33078573
32444880
32033395
32011682
31888785
31808676
31706668
31192168
30745384
30655955
29633973
28848016
28835807
28740614
28465105
 Denise J McCulloch
37383248
37383248
37346095
37250175
35216672
34668728
34315010
34286830
34043706
33939275
33836685
33606031
33563599
33197930
32875494
32783920
32697321
32511368
32444880
32356944
25015856
 Vidya Atluri
35698816
35698816
35342019
35115840
34136343
33838337
32444880
31337727
26282427
25644011
25474545
24901521
23954155
23818855
23227931
22219303
21939378
21173315
20454614
 Michela Blain
35772969
35772969
34101969
34038346
33607103
33504629
32472688
32444880
32439389
32394232
32194359
31723573
28516409
27940061
27275742
22720842
22047015
21457085
 Sarah A McGuffin
35698816
35698816
32444880
30657904
29964279
30202770
20429511
 Arun K Nalla
33655324
33655324
33655319
33006983
32556287
32535397
32511328
32444880
32405257
32269100
32227758
28536375
26512949
23441133
22984561
22511755
22177802
21945852
21855541
21813510
21455571
 Meei-Li Huang
37466213
37466213
37207227
37199630
37074875
36951943
36712077
36695358
36494016
36272098
36146679
36094846
35863699
35862190
35779343
35432373
35393464
35152295
35149986
35058348
35025926
 Alex L Greninger
36851745
36851745
34910859
34007030
33791723
33637820
33564820
33320842
33052361
32697321
32511542
32444880
30383234
29491180
28948184
28287142
26718067
 Keith R Jerome
37466213
37466213
37214809
37207227
37199630
37165032
37162835
37126090
37074875
36951943
36809468
36712077
36695358
36693927
36519118
36352021
36272098
36178789
36146679
36095012
36069983
 Seth A Cohen
37482687
37482687
32827597
32548613
32444880
32437547
32271726
31781872
30169492
30106346
29369837
28476681
27636219
27664579
27438809
26688138
26169004
26112134
25324954
24958489
24958477
 Santiago Neme
35869852
35869852
34686286
32970156
32875494
32827597
32548613
32472688
32444880
32437547
32282371
32271726
30998671
26272715
26110169
 Margaret L Green
33775263
33775263
33764421
32835316
32444880
32275812
31734696
31517766
31112280
30578684
29852744
29038338
28477640
28184381
26947200
25682602
24135372
23744585
22683614
 Helen Y Chu
37484765
37484765
37483554
37451722
37424310
37408748
37352211
37346095
37278994
37277786
37269371
37253011
37200605
36961450
36868218
36851745
36610058
36561191
36484987
36356052
36276877
 H Nina Kim
37426951
37426951
37036709
36726538
36332596
36129038
35796731
35587329
35493129
35364600
35289732
35202048
34951105
34941148
34754884
34729853
34704092
33796434
33780007
33595662
33206277
