Waqas Akhtar
37393133
37393133
36990441
36630276
35906098
35669526
33762376
33250591
24733745
26734249
24057329
21444323
 Olusegun Olusanya
37318298
37318298
36889497
36861982
36751361
36628663
36494258
36228631
36228630
35662515
35154371
35046101
34422109
34422106
33662275
33250591
33030574
32958350
32768252
32425462
29456597
 Marta Montero Baladia
34045363
34045363
33250591
 Harriet Young
34045363
34045363
33250591
20379278
20379276
18194285
17254357
16025701
12243617
 Sachin Shah
37265397
37265397
37195832
37083633
36993304
36873597
36864860
36749720
36495264
36384077
36302521
36282202
36194520
36154617
36152773
36127535
35946131
35915933
35767470
35749753
35557863
Ryan P Barbaro
37260339
37260339
37245647
37140336
37129771
37102713
37075304
36975216
36898772
36804502
36661441
36661437
36661420
36650540
36649974
36228638
36215045
35945343
35940658
35922832
35696701
 Graeme MacLaren
37421269
37421269
37414384
37230097
37141537
37140336
37129771
36924784
36898772
36755270
36658286
36650540
36602314
36564422
36302307
36295065
36286084
36228638
35922832
35749749
35696701
 Philip S Boonstra
36266111
36266111
35607973
35343595
35237377
34599878
34566235
34367405
33907897
33817412
33478274
33428805
33381610
33304001
32987008
32631746
32041486
31927310
34651082
31537486
31530966
 Theodore J Iwashyna
37276589
37276589
37220941
37075304
37069741
37016340
36952016
36951467
36939838
36854911
36787143
36729454
36726705
36688507
36648861
36561190
36528461
36527136
36442148
36419873
36401423
 Arthur S Slutsky
37433221
37433221
37348523
37326646
37321255
37310768
37141537
36961352
36729185
36707634
36437190
36407474
36384004
36335956
36286084
36233592
36228638
36150099
36125018
36038890
35945343
 Eddy Fan
37433221
37433221
37353070
37326646
37280459
37103488
37085223
37085222
37053462
36971437
36938596
36913243
36877009
36750247
36736487
36732476
36693031
36567347
36519989
36451285
36445799
 Robert H Bartlett
37181541
37181541
37146595
37087539
36661447
36290561
36194099
35953340
35649227
35383597
34649727
34380953
34291908
34259654
33967441
33902103
33657573
33541748
33528156
33196480
33031222
 Joseph E Tonna
37387228
37387228
37345545
37317837
37311360
37141537
36871240
36836023
36730940
36526148
36523203
36435686
36431279
36328821
36240835
36173885
36088474
35934132
35931270
35923595
35922832
 Robert Hyslop
36898772
36898772
36394647
35696701
35592842
32987008
19131838
 Jeffrey J Fanning
35349527
35349527
32987008
27861430
26405359
24779124
22070472
20921916
 Peter T Rycus
36228185
36228185
35712783
35167502
34904241
34524154
34324445
33653195
33196480
32987008
32574466
31567421
29144241
28557863
28538440
28074817
27993632
27984321
27625333
27427879
27355824
 Steve J Hyer
32987008
32987008
 Marc M Anders
37436397
37436397
36730653
36228185
35654524
34909701
34767493
34324445
33470779
32987008
32166295
31162368
31026793
27453704
 Cara L Agerstrand
34548196
34548196
33009952
32987008
29852149
25499483
25485559
24625534
24571627
24299971
24015346
23952848
22078673
 Katarzyna Hryniewicz
36168831
36168831
35918847
34599878
34419371
34057992
33530814
33028139
32999090
32987008
32438992
31697214
30956041
29450594
29076942
27045967
26077796
25239116
23352391
20568402
22393564
 Rodrigo Diaz
37466357
37466357
37421269
37414384
37362088
37201778
37099216
37085223
37058437
37015310
36997616
36924784
36851834
36799528
36194610
36100904
36046003
35945343
35772489
35696701
35677852
 Roberto Lorusso
37480551
37480551
37421269
37414589
37414384
37366255
37349063
37240461
37230097
37218216
37216902
37201778
37195957
37171146
37166486
37144113
37141537
37127070
37079722
37078915
37039965
 Alain Combes
37430155
37430155
37395001
37326646
37271651
37201858
37129771
37084689
36958363
36941722
36934400
36924784
36892784
36858709
36804372
36785580
36750852
36738295
36640786
36631602
36624026
 Daniel Brodie
37421732
37421732
37326646
37311360
37294143
37237395
37230097
37221087
37141537
37129771
37085223
36946153
36924784
36755270
36736487
36604753
36603665
36470299
36445799
36413062
36368023
 Peta Alexander
37341529
37341529
37336847
37260339
37102713
37085223
37034103
36926489
36619364
35220828
35125287
35097029
34970677
34970673
34909701
34767493
34380950
34259654
34078845
33989250
33788796
 Nicholas Barrett
37159512
37159512
37116437
37078917
37068133
36942957
36744291
36625181
36575315
36402148
36239077
35870022
35615235
35445986
35052494
34784976
34595187
34550013
34463700
34156477
34146598
 Dale Fisher
37328522
37328522
35867648
35712288
35649633
35611519
35440864
35421376
35421374
35171507
35155470
34919122
34883064
34600446
34530835
34376474
34292998
34260955
34010232
33985496
33901588
 John Fraser
37470165
37470165
37395735
37324632
37237395
37220370
37191479
37166976
37143146
37076935
37062769
37032355
37031869
37012220
37010526
37003849
36988317
36976324
36966340
36932963
36899029
 Ali Ait Hssain
37389876
37389876
37388245
37377780
36870070
36817441
36587751
36498473
36371196
36367935
36240836
36229290
36145109
36070844
35906340
35578949
35578303
35371701
35177642
35132910
34677510
 Jae Sung Jung
34847635
34847635
33670694
31859618
31001451
30382408
30251083
28811761
28811752
28167890
27904461
27147936
26370804
25288991
25288964
24411451
23412057
22888187
21369981
21124057
21046331
 Michael McMullan
36413395
36413395
35664885
35587026
34266667
33948659
33691042
33009103
32662282
32452974
32405232
32141382
34316869
31806135
31573698
31125476
30736845
30684655
30303254
30011351
29974506
 Yatin Mehta
37354467
37354467
37151085
37129771
37114756
37034019
36869382
36864875
36785544
36782379
36714281
36509611
36400318
36278508
36254916
36075294
36060171
35913784
35806919
35799563
35595804
 Mark T. Ogino
37034103
37034103
36571494
33657573
33342366
32604322
32243267
32141382
31833901
31335364
29613889
29528776
28504997
23735991
22238069
 Matthew L. Paden
35943578
35943578
35141182
34643574
34599878
34570725
33732992
33657573
33461205
33342366
32740365
32243267
31953749
31688811
31045919
29746311
29139162
28937504
28863043
28557863
27984321
 Kiran Shekar
37432520
37432520
37421269
37414384
37351569
37318293
37300631
37230097
37201778
37129771
37048711
37015310
37000676
36640478
36583777
36473254
36335956
36295065
36215036
36207199
36203770
 Christine Stead
37034103
37034103
36545251
34599878
33657573
32243267
 Yasir Abu-Omar
37143414
37143414
35686535
35597625
35283098
34766706
34702105
34317675
33841982
33841976
33248525
32958407
32793680
32766699
32746882
32642148
32460650
31281013
31221511
30954123
30945451
 Vanni Agnoletti
37480129
37480129
37423956
37404202
37355698
37328817
37254058
37217390
37189134
37170123
37118816
37051061
37024937
36959605
36934276
36846540
36803568
36751343
36707879
36671377
36639810
 Anzila Akbar
36587751
36587751
31384572
 Huda Alfoudri
37129771
37129771
35941887
35349521
34909767
34156477
33627597
33511802
33425386
33199287
33089061
32451584
31908911
 Carlos Alviar
37477022
37477022
37417231
37395328
37339233
37318422
37073094
36989550
36977611
36871240
36610519
36521683
36416902
36372248
36280471
36238193
36029517
35899245
35606175
35134860
35051622
 Vladimir Aronsky
 Erin August
35184084
35184084
 Georg Auzinger
36811875
36811875
35297508
35226644
35226643
35111961
34755842
34422107
34099652
33908067
33214388
32768001
32683724
32602249
31977351
31968130
31695737
31119746
31064171
30712031
29694265
 Hilda Aveja
 Rhonda Bakken
31337991
31337991
 Joan Balcells
37387196
37387196
37173806
36759938
36744919
36541036
36121561
35138467
34889174
34872890
34711532
34575764
34286374
34000021
33712406
33632636
33010961
32649505
31335286
29616610
29571648
 Sripal Bangalore
37477022
37477022
37468185
37462593
37417231
37382152
37212152
37105278
37100559
37100486
36989550
36869786
36844107
36802805
36780372
36697158
36644362
36599590
36516938
36416902
36411058
 Bernard W. Barnes
 Alaiza Bautista
37470996
37470996
37449840
37432774
37426689
37416091
37398219
37396820
37383831
37379934
37376057
37367287
37366703
37358044
37337839
37335107
37322481
37317170
37313385
37310221
37308097
 Lorraine L. Bellows
 Felipe Beltran
35344262
35344262
35224287
34840360
34571270
33667062
29582588
27188756
26633354
26456058
24336051
21321936
19457103
 Peyman Benharash
37473624
37473624
37409072
37381049
37355408
37316419
37258097
37230867
37228108
37224136
37217387
37212353
37212236
37208921
37203440
37202306
37183876
37183095
37182822
37181545
37170846
 Marco Benni
35645162
35645162
35544442
34625110
33726530
33363256
32780867
31889990
31085950
29078669
28855960
12665780
 Jennifer Berg
30064149
30064149
24439094
24247760
21766014
15724853
15311832
12961822
12056674
 Pietro Bertini
37258366
37258366
37046568
36988408
36926288
36879554
36859647
36759264
36726212
36219144
35785929
35687316
35537972
35512457
37386537
34933063
34906383
34039874
34018993
33980426
33766471
 Pablo Blanco-Schweizer
36640786
36640786
34824058
34499190
33723019
33522867
31848084
31237615
 Melissa Brunsvold
36639061
36639061
35948486
35842405
35649224
35609186
35402045
35372849
35365435
35265853
35238935
34925957
34726514
34607788
34494893
34087622
33532098
33492851
33303187
33196050
32886469
 Jenny Budd
33950887
33950887
 Debra Camp
22314147
22314147
 Mark Caridi-Scheible
34259667
34259667
34135281
32991356
32932345
32804790
32769822
32577593
32511599
32452888
32287132
31437248
28393777
27655026
 Edmund Carton
33225355
33225355
31425257
31014165
30379653
28803505
22963214
12734150
 Elena Casanova-Ghosh
26597512
26597512
22409904
22372872
21143858
18496285
18442558
18022528
 Anthony Castleberry
37071756
37071756
36790862
36276687
35938789
35864745
35275015
34634242
34455701
34403207
34316995
33528166
31478259
30635192
30529215
30360930
28342650
28295652
28131666
28082025
28018757
 Christopher T. Chipongian
 Chang Woo Choi
34667138
34667138
33767006
33234766
28795787
27531338
27052453
31724596
26539019
 Alessandro Circelli
37039809
37039809
36751343
36730950
36671377
35801983
35645162
35544442
35372442
34625110
33726530
33363256
32780867
32605582
32193979
31889990
31085950
21092211
 Elliott Cohen
37229525
37229525
29173003
25892056
12091165
 Michael Collins
37456641
37456641
37444121
37435833
37360545
37343576
37338928
37296158
37289077
37283548
37220657
37193731
37170418
37140840
37129699
37125834
37102469
37095856
37091244
36950234
36943390
 Scott Copus
24201855
24201855
 Jill Coy
 Brandon Crist
 Leonora Cruz
30889795
30889795
29388131
 Mani Daneshmand
37429566
37429566
37285526
37205562
37059177
36841643
36752696
36639288
36623634
36521521
36003474
35766449
35317693
35167677
34795930
34634150
34437327
34338072
33347997
32956516
32919975
 Daniel Davis II
31116824
31116824
 Kim De la Cruz
37082454
37082454
35702360
34118080
33487428
32603467
32148449
32067785
31597614
31010586
31005304
30955955
30928555
30904252
30737107
30582925
30029784
29896041
29775606
29509879
29365069
 Cyndie Devers
 Toni Duculan
 Lucian Durham
37465241
37465241
37337243
36435648
36209244
35957490
35935771
35439176
34988092
34649807
34388239
34318155
34243188
33971300
33789179
33741787
33428241
33078433
32740352
32526807
32352901
 Subbarao Elapavaluru
34259178
34259178
33838981
30638923
28017353
27542899
27378736
26897199
22872748
 Carlos V. Elzo Kraemer
36720132
36720132
36600027
36562620
36402123
36342643
35578271
33549899
33491147
33257915
31294070
31151721
30738245
 EDMÍLSON CARDOSO Filho
37213794
37213794
36907028
35988499
34909864
34528874
34488654
34258368
33784760
33564374
33507412
32935826
32729181
32618495
32234025
32160421
31099189
30741349
29995152
29893438
29484512
 Jillian Fitzgerald
34013023
34013023
33988538
 Giuseppe Foti
37329389
37329389
37310174
37208282
37176785
37083488
37046578
37041553
37024758
36971402
36934855
36889040
36801828
36765463
36757971
36690081
36627490
36584022
36519981
36503025
36464607
 Matthew Fox
37467217
37467217
37466185
37397436
37339008
37294849
37292689
37261724
37141446
36942638
36940787
36931371
36821489
36816348
36813297
36778439
36766611
36722918
36717257
36642498
36627249
 David Fritschen
 David Fullerton
37414250
37414250
37382896
37292905
37191472
36822134
36462379
36388647
36097635
36037361
35934556
35493479
35411432
35220624
35210042
35183504
35062861
35001242
34980465
34763893
34534678
 Elton Gelandt
25849687
25849687
 Stacy Gerle
 Marco Giani
37387204
37387204
37318300
37083488
37030309
37019087
36971402
36765463
36720036
36717119
36651655
36519981
36464607
36240836
36228637
36227730
35945343
35935771
35700589
35330906
35329965
 Si Guim Goh
29590420
29590420
18291186
 Sara Govener
 Julie Grone
34820816
34820816
 Miles Guber
 Vadim Gudzenko
36801176
36801176
36720300
35403027
34906571
34802012
34506329
33673615
33564612
32127263
31570291
28494887
27551734
24371250
23351230
17545475
 Daniel Gutteridge
31295675
31295675
31127922
25729334
25560226
 Jennifer Guy
35981562
35981562
35049485
34331914
33437906
33197225
31374215
30660729
30045230
29175528
26576104
26240773
25045002
24897016
24825513
24764777
23857723
23597797
22083023
21221784
21046247
 Jonathan Haft
37290838
37290838
37269254
37115166
37100561
37034103
36923547
36801119
36795800
36545251
36386343
36342716
36330008
36326700
36194099
36150477
35817270
35788020
35649227
35488767
34838740
 Cameron Hall
37378126
37378126
36625970
33744050
33327105
32416180
31822584
31816295
28523375
24511257
22655176
22246694
21168423
19407018
15570150
 Ibrahim Fawzy Hassan
37078917
37078917
36924784
36587751
35251950
31763205
31763204
31384572
29790824
28743311
27080997
 Rubén Herrán
 Hitoshi Hirose
36936456
36936456
36680583
36545251
36348905
36247439
35595089
35128316
34860185
34507872
34369601
33738855
33657914
33640136
33414029
33198559
33015878
32816113
32705400
32333431
32308098
 Abdulsalam Saif Ibrahim
37207082
37207082
36587751
31384572
29790824
19382273
18346648
18059121
 Don Igielski
 Felicia A. Ivascu
36994704
36994704
36928294
35788283
26481424
19245905
18849791
18650706
17215729
16917444
16385291
15991192
15792766
15481298
15283098
 Jaume Izquierdo Blasco
37173806
37173806
35138467
34575764
34286374
34000021
33632636
31335286
25652766
22937436
 Julie Jackson
37040662
37040662
35701172
35667887
34719866
34535158
34234032
33508203
32843505
31598550
30787283
30539147
30156229
29790866
29208754
28405087
28352093
27827332
27824463
30996619
27429209
 Harsh Jain
37435249
37435249
37309589
37065338
36891019
36872714
36872678
36619168
36192284
36076685
35858953
35751196
35071094
34729219
34654140
34268149
33919753
33779114
33644515
33642305
32982134
 Bhavini Jaiswal
 Andrea C. Johnson
37437421
37437421
37257762
35840318
35287035
34843319
34716283
34620718
34583271
34554369
34436927
34415010
33895661
33255675
33073594
33033657
32440243
34504901
31867656
31742460
31722424
 Jenniver A. Jurynec
36931692
36931692
36262470
36262469
36184273
35988889
35732460
34401238
33533088
33026655
32940959
32231306
31784460
31761504
31708433
29860498
29754802
29659823
27443923
27003937
22916025
 Norma M Kellter
 Adam Kohl
33732174
33732174
 Zachary Kon
36842938
36842938
36759123
36517135
36229329
36168330
35609187
35483095
35461708
35282865
34796960
34728084
34658078
34514117
34473044
34437329
34380951
34219277
33839138
33826583
33781131
 Markus Kredel
34943664
34943664
34544463
34298573
34298572
34078393
33827131
33392222
33296498
33232382
32797297
32795241
32423431
32335685
31830306
31570361
31351452
30717805
30608863
29766320
29419538
 Karen Kriska
 Chandra Kunavarapu
36926047
36926047
34615404
33673615
31548034
25130063
25107350
19291514
18389526
17683908
16399528
15119692
14531773
 Oude Lansink-Hartgring
36995209
36995209
36402123
36248318
35578271
35466442
35314097
35100195
34060061
31630073
31147209
30883503
30306364
30038208
29523153
29306908
26983857
26571188
21934184
20036070
 Jeliene LaRocque
34235455
34235455
 Sharon Beth Larson
33229971
33229971
33039361
 Tracie Layne
 Stephane Ledot
37423386
37423386
37373734
37276353
36476240
36402148
36265137
35579687
35568507
35514055
35304616
35238946
34622443
34616664
34388841
34160032
34144551
34053349
33864751
33771194
33620436
 Napolitan Lena
 Jonathan Lillie
28784600
28784600
27902649
27512522
24846039
 Gösta Lotz
 Mark Lucas
36097635
36097635
34211145
33966854
33050476
32909008
32789912
32669735
31782766
31730362
30901234
30829498
26529019
26494144
26405355
25198673
22664872
22184403
21088959
20485572
19218393
 Lee Ludwigson
32471723
32471723
32467059
 Jacinta J. Maas
36402123
36402123
36248318
35578271
35100195
29523153
29367093
23128382
22763909
22584797
22344243
21830048
20803060
20168223
19250838
19237896
18796471
 Joanna Maertens
 David Mast
37102735
37102735
36676230
33837260
33825437
33170617
33002629
32733171
31956795
31877009
28698367
27934511
27612683
26861917
26323034
25899408
25592181
25491964
28344254
25063092
24710426
 Scott McCardle
28716477
28716477
28710153
26416764
26414452
6526150
 Bernard McDonald
37160823
37160823
36912124
36630120
36031415
33743980
32695976
32505601
32115016
31113712
30506711
30398978
29858989
28826154
28583157
26847748
25650335
25440620
25169897
25169040
25086946
 Allison McLarty
36294701
36294701
36003448
34075820
33988538
32599034
32376348
31298625
30709670
27922885
26462253
25983564
25870369
25655070
22524742
19934915
18520237
12824960
12690211
11888738
 Chelsea McMahon
37347913
37347913
35679210
34694833
29381559
28501347
19412497
16879663
16528082
15794772
 Patrick Meybohm
37380568
37380568
37326637
37244835
37192637
37192636
37146598
37100832
37072702
37044107
37041316
37005650
36983099
36978731
36978684
36912124
36815533
36799969
36794901
36794262
36728724
 Bart Meyns
37427089
37427089
37421269
37414384
37351569
37201778
37123643
37039965
37015310
36917328
36912728
36855905
36637204
36547014
36460627
36416896
36402148
36370033
36351749
36321584
36311247
 Casey Miller
37397579
37397579
37308469
36847239
36067262
35317693
34886710
32548268
30746441
30063669
29415524
27309725
27159231
26883817
26871355
26833390
26507636
26253874
23568090
21221125
20363911
 Fernando Moraes Neto
35703657
35703657
30810683
30112600
26313727
24896157
21340392
20563462
20305931
19768294
18820785
18157420
 Kelly Morris
36525044
36525044
35716377
29118833
28869328
28850106
27418698
26941459
26700852
25678556
24049780
23770676
23755397
23734387
23084901
22305566
22265620
21842546
21682011
21601697
21591283
 Ralf Muellenbach
37192638
37192638
37146598
37101845
37059117
36930266
36716795
36507960
36431292
36362465
36167311
36074153
36066356
35882064
35765102
35629818
35617687
35576879
35412477
35146534
35044896
 Meghan Nicholson
36872579
36872579
 Serena O'Brien
34289517
34289517
32969505
30038237
20543169
 Kathryn O'Keefe
20532834
20532834
 Tawnya Ogston
 Gary Oldenburg
35764346
35764346
32355970
30199386
27834763
27746030
25280643
23287906
 Fabiana M. Oliveira
33307781
33307781
33100186
27271349
17160214
 Emily Oppel
 Diego Pardo
34568434
34568434
32927555
32615475
25880652
24110818
 Sara J. Parker
 Finn M. Pedersen
36906734
36906734
36402148
35692913
33926922
29703851
29053099
23608010
23608009
16162759
16109256
15650978
11923784
 Crescens Pellecchia
21030490
21030490
 Jose A.S. Pelligrini
 Thao T.N. Pham
37189528
37189528
36918251
36240177
34814830
34556710
28619105
26824228
 Ann R. Phillips
 Tasneem Pirani
37150798
37150798
37041047
35960275
33512941
33363781
33259738
32526046
32185866
27556837
 Robert Plambeck
36582905
36582905
36578625
35832570
35705249
34186039
34044140
33544243
33197405
33063033
32590388
 William Pruett
36310800
36310800
35893707
35705249
32843505
32827094
28637272
26525338
24744900
24058546
22154846
 Brittany Quandt
 Kollengode Ramanathan
37445530
37445530
37407305
37360866
37351569
37230097
37220070
37201778
37129771
36795711
36781153
36755270
36335956
36308514
36302307
36295065
36228638
35924196
35729010
35718960
35680334
 Alejandro Rey
37395483
37395483
36732541
36662650
36444363
35956968
35797700
35589676
35564263
35428159
35378478
33649061
33286678
33260942
32934229
32916578
32866779
32688582
31550648
31525883
30694286
 Christian Reyher
36431292
36431292
36362465
35617687
35412477
35044896
33503608
33392222
33296498
33258990
32191970
30678657
30106784
28872484
27067581
26757210
26436208
25440640
25291527
25083831
24632426
 Jordi Riera del Brio
 Rachel Roberts
37450331
37450331
37249793
36942456
36921621
36759178
36603944
36595553
36515397
36471566
36464536
36429821
36384231
36368218
36175605
36170443
36087586
35410503
35329321
35254151
35183891
 David Roe
37128717
37128717
36892875
36873214
36650458
36044705
35981970
35771140
35442174
35357441
35357440
35340092
35101158
35015343
34865627
34672639
34369809
34342140
34276710
34231884
34138608
 Peter P. Roeleveld
36688688
36688688
36625181
36300272
36186624
34597208
33027243
32862767
31833901
31497583
30223915
29945513
29187107
29092664
28520538
26808621
24958041
18477924
 Janet Rudy
 Luis F. Rueda
 Emanuele Russo
37370612
37370612
37328817
37254058
37051061
36902513
36846540
36751343
36671377
36431267
36429941
35956026
35754913
35645162
35595041
35544442
35449556
35372442
35242987
35088836
35034320
 Jesús Sánchez Ballesteros
35510152
35510152
34839888
33153825
31848084
31237615
21148852
11375663
6191481
 Nancy Satou
36193709
36193709
28431419
28379981
28195882
26580138
25264651
25264648
24629418
24160795
24160781
 Mauricio Guidi Saueressig
35894389
35894389
34669833
33503133
33478326
29974773
29685237
28528427
28380191
27383936
26291260
24831409
22267139
21616676
19466278
18982201
 Paul C. Saunders
33214868
33214868
33185138
32496274
31886071
25129670
22542068
21718883
21092805
16684050
16455335
16303874
16284240
16242443
15919330
15597578
15285232
15197696
15115983
15052199
14762348
 Margaret Schlotterbeck
 Patricia Schwarz
37061719
37061719
34480058
34244316
33759648
33745022
33741385
33599858
30251909
30235942
29501468
24831409
18616292
18243111
18162525
17823394
15664000
 Nicole Scriven
 Alexis Serra
37348524
37348524
34233748
34077700
33627596
33049143
33031151
33004237
31978318
31356471
31181462
19364825
 Mohammad Shamsah
33627597
33627597
32886349
 Lucy Sim
35460199
35460199
33398635
32613526
31696648
30387550
30230247
25129321
18681938
 Alexandra Smart
32171376
32171376
24289781
22732283
21950704
20133343
14751034
 Adam Smith
37434984
37434984
37434131
37429880
37398036
37329113
37327416
37323472
37319199
37315787
37265690
37243295
37224421
37205408
37200535
37166656
37059132
37034585
36995687
36905563
36810956
 Deane Smith
37360841
37360841
37354946
37337243
37211334
36911270
36820336
36731047
36684567
36567600
36318931
36168330
36053676
36004138
35940654
35940652
35793716
35678734
35609187
35483095
35403056
 Maggie Smith
35247109
35247109
34711266
34633680
32687780
32613868
32567119
30893749
28056527
27441516
25758695
25054373
24139482
17390979
17205888
 Neel Sodha
36727930
36727930
36063884
36008180
36004241
34756431
34713498
34688487
34678282
34506225
34384141
33795038
33662547
33600971
33559477
33470641
33302954
33198971
33188751
32915887
32875196
 Michael Sonntagbauer
37115245
37115245
36548643
36503438
34920374
33417674
33392222
33296686
32972429
32646469
30685429
 Marc Sorenson
23845094
23845094
23274027
22928068
19346976
 Eric B Stallkamp
 Allison Stewart
37443880
37443880
37289191
37148171
37112656
36914755
36911356
36737284
36398927
36359062
36288186
36288169
36253469
36131019
36122239
35440668
35158648
35134138
35052931
35004241
34890784
 Kathy Swartz
21532495
21532495
11826239
 Koji Takeda
37480861
37480861
37429021
37425463
37421732
37345518
37330208
37288128
37285526
37260947
37098374
37086965
37067485
37062338
36946153
36938656
36820340
36806438
36730984
36710110
36702936
 Shaun Thompson
37071756
37071756
36097635
34913642
34800387
36003564
29189437
22835521
21531041
17286860
16288651
 Bridget Toy
36731047
36731047
36508606
35609187
35483095
35285339
34380951
34339400
33645507
33567855
33335831
31544474
31045921
 Divina Tuazon
36150083
36150083
31350144
29977467
29977466
 Makoto Uchiyama
37441885
37441885
37168089
37076642
36897197
35662074
35296912
35193545
35129832
34986992
33785409
33551876
33516622
33230185
32975876
32944056
32679097
32558361
32238641
32044553
31954287
 Obiora I. Udeozo
 Scott van Poppel
36153137
36153137
16275610
15459600
 Corey Ventetuolo
37450768
37450768
37311249
37230098
36691988
36629737
36556350
36484057
36470050
36130991
36053665
35951428
35608538
35549658
35506088
35482836
35380935
35306387
35143371
35119972
35072083
 Leen Vercaemst
36625181
36625181
35649227
35089258
34505911
34339398
33256824
32500818
32451698
32397888
32397884
32295631
31694688
30966910
30966909
29792775
29516711
28402093
19192755
17470208
15918447
 Nguyen V. Vinh Chau
37324161
37324161
37274950
36417035
36227390
36176331
34861767
34420048
34405594
34342576
33926479
33269295
32063229
31924199
31173410
30809591
29358416
28859616
28198682
28034883
26742945
 I-Wen Wang
37421269
37421269
37414384
37351569
37201778
37015310
34774548
34322729
34286469
32981709
32253516
31522913
31421976
31389633
30278955
29650408
29031521
28633256
28361068
27979472
27782305
 Carrie Williamson
20228327
20228327
 Brock Wilson
32690558
32690558
31113712
16503424
 Helen Winkels
Matthew Charlton
35395297
35395297
33755010
33237918
33181199
31883453
31771971
30334577
29118834
28886914
25526354
23223275
21879747
 Susan Dashey
33181199
33181199
31883453
31591929
29629836
25886844
 Abigail Stubbs
33181199
33181199
 Florence YL Lai
33181199
33181199
30134142
 Paul W Bird
36796680
36796680
36773772
36298788
36214778
36048856
35261730
34585754
34337384
34173993
34062181
33992689
33887316
33744303
33595119
33559907
33548358
33181199
32956734
32800801
32568434
 Vinay Badhwar
37454786
37454786
37389506
37353103
37324352
37160223
37037415
37025683
36754512
36722585
36682604
36669963
36669958
36510534
36509198
36483614
36420407
36378930
36276700
36252724
36237589
 Julian W Tang
37308209
37308209
37277129
37169263
37112923
36892177
36866737
36849175
36773772
36708091
36345428
36298788
36298763
36244375
36243199
36214778
36040283
35980830
35932777
35817231
35811371
Nicolas Cousin
36525683
36525683
35820702
33810800
33060407
32665007
 Claire Bourel
37106730
37106730
34966560
33060407
32665007
 Dorothee Carpentier
36907976
36907976
36840825
36805208
36209696
35718570
34912882
34635157
33830370
33060407
31194755
29642928
29351007
28462226
27441901
27566712
27181456
27151559
25902813
 Julien Goutay
36525683
36525683
35820702
35696619
35528276
35371025
34966560
34560717
34311154
33810800
33802451
33626910
33306164
33093279
33060407
32970476
32881304
32708264
32330083
 Agnes Mugnier
35643333
35643333
35528276
35090808
34560717
34560040
33497673
33381882
33060407
32176383
32084372
30107394
26234879
 Julien Labreuche
37462028
37462028
37384665
37376989
37350574
37326645
37288701
37159035
37105208
37068937
37058152
37021179
36931807
36912965
36852526
36800688
36684808
36624161
36592202
36542074
36538315
 Elise Godeau
33060407
33060407
30963009
 Thomas Clavier
37344339
37344339
37227950
37190233
37173167
37094177
36970976
36931905
36550556
36466388
36282551
36232517
36209696
36012201
35956186
35857379
35750514
35530038
35470051
35460922
37463041
 Steven Grange
37392208
37392208
37382950
37042964
36723637
36209696
36126365
35791491
35618097
35599703
35074934
35007383
34912882
34284729
34175183
34160987
34152955
33976652
33812488
33551369
33531265
 Fabienne Tamion
37324631
37324631
37202070
37173167
37020516
36958363
36611211
36209696
36167550
36012201
35984574
35956186
35779125
35268474
34983611
34912882
34848756
34817634
34519638
34372897
34233745
 Arthur Durand
37106730
37106730
35528276
34966560
33306164
33060407
30664011
30325871
29767321
29445877
29201271
28826719
28526086
27973394
27232279
25480773
 Mouhamed D. Moussa
37387212
37387212
37226174
36958473
36934980
36028883
35933465
35894774
35781575
35703468
35643333
35574483
35090808
35041738
34945106
34714250
34600813
34560717
34560040
34256165
34067573
 Thibault Duburcq
36525683
36525683
36519982
36519981
36240836
35820702
35456266
35090808
35037993
34986895
34768359
34560717
34161365
33306164
33093279
33060407
32957124
32858566
32852675
32665007
32546181
Pierre-Emmanuel Falcoz
37421406
37421406
37356802
37280062
37267148
37195303
37181374
36682142
36591560
36346188
36280616
36003767
35885668
35884982
35625840
35543477
35459942
35355049
35348610
35084028
34871387
 Alexandra Monnier
36810101
36810101
35849736
34726295
34521655
32909917
32795240
32771053
32543208
31260794
28894877
28265980
27709722
 Marc Puyraveau
36693146
36693146
36464238
36404990
36272353
35037182
34834958
34768176
34675839
34636974
34332494
34247325
34162593
34036334
33359695
33290322
33069971
32993784
32769511
32678253
32579825
 Stephanie Perrier
35303617
35303617
34416229
33928937
32959075
32642173
32543208
32447390
32395287
34317700
31535326
30906577
30878386
30392944
30273646
30119903
29709356
29590359
29233334
29153812
28935310
 Pierre-Olivier Ludes
35227970
35227970
33732235
33662543
33197638
33129491
32877312
32543208
32303379
31883375
29244074
29080909
28589148
22878350
 Anne Olland
37421406
37421406
36565563
36180087
36003767
35884982
35871113
35625840
35525096
35511230
35403818
35370034
35000283
34435637
34378012
34113993
34023891
33896544
33531191
33236089
32588059
 Paul-Michel Mertes
37477585
37477585
37357801
37014362
36983237
36967281
36934980
36758855
36701251
36657613
36436761
36376109
36290359
36199091
36058191
35741440
35632691
35625458
35504126
35501216
34741356
 Francis Schneider
37410588
37410588
36958363
36898751
36823716
36810101
36776263
36657613
36297613
36248786
36090980
35804966
35632691
35544360
34974638
34973047
34932452
34848756
34817718
34698500
34607069
 Julie Helms
37380873
37380873
37350989
37237452
37221630
36961528
36929423
36808215
36700496
36695377
36657613
36635740
36609608
36282222
36038712
35989192
35910972
35849736
35632691
35103766
34727214
