Achraf Ammar
37398951
37398951
37139442
37077801
36678270
36636199
36554057
36505246
36439247
36438750
36421643
36388104
36337699
36320806
36291523
36272061
36247962
36246110
36054086
35992695
35894967
 Hamdi Chtourou
37398951
37398951
37295782
37279900
37222224
37139442
37104494
37068775
36895634
36868375
36810282
36678270
36636199
36636191
36554057
36505246
36498313
36498248
36458504
36438750
36424664
 Omar Boukhris
37398951
37398951
36668718
36661607
36636199
36554057
36505246
36438750
36291523
36272061
35894967
35811531
35611984
35512756
35222079
34937979
34937958
34693577
34687439
34665981
34572225
 Khaled Trabelsi
37484221
37484221
37398951
37368559
37297800
37139442
37128316
37090771
36981506
36868375
36805620
36760899
36713639
36698079
36678270
36661607
36636199
36636191
36554057
36505246
36439247
 Liwa Masmoudi
36760899
36760899
36554057
36521407
36438750
36291523
36054086
35845770
35791877
35723054
35457760
35390047
34937958
34572225
34412539
34128455
33921852
33910395
33807851
33795912
33152030
 Michael Brach
37486732
37486732
36932320
36449340
35422692
35391986
34937958
33921852
33795912
33433394
33152030
33013497
32872154
32867287
32481594
27676362
25688602
24317380
22188781
21762090
21627823
 Bassem Bouaziz
35811531
35811531
35789599
34937958
34693577
34475622
33921852
33809740
33807851
33802357
33795912
33152030
32961777
32867287
32481594
32466148
32204500
 Ellen Bentlage
36449340
36449340
34937958
33921852
33795912
33433394
33152030
33013497
32872154
32867287
32481594
 Daniella How
36449340
36449340
35422692
34989780
34937958
33921852
33795912
33433394
33152030
32872154
32867287
32481594
 Mona Ahmed
37486732
37486732
37364126
37275045
37248886
37076326
37035850
36874270
36449340
36381866
36282380
35952731
35805830
35802733
35642346
35605300
35480877
35408516
35337436
35326929
35084404
 Patrick Mueller
36733693
36733693
36001638
35581297
34937958
34721079
34333695
34258769
33921852
33795912
33549449
33347606
33159547
33152030
32867287
32213980
32116740
31642070
29357126
29327782
28762234
 Notger Mueller
36968784
36968784
36193332
35581297
34937958
34356185
34332042
34069547
33921852
33808225
33795912
33681800
33152030
32867287
31391505
20489175
 Hsen Hsouna
35611984
35611984
35222079
34937979
34937958
34665981
33998848
33921852
32867287
32664557
32605240
32570815
32365914
31491444
31368367
31281263
31163075
31109004
30207750
 Asma Aloui
36521407
36521407
36272061
36247962
35894967
35657065
34937958
34687439
33921852
33795912
33273912
33152030
32867287
32481594
31692874
31692700
31691947
31691936
31535714
30325488
29873546
 Omar Hammouda
37077801
37077801
37051719
36710112
36636199
36579842
36337699
36272061
36247953
36129795
36074940
36054089
35896119
35894967
35845770
35784859
35723054
35708140
35611984
35575746
35470727
 Laisa Liane Paineiras-Domingos
37176687
37176687
37124907
37114886
36832342
36769830
36612756
36429572
36317023
35845770
35784859
35108491
34937958
34878639
34827202
34699285
34391233
34277552
33921852
33886773
33795912
 Annemarie Braakman-Jansen
36451119
36451119
34937958
34623314
33921852
33843596
33807851
33795912
33152030
32867287
32481594
31775734
33401370
28821287
27071903
24833758
21348905
 Christian Wrede
36451119
36451119
36316718
35804401
35016633
34937958
34720731
34623314
33921852
33843596
33807851
33795912
33152030
32867287
32481594
28189213
28145941
22265921
21366502
21330869
20016379
 Sophia Bastoni
34937958
34937958
33795912
33152030
32867287
 Carlos Soares Pernambuco
34937958
34937958
33921852
33795912
33152030
32867287
32481594
31375458
30365798
24845606
23375799
26761251
19131122
 Leonardo Jose Mataruna-Dos-Santos
37156543
37156543
37139442
36272061
35894967
35845770
35784859
34937958
34878639
34687439
33921852
33152030
 Morteza Taheri
37362084
37362084
37139442
36866053
36799832
36571754
36320806
36308396
36005919
35749299
35731731
35507944
35029793
34957364
34937958
34584662
33998848
33921852
33845710
33795912
33646938
 Khadijeh Irandoust
36998709
36998709
36866053
36571754
36320806
36005919
34937958
33921852
33795912
33525001
33409843
33176381
33152030
32867287
32481594
31861878
31717625
31368367
29643582
25729184
 Aïmen Khacharem
 Nicola L. Bragazzi
37484221
37484221
37444717
37418479
37398951
37387389
37372810
37347013
37333847
37293450
37150648
37143752
37139442
37138980
37128316
37090771
37081848
37079131
36996128
36981506
36914922
 Jana Strahler
37182428
37182428
37139442
37138254
36436144
35895611
35356731
34938204
34937958
34290650
34281054
33955559
33921852
33840074
33822748
33795912
33650987
33605191
33322755
33260760
33152030
 Jad Adrian Washif
37398958
37398958
37139442
37030665
36714309
36470251
36272061
36247962
36247941
35894967
35845770
35784859
35010662
34937958
34878639
34687439
33921852
33521634
33152030
32867287
32774536
 Albina Andreeva
34937958
34937958
34280882
33921852
33795912
32867287
32560335
12657740
 Samira C. khoshnami
34937958
34937958
33921852
33795912
33152030
32867287
 Evangelia Samara
37440820
37440820
37360206
37346439
37314428
37269246
37225546
37066782
36639096
36465757
36092853
36066056
36038445
35848407
35248434
34937958
34680833
34367807
34335908
34012734
33921852
 Vasiliki Zisi
37218884
37218884
36141554
34937958
33921852
33795912
33152030
32867287
32147709
30877730
26973962
 Parasanth Sankar
34937958
34937958
33921852
33795912
33152030
32867287
 Waseem N. Ahmed
34937958
34937958
33921852
33795912
33662838
33152030
33110770
32956926
32867287
 Mohamed Romdhani
37077801
37077801
37057155
37030665
36998709
36842064
36799832
36470251
36458504
36337699
36320806
36308396
36272061
36268677
36247962
36247953
36247947
35894967
35845770
35784859
35470727
 Jan Delhey
37235201
37235201
36968760
36405377
34937958
33921852
33795912
32867287
25683956
23017805
 Stephen J. Bailey
37485396
37485396
37439906
37438849
37438201
37371924
37299456
37244391
36889537
36808666
36785894
36771490
36670889
36145080
36030522
35460359
34937958
34851051
34151694
34099037
33921852
 Nicholas T. Bott
35283803
35283803
35119374
34937958
34087515
34025472
33921852
33795912
33152030
32867287
32481594
32466148
31546966
31161968
31104021
30477913
28960237
28701915
28492832
28344553
27307467
 Faiez Gargouri
35789599
35789599
34937958
33921852
33795912
33152030
32867287
32481594
31848894
30066122
25224426
20517862
 Lotfi Chaari
35789599
35789599
34937958
33921852
33802357
33795912
33152030
32867287
32481594
32341719
27166741
26126270
24782699
24619431
24111297
23096056
21995037
21106436
 Hadj Batatia
34937958
34937958
33921852
33795912
33152030
32867287
32561700
32481594
29296480
27639353
27166741
26126270
25532177
25370662
24111297
23475357
23464338
22434797
22293736
21096015
 Gamal Mohamed Ali
35165881
35165881
34937958
33921852
33795912
33152030
32867287
32481594
 Osama Abdelkarim
37484080
37484080
37461103
34937958
34444086
33921852
33795912
33152030
32867287
32481594
31861878
30990367
30138239
28895467
28758938
27764091
26453313
 Mohamed Jarraya
37410792
37410792
37126081
37063459
36739144
36542129
36538066
36521407
36442963
36161341
35997992
35657065
35399280
35379082
35245416
35090365
34937958
34931859
34881853
34869512
34828773
 Kais El Abed
34937958
34937958
33921852
33795912
33152030
32867287
32481594
32322289
32290148
32143716
31691938
31691935
31354512
31154342
30860407
26453313
25117722
22375238
22375232
22248495
21869626
 Nizar Souissi
37057155
37057155
36670682
36612652
36521407
36498248
36458504
36363518
36268677
36247953
36232246
36054089
35845770
35836586
35784859
35657065
35603451
35575746
35309526
35222079
35187153
 Lisette Van Gemert-Pijnen
37410533
37410533
37284014
37035479
36961491
36897635
36719715
36451119
35289759
35275082
34937958
34777290
34665904
34623314
34053435
33996509
33921852
33843596
33807851
33795912
33662179
 Bryan L. Riemann
37459210
37459210
37425106
36548500
36535273
35999422
35844152
35490611
34937958
34735309
34065510
34055144
33921852
33795912
37341133
33152030
32871550
32867287
32795890
32769014
32481594
 Laurel Riemann
34937958
34937958
33921852
33795912
33152030
32867287
32481594
 Wassim Moalla
37077784
37077784
37070425
36747295
35409476
34937958
34070866
34051150
33921852
33795912
33761460
33716015
33152030
33065708
32867287
32481594
32259303
32218750
31507447
31154342
30942645
 Jonathan Gómez-Raja
 Monique Epstein
36820367
36820367
34937958
33921852
33795912
33152030
32867287
32481594
 Robbert Sanderman
37408335
37408335
37035479
36622531
36616929
36600229
36516852
36314782
35916691
35915438
35874644
35646602
35240931
35093956
35060222
35055644
35052307
34983768
34937958
34869422
34855608
 Sebastian Schulz
37256146
37256146
37186604
37156807
37120432
36869193
36620969
36591274
36533856
36499657
36477204
36422277
36410372
36366573
36327999
36116462
35777385
35675769
35630304
35588741
35581351
 Achim Jerg
37189854
37189854
37186604
37033771
36477204
34937958
34830458
33921852
33795912
33152030
32867287
32481594
28584868
26958652
 Ramzi Al-Horani
36272061
36272061
36143977
35894967
35845770
35784859
34937958
34878639
34687439
33921852
33826086
33795912
33152030
32867287
32481594
30676864
29463352
29424350
 Taiysir Mansi
35969585
35969585
33315880
32867287
32481594
 Mohamed Jmail
34937958
34937958
33921852
33795912
33152030
32867287
32481594
 Fernando Barbosa
37479612
37479612
37474543
37467941
37457066
37432290
37348630
37338437
37318302
37230361
37224977
37173606
37080103
37073431
37030406
37001656
36961188
36901297
36895096
36891955
36878270
 Fernando Ferreira-Santos
37173606
37173606
36878097
35917838
34937958
34517035
33921852
33815168
33811953
33795912
33152030
32867287
32481594
32167178
31572273
31464491
31407984
31033303
30922768
30065878
29641650
 Rado Pišot
 Saša Pišot
 Andrea Gaggioli
37101489
37101489
37015077
36940287
36844338
36827312
36802035
36788370
36458297
36375081
36179069
36103710
35885747
35814064
35802492
35782042
35143335
34937958
34917000
34795617
34712164
 Piotr Zmijewski
37398951
37398951
37229418
37077800
36636199
36636184
36554057
36470251
36272061
36054089
35894967
35845770
35784859
35622109
35611984
35512756
35291632
34937976
34937958
34868435
34868429
 Christian Apfelbacher
37409508
37409508
37385044
37280417
37231313
37149625
37139377
37138578
37102385
37098264
37072368
37016313
37015813
36974647
36947117
36892509
36867709
36795285
36787527
36779929
36763757
 Jürgen Steinacker
 Helmi Ben Saad
37485066
37485066
37476952
37451702
37323655
37212499
37139442
37115201
37096573
37077800
37070425
37033280
36998709
36876437
36842064
36710443
36571754
36571749
36571737
36571735
36571731
 Jordan M. Glenn
37398951
37398951
37263599
36705951
36678270
36636199
36636191
36554057
36527582
36505246
36438750
36388104
36320806
36054086
35889953
35811531
35512756
35179511
35119374
34959823
34937958
 Karim Chamari
37485066
37485066
37476952
37378849
37350015
37077800
37077796
37077784
37077782
37030665
36998709
36919121
36842064
36799832
36755563
36747295
36714309
36636182
36470251
36406993
36405195
 Tarak Driss
37077801
37077801
36710112
36636199
36337699
36272061
36247953
36129795
36054089
35894967
35845770
35784859
35723054
35611984
35575746
35512756
35470727
35309526
35238798
35173357
34937979
 Anita Hoekelmann
36636199
36636199
34937979
34937958
34073051
33921852
33809740
33795912
33152030
32867287
32481594
32290148
32143716
31861878
28758938
27764091
26453313
Luigi Barrea
37464397
37464397
37446065
37405618
37236871
37111126
37107279
36986167
36986157
36933154
36904071
36893964
36800966
36792839
36779329
36746877
36734445
36695999
36670880
36647097
36533664
 Gabriella Pugliese
37446065
37446065
36793093
36746877
36612112
36245260
35940056
35058571
34836180
34702129
34544231
34455881
34330303
34200594
34088971
34069075
33923291
33913659
33878846
33815296
33759693
 Lydia Framondi
34544231
34544231
33759693
32979767
32811530
32401074
32397621
32397384
 Rossana Di Matteo
34544231
34544231
33759693
32979767
32811530
32401074
32397621
32397384
 Daniela Laudisio
36465902
36465902
36245260
36118764
35856252
35436691
35334794
34702129
34544231
34455881
34330303
33923291
33878846
33759693
33719175
33253056
33238797
32979767
32969630
32811530
32714510
 Silvia Savastano
37464397
37464397
37446065
37236871
37107279
36986167
36986157
36933154
36800966
36792839
36779329
36746877
36695999
36670880
36647097
36533664
36424371
36245260
36235866
36063285
36053414
 Annamaria Colao
37464397
37464397
37405618
37373942
37345276
37326573
37236871
37190131
37152939
37111126
37107279
37099246
36986167
36986157
36974474
36933154
36900872
36893964
36849049
36837874
36836564
 Giovanna Muscogiuri
37464397
37464397
37446065
37405618
37299471
37236871
37209215
37111126
37107279
36986167
36986157
36933154
36904071
36893964
36800966
36792839
36779329
36746877
36734445
36695999
36670880
Gemma Biviá-Roig
37075644
37075644
36893318
36361069
35052292
34934115
34350151
33561055
33362223
32824191
31637121
30144534
29584774
28538486
28079781
27155332
 Valentina Lucia La Rosa
36975392
36975392
36901117
36767549
36673839
36612816
36497895
36497848
36231879
36005223
35409989
35357796
34968807
34927522
34907860
34712192
34563065
34537471
34464408
34238093
34131416
 María Gómez-Tébar
 Lola Serrano-Raya
34350151
34350151
32824191
 Juan José Amer-Cuenca
 Salvatore Caruso
37481461
37481461
37453345
37440022
37440020
37185899
37175050
36972834
36591791
36481907
35948690
35538479
35499084
35160261
35150888
34974542
34504557
34349841
34278934
34238093
34229658
 Elena Commodari
36975392
36975392
36901117
36767549
36673839
36612816
36497895
36497848
36005223
35409989
34907860
34712192
34563065
34537471
34238093
33946146
33252292
33071884
32824191
32643985
32610665
 Antonio Barrasa-Shaw
35431162
35431162
33879326
32824191
19574205
16648123
 Juan Francisco Lisón
Dimitrios I. Bourdas
36547662
36547662
35878113
34959776
34754762
34664028
34204988
34087491
33096721
32934972
32657642
25565530
 Emmanouil D. Zacharakis
35878113
35878113
34959776
34664028
34204988
33096721
32934972
23713529
