Diana Aguiar de Sousa
37434312
37434312
37431768
37363946
37277922
37222476
37185107
37165521
37156089
37048699
37021156
36812629
36781295
36773014
36698879
36686524
36661035
36478762
36467113
36388216
36370508
 H Bart van der Worp
37408025
37408025
37345546
37304933
37003289
36751560
36584124
36058230
35960811
35938420
35918164
35879091
35647315
35584911
35373655
35318957
35240044
35135323
35094522
35017306
35016635
 Valeria Caso
37452632
37452632
37431768
37226325
37055001
37021198
37021155
36793746
36467113
36316100
36099877
36063821
36038210
35807178
35800088
35647308
35543133
35470761
35385695
35325319
35226542
 Charlotte Cordonnier
37434312
37434312
37421135
37277922
37236211
37203564
37114466
37021179
36928219
36780915
36779341
36773014
36537618
36498458
36453271
36332983
36309041
36252105
36252092
36197294
36082668
 Daniel Strbian
37295972
37295972
37222709
37222476
37188885
37048699
37010551
36781295
36746382
36655938
36514286
36478762
36473394
36467113
36443016
36440953
36396433
36376532
36257718
36254706
36240095
 George Ntaios
37452632
37452632
37435743
37401382
37392958
37387066
37285483
37239692
37222476
37119383
37040854
37021149
36914215
36730651
36583356
36549951
36478765
36478762
36351814
36252105
36205013
 Peter D Schellinger
37422010
37422010
37021198
36993938
36786293
36581469
36061261
35656979
35521958
35300256
35264426
35177127
35115395
35100632
34829481
34428930
33737956
33598555
33207338
33176180
33072876
 Else Charlotte Sandset
37451694
37451694
37231693
37222476
37021202
36928219
36907201
36870965
36816558
36810284
36756888
36698879
36478762
36376532
36345632
36300373
36257718
36252098
36180795
36154130
36067030
Yogini V. Chudasama
37169664
37169664
37164035
36626355
35760239
35459607
35275994
35134236
34994801
34920206
34911741
34481456
34286189
34189827
33744940
32960883
32755821
32604016
32526625
31186007
30779533
 Clare L. Gillies
37257222
37257222
37253043
37169664
36440656
36387521
35925908
35818035
35760239
35351389
35275994
35134236
35118908
35012531
34994801
34920206
34911741
34481456
34330226
34189827
33997732
 Francesco Zaccardi
37323861
37323861
37257222
37196824
37183448
37169664
37164035
37096187
36978166
36973247
36927589
36905248
36849983
36690836
36630531
36608816
36519374
36474804
36427627
36378689
36374585
 Briana Coles
37339190
37339190
37286889
37169664
36888552
36049463
35718020
34999882
34189827
34156470
33849748
33543887
33539642
33504624
33434926
33206469
33099496
33026165
33011384
32718828
32661012
 Melanie J. Davies
37477963
37477963
37420551
37334526
37270234
37257222
37246032
37238367
37233158
37196824
37183448
37169664
37145965
37093903
37062022
37005498
36905324
36905248
36760883
36750526
36729923
 Samuel Seidu
37402905
37402905
37381922
37169664
36825537
36646903
36626101
36521305
36519374
36513582
36356612
36150978
36114105
36098003
36084283
35940826
35434901
35349120
35263419
35165736
35118700
 Kamlesh Khunti
37483547
37483547
37477963
37468405
37467785
37464045
37448181
37402905
37382097
37356047
37356031
37356015
37356013
37343968
37339346
37323861
37298047
37258612
37257222
37253489
37253043
Rocco Capuano
37454568
37454568
37165941
36162167
35879563
35853292
35381533
35272145
35171373
34652720
34413902
34211785
34128150
33844155
33433258
33033898
32725312
32116584
31875301
31793399
30703704
 Manuela Altieri
37454568
37454568
37428900
37165941
37086633
37012520
36964744
36255155
35879563
35403939
35381533
35272145
35171373
34413902
33738665
33153872
32725312
32116584
31793399
31495773
30852304
 Alvino Bisecco
37454568
37454568
37165941
37086633
36913040
36350401
36255155
36171105
36162167
35879563
35853292
35580993
35456175
35381533
35344079
35272145
34605323
34413902
34347149
34211785
34128150
 Alessandro d’Ambrosio
 Renato Docimo
35735030
35735030
35344079
34347149
33333889
32725312
32116584
31793399
30210582
29728936
28911257
28083844
26846989
22972637
21239414
 Daniela Buonanno
36834642
36834642
35782440
35625731
35381533
35326267
35053794
32725312
28710056
25063233
 Federica Matrone
34413902
34413902
34296356
32725312
 Federica Giuliano
34413902
34413902
32725312
 Gioacchino Tedeschi
37454568
37454568
37414564
37349911
37322466
37319041
37232279
37185047
37159825
36913040
36834642
36753861
36680807
36668854
36661195
36651518
36474090
36370302
36358436
36350401
36284195
 Gabriella Santangelo
37482058
37482058
37480503
37428900
37371442
37335396
37308662
37012520
36979195
36976351
36964744
36939947
36832459
36708642
36653542
36495845
36206823
36048070
35960471
35932375
35884706
 Antonio Gallo
37475157
37475157
37454568
37165941
37128917
37105782
37086633
37051517
37016476
36987038
36964744
36913040
36860830
36661195
36643794
36579650
36460438
36350401
36288659
36255155
36230416
Jing Zhao
37485915
37485915
37482002
37478468
37474898
37464353
37463531
37458054
37458027
37455613
37455076
37454749
37448533
37448490
37446601
37444892
37443055
37441022
37440910
37440229
37436846
 Hang Li
37475066
37475066
37474686
37470945
37446283
37433951
37399352
37385528
37382028
37381503
37380124
37374662
37350184
37329920
37324953
37314817
37298775
37297418
37295227
37294661
37291815
 David Kung
36654589
36654589
36506814
35602789
34950406
34516323
34322256
34132473
33833734
33791061
33722961
33370810
33243782
33047199
32837388
32432997
32373284
32232783
32114538
31881345
31574332
 Marc Fisher
37409675
37409675
37276846
37251214
37247876
37154607
36978218
36943636
36774935
36566052
36503265
36475464
36354026
36261014
36258136
35924380
35715198
35552401
35420919
35420917
35135059
 Ying Shen
37431690
37431690
37424856
37419299
37404291
37402391
37353548
37333917
37317534
37308786
37308095
37264926
37263275
37256923
37190832
37160724
37159499
37154844
37153741
37119880
37116573
 Renyu Liu
37285596
37285596
37181525
37154607
37103271
37097216
36628543
36476431
36317707
35959414
35924380
35774154
35579896
35572183
34451084
34309231
34152652
34132473
34035108
34024429
33905229
Farrah J. Mateen
37335505
37335505
37300419
37172371
36997322
36970509
36962369
36871319
36859408
36805175
36369488
35795797
35777315
35727705
35713912
35583660
35576727
35475382
35437067
35247751
34872059
 Shawheen Rezaei
37473645
37473645
37324601
37102187
36780199
35727705
35299829
35068666
33340211
32682142
32638107
 Nicholas Alakel
32682142
32682142
32638107
31154260
 Brittany Gazdag
32682142
32682142
32638107
31154260
 Aditya Ravi Kumar
32682142
32682142
32638107
 Andre Vogel
37195793
37195793
35777315
34872059
34484930
34392138
33780808
33189054
32977074
32947250
32682142
32638107
32333168
32324940
31943110
31731111
31554669
31260925
31229939
31154260
30731293
