Wenliang Song
37401890
37401890
37249974
37056947
37000566
36839691
36829356
36820003
36650626
36073366
36009003
35991659
35944751
35861101
35740919
35735701
35625562
35054758
34711341
34572545
34429617
 Junhua Li
37470435
37470435
37453314
37445174
37427417
37399992
37380626
37364134
37363744
37351282
37324530
37311800
37307277
37235896
37202819
37195940
37174422
37171228
37158746
37155149
37141681
 Ning Zou
37157480
37157480
37032493
37006416
36656381
36462649
35928818
34868922
34603181
34429617
34413928
34170503
34140012
33761707
33727146
33551962
33120847
33052692
35382101
32492689
32361323
 Wenhe Guan
34429617
34429617
34170503
32361323
 Jiali Pan
37425015
37425015
37056947
36921365
36495973
36330414
36035718
35957874
35899899
35814776
35789797
35577240
35572978
35143946
35095746
34933642
34929214
34429617
34368300
34335576
34290509
 Wei Xu
37484515
37484515
37484224
37483882
37477531
37468160
37467725
37463068
37460818
37460749
37458475
37457900
37454126
37446062
37444200
37443073
37441137
37439366
37438789
37437075
37434013
Li Zhu
37485679
37485679
37485636
37480253
37474274
37453277
37447624
37445776
37443729
37442347
37437736
37432563
37421630
37415962
37408228
37390533
37387415
37379571
37369268
37359520
37348755
 Jian Wang
37485655
37485655
37485000
37479695
37479661
37478628
37477871
37475433
37475221
37474611
37469357
37467765
37467393
37464378
37458454
37457569
37454842
37453674
37452091
37452066
37447639
 Rui Huang
37486702
37486702
37482168
37475578
37470754
37469840
37457569
37455282
37442347
37426387
37425188
37421985
37406902
37399230
37395182
37388276
37381656
37379237
37366294
37360548
37350403
 Longgen Liu
37339833
37339833
36856541
36692593
36387799
36100916
36100887
35757781
35702719
35223685
35219355
34900444
34326650
34261488
34243955
34213039
33962617
33956648
33407619
33174624
33147069
 Haiyan Zhao
37450734
37450734
37425895
37400038
37395025
37385549
37348078
37293713
37278895
37261768
37253864
37249639
37246938
37171954
37144415
37110631
37105349
37103837
37065738
37048888
37043835
 Chao Wu
37478241
37478241
37470435
37464335
37452857
37449560
37447864
37442347
37433104
37430333
37421985
37406091
37399268
37395182
37392035
37391320
37382428
37367972
37365900
37360416
37345457
 Chuanwu Zhu
37442347
37442347
37266419
36963368
36846904
36844207
36786454
36786453
36750862
36696366
36324235
36008904
35932973
35875362
35757781
35702719
35535146
35509606
35500804
35394840
35302365
Mengqi Liu
37403201
37403201
37361906
37353854
37266951
37254330
37234211
37170971
37156678
37123366
37060186
37012494
37008219
36987434
36971912
36878927
36869456
36852619
36841817
36801231
36675302
 Zongbiao Song
32217900
32217900
 Kaihu Xiao
34476198
34476198
34336891
34046056
33732719
32399710
32297671
32217900
Yang Li
37485978
37485978
37485627
37485353
37484699
37484501
37484383
37484163
37482682
37482211
37479877
37479683
37479016
37478765
37477881
37477123
37476071
37475307
37475258
37474949
37474893
 Jianghui Cao
34333874
34333874
32423435
26670441
25318879
24641368
 Xiaolong Zhang
37459686
37459686
37455065
37406120
37398287
37369561
37362917
37357835
37348791
37333010
37332707
37312245
37297061
37287912
37253749
37235933
37222889
37218766
37180366
37158067
37103243
 Guangzhi Liu
37215118
37215118
37034338
36818629
36660859
36568560
36528975
36440270
36230594
36204307
35896382
35675767
35386621
35129804
35024186
34664866
34467709
34354854
34333874
33984805
33723723
 Xiaxia Wu
36986553
36986553
34231486
33682755
32423435
31919055
30556404
30149754
29906494
29496522
29496165
28504466
28414098
27666387
 Baolin Wu
37325899
37325899
37200155
37190900
36741699
36669567
36571802
36330833
36187471
36120060
36112490
35887343
35669490
35496776
34756932
34549480
34333874
34236128
33788301
33605530
33583085
Y. Lu
27565275
27565275
17282817
17281282
17281046
16864425
 H. Wen
37481782
37481782
37481510
37479735
37479096
37478707
37476329
37471210
37467613
37465843
37464874
37463351
37460905
37458678
37455094
37454855
37454096
37452746
37445289
37436959
37428715
 D. Rong
37481900
37481900
37418739
37410531
37398887
37398673
37389051
37365028
37354594
37354421
37353840
37327558
37302810
37295102
37267950
37257727
37230359
37225986
37223486
37212625
37199016
 Z. Zhou
37485661
37485661
37480748
37468975
37467862
37467726
37467317
37465997
37462027
37460535
37455092
37454215
37454068
37451462
37449720
37449418
37449071
37448709
37447143
37446408
37446266
 H. Liu
34524091
34524091
