 Renata A A Monteiro
35878135
35878135
34196475
32443177
 Luiz F F da Silva
36851534
36851534
36149846
36027872
35668604
35421964
35306374
35229617
35181510
35032223
36776454
34675760
34634156
34358352
34196475
33855134
33848824
33834497
33557908
33514373
33449998
 Denise M A C Malheiros
37439199
37439199
34644774
34573922
34305624
33787676
33570723
32463727
32443177
32299081
32249610
32116790
32093686
31862892
31461352
31445585
31411073
30809002
30516423
29914975
29511302
 Ellen P de Oliveira
37318292
37318292
36027872
33514373
33392642
32494927
32443177
32294295
31939560
29268453
17394061
 João R R Pinho
37396193
37396193
37272468
37194786
37152554
37112752
37098921
37098017
36851548
36386719
36359239
36310810
36197422
36168493
36168453
35858039
35686128
35648987
35632826
35594492
35570015
 Ana P M Salles
36359239
36359239
34757035
33622266
32443177
31772079
31116245
31054980
 Ilka R S de Oliveira
32443177
32443177
31329590
27695992
18214460
18214459
15944558
14767023
14571764
 Thais Mauad
37283411
37283411
36972631
36902148
36494835
36399661
36068749
36027872
35951647
35939273
35677658
35339672
35266251
35093355
35067620
35032223
34910174
34909914
34852147
34711888
34634156
 Paulo H N Saldiva
37283411
37283411
37082122
37030285
36828065
36754473
36598784
36503273
36496479
36389712
36303626
36149846
36121854
36091386
36087670
36027872
35951647
35934045
35928208
35878135
35773451
 Marisa Dolhnikoff
37283411
37283411
37237655
36972631
36389712
36149846
36027872
35951647
35900859
35830059
35677658
35537676
35409273
35339672
35032223
34910174
34909914
34852147
34675760
34634156
34489291
Louis Maximilian Buja
36245943
36245943
36109320
35654336
33992734
33895311
33865959
33242600
32568428
32434133
32268262
31896440
31760238
30886893
19026571
18402842
 Dwayne A. Wolf
36803085
36803085
36569579
35430907
35296948
34879969
34793409
34477223
33992734
33929400
33449998
33406164
33067219
33017342
32590562
32581017
32536264
32434133
32068676
31703160
31701301
 Bihong Zhao
37147671
37147671
36407445
36375315
36072698
35730564
35411348
35331811
34979248
34824672
34628284
34114291
33992734
33449998
32870061
32695533
32646452
32581017
32434133
34213224
31896440
 Bindu Akkanti
37270296
37270296
37147671
37117039
37039827
36942957
36791329
36742217
36375315
36150083
36052919
35920754
35766358
35201356
35089260
34658412
34347197
33926332
33786448
33778007
33537342
 Michelle McDonald
37348918
37348918
37341066
37122735
36987921
36407445
36388641
36245943
36201122
36197882
34532619
34498728
34273634
34184312
33992734
33953184
33798441
33653795
33636130
33449998
33403222
 Laura Lelenwa
34628284
34628284
34114291
33099879
32695533
32434133
31896440
31760238
 Noah Reilly
32434133
32434133
 Giulia Ottaviani
37296771
37296771
37115315
36794079
36786956
36778937
36639827
36407445
35874125
35821180
35741284
35585582
35548170
35279982
34951080
34555443
34441416
34441258
34129924
33992734
33964216
 M. Tarek Elghetany
36670234
36670234
36661251
36346368
35732831
34304773
34079014
33939955
33653790
33165831
32921591
32790018
32434133
31879230
31682773
31099136
30904992
30277109
30072574
29784638
29296959
 Daniel Ocazionez Trujillo
36601455
36601455
36072698
35687519
33738403
32489440
32434133
31565166
26965007
 Gabriel M. Aisenberg
37456397
37456397
35914259
35165582
34381676
33845325
33316254
32444191
32434133
32313464
31360637
30956585
30956584
30117175
29904311
29904294
29904287
29394338
29099908
29078853
29020307
 Mohammad Madjid
36599572
36599572
36206046
36174763
34897883
34612022
34279030
34044586
33762179
33221205
33206128
33035466
32473596
32434133
32311448
32219363
32208975
31422195
31404961
31145880
31056681
 Biswajit Kar
37371652
37371652
37350747
37270296
37220217
37204365
37155964
37147671
37117039
37039827
36742217
36712267
36648364
36641296
36521006
36407445
36302595
36223247
36150083
36052919
36001949
J. Matthew Lacy
33449998
33449998
32682491
32379077
26530930
25589302
24328782
21119327
19187456
18696271
17565450
15877232
15461118
 Erin G. Brooks
32379077
32379077
31597655
31240046
30901491
30402743
28679460
28315694
31239964
27922771
27016489
26371129
26185270
25929979
25771824
25183731
22571830
22052184
19436051
18631168
 Joshua Akers
36542391
36542391
35108460
32838900
32379077
32061062
31609504
30638730
28202384
27909788
 Danielle Armstrong
32379077
32379077
26424948
25552796
25456861
24082415
 Lauren Decker
33416234
33416234
32379077
29464693
28083451
27914768
 Adam Gonzalez
36862943
36862943
36780090
36771366
36753717
36544833
36062582
36054170
35845198
35727626
35699871
35447867
35429293
35127366
34655239
34550099
34534721
34094817
34071862
34010809
33945169
 William Humphrey
36603446
36603446
34941543
34718544
33260359
33147361
32739929
32379077
26666963
23331679
20037963
12654670
12570368
12464450
12128249
 Romana Mayer
35092440
35092440
34783582
34615338
34031655
33655668
32379077
32220070
31985498
31789679
30654041
30544231
 Matthew Miller
37448628
37448628
37384813
37382951
37308158
37295223
37267221
37252684
37249836
37242198
37209041
37192499
37180593
37128124
37100858
37099930
37080108
37069017
37063755
37023275
37022685
 Catherine Perez
36728542
36728542
33007723
32379077
29113781
28599584
28276051
27429229
28560164
26458782
25845874
24581558
24304150
24144410
24047900
16829660
16539969
 Jose Antonio Ruiz Arango
32379077
32379077
 Lakshmanan Sathyavagiswaran
35883263
35883263
32852292
32796204
32379077
31977345
25653075
23551031
22442832
21678822
21512375
21217494
20216282
19486440
18637876
18520476
18279257
17276127
17275382
16229389
 Wendy Stroh
32379077
32379077
 Suzanne Utley
34498736
34498736
32379077
18520476
Thomas Menter
37398928
37398928
37272605
37228005
36988296
36918411
36320194
36254649
35998078
35925221
35273598
34966385
34913103
34858727
34661368
34604819
34494161
34395562
34164707
36751424
33778642
 Jasmin D Haslbauer
37333991
37333991
36371548
36369278
35998078
35835004
34966385
34915500
34661368
34604819
34367376
34177520
33950285
33837673
33575887
33161409
33033248
32364264
30360992
 Ronny Nienhold
37153874
37153874
36204644
35492342
34406159
34359622
33837673
33033248
32851506
32698197
32616816
32364264
31913100
31511238
30409796
29514032
27924369
27401344
27341002
24764562
24478400
 Spasenija Savic
36844935
36844935
35350187
34183014
33766954
33489824
32774266
32364264
32360725
32296919
31549936
31467041
31127385
31027705
31021538
30877381
30765392
30690080
30176946
30142389
29451745
 Helmut Hopfer
37228005
37228005
37009424
37004747
36815119
36709213
36096267
35472379
34419254
34164707
34150810
34030637
36751424
33930037
32981112
32599592
32599557
32521783
32364264
31913093
31828078
 Nikolaus Deigendesch
36584682
36584682
36054476
34349120
33971505
33504636
33485445
33408719
33161395
32989594
32851506
32594144
32485097
32364264
32259861
32063097
31073673
30312024
29358279
29103955
28987173
 Stephan Frank
37379234
37379234
37374768
37098294
36933012
36747230
36732057
36583256
36463582
36443295
36269599
35803280
35670246
35526519
35380708
35373906
35357562
35171989
35158935
35142027
34959437
 Daniel Turek
36707318
36707318
36458376
36321190
36040039
35611484
35189268
33199605
32673096
32472576
32364264
32184989
31913100
31704146
30893328
28459124
23109751
21404488
21169156
21081554
 Niels Willi
36204644
36204644
35492342
33581912
33033248
32364264
29660160
28105046
27532022
27107457
26981243
24713382
24399037
24132821
23771712
23521575
22505007
21831298
21356114
20334601
17495489
 Hans Pargger
37076881
37076881
37056958
37016393
36384641
36351919
36054476
35438261
35429233
35310621
34822369
34673332
34524886
34442010
34375986
34364537
34324697
34069681
33957219
33789723
33786431
 Stefano Bassetti
37459836
37459836
37085891
36928259
36915134
36715510
36660168
36415980
36272872
36203596
36169957
36085211
36055953
36054476
35633632
35630302
35622838
35617987
35475113
35334865
35074246
 Joerg D Leuppi
37240673
37240673
37113610
37109194
37084178
36722113
36563609
36380628
35617200
34949706
34942619
34649975
34280217
32964006
32364264
32070141
31935716
31842993
30863043
30774953
30361249
 Gieri Cathomas
37124571
37124571
36791250
36749655
36204644
35504881
35132819
35058274
34844436
34359622
34000056
33915771
33743666
33650042
33422990
33033248
32855441
32851506
32616816
32616554
32364264
 Markus Tolnay
35622144
35622144
35142027
34661368
33532726
33484116
33482122
33033248
32980613
32851506
32364264
31963435
31719106
31471895
31456031
31374981
31153763
31064413
30305234
30169880
30089252
 Kirsten D Mertz
37333991
37333991
37317636
37259596
36794355
36369278
36319064
36204644
36137009
35852792
35801586
35570879
35492342
35406506
35132819
35058274
34966385
34915500
34604819
34515209
34406159
 Alexandar Tzankov
37423405
37423405
37351689
37333991
37290592
37283522
37232015
37141843
36879012
36822670
36817454
36747166
36735909
36624212
36399513
36371548
36369278
36351919
36280100
36214901
36206625
