Ian Leonard-Lorant
37225969
37225969
36826504
36759180
34064556
33931365
33487588
33439316
33374487
32897930
32862411
32707275
32661498
32367170
32324102
 Xavier Delabranche
37088872
37088872
36983237
36776263
36376109
34973047
34752015
34447900
34255374
34175365
33872769
32661498
32367170
32324102
29461465
29197958
28751283
28168966
27441905
27488091
27322364
 François Severac
 Julie Helms
37380873
37380873
37350989
37237452
37221630
36961528
36929423
36808215
36700496
36695377
36657613
36635740
36609608
36282222
36038712
35989192
35910972
35849736
35632691
35103766
34727214
 Coralie Pauzet
32324102
32324102
 Olivier Collange
37014362
37014362
36657613
36549474
36058191
35772661
35632691
35625458
35227970
34698500
34256165
34255374
34175365
33896544
33872769
33852124
33806800
33563473
33287910
33249438
33219827
 Françis Schneider
 Aissam Labani
36672702
36672702
35054236
34573896
34362068
34036647
33998683
33583753
32838254
32717417
32603901
32324102
31175414
30324392
30212567
29762256
28727209
28033378
28027738
27904982
27669571
 Pascal Bilbault
37240561
37240561
37103900
36984476
36676804
36464522
36446648
36078970
36013142
35738321
35554653
35429120
35407409
35328219
35227956
34945746
34633959
34441750
34207918
33992105
33888108
 Sébastien Moliere
37453367
37453367
37445827
37419415
37120004
37088804
36842655
36672312
36648518
36040386
35717223
35404267
35388894
35195443
34938218
34922037
34920167
34826559
34597585
34184935
34173847
 Pierre Leyendecker
34036647
34036647
34028132
33662543
33583753
33439316
33254065
32956075
32852586
32603901
32324102
31175414
30324392
25706794
24999703
 Catherine Roy
37317481
37317481
37246559
37030939
36983125
36962059
36864723
36826504
36764081
36757714
36672702
36592175
36351538
35748578
35621685
35166603
35054236
34967863
34903079
34573896
34527125
 Mickaël Ohana
36984476
36984476
36826504
36402634
34738063
34441750
34432976
34393939
34362068
34312111
34184935
34159187
33937901
33504923
33492445
33439316
33320063
33187923
33009284
32870139
32852586
Franck Grillet
37182669
37182669
36578669
35523700
35262794
35086786
34183578
33712924
33585993
33134938
32960085
32907890
32879862
32583171
32324103
31553659
31311236
30288584
 Julien Behr
36578669
36578669
36013046
35262794
35171335
33359695
32907890
32879862
32324103
30656481
28535930
27752837
27676673
27521825
27405643
 Paul Calame
37338362
37338362
36740536
36728870
36648518
36565393
35780054
35763093
35721468
35617294
35501284
35394226
35382932
35316363
35192074
35086786
34636635
34569927
34230003
34183578
34040323
 Sébastien Aubry
37461719
37461719
37461537
37433967
37419936
37381560
37356799
37343032
37235397
37226329
37221453
37163979
37129724
37092323
37091960
37089166
37075975
37032833
36984277
36983415
36972554
 Eric Delabrousse
36740536
36740536
36565393
35763093
35501284
35394226
35382932
35316363
35192074
35086786
34636635
34569927
34568590
34230003
34183578
34040323
33908373
33712924
33585993
33500218
33309328
Alban Gervaise
33320063
33320063
32870139
32518989
31157665
29231760
27653843
27095320
26866342
26696084
25656096
25650297
24555591
23453214
22841648
22100708
21927791
20663631
18774680
 Caroline Bouzad
32518989
32518989
26202391
25953205
23958047
 Evelyne Peroux
37419777
37419777
32518989
27021572
23958047
23457823
23440314
22641876
22056298
 Carole Helissey
37364000
37364000
37323248
37271630
37240415
36997270
36626198
36494190
36101361
35929803
35770377
35599187
34921544
34742160
34382352
34348357
34274136
34113249
33858619
33836861
33801285
Hanny Al-Samkari
37340288
37340288
37287116
37193124
37163869
37146262
37063755
37039010
36935283
36820404
36806371
36747084
36696219
36696184
36695393
36594181
36485134
36375165
36273934
36253508
36124781
 Rebecca S. Karp Leaf
34662835
34662835
34544895
33655682
32492712
32212524
31891657
31826344
 Walter H. Dzik
36762627
36762627
36342344
34046911
32925343
32492712
32376661
32080877
32023395
31496264
30920668
30658602
30605461
30549289
28786842
28259520
28067700
27532507
27302626
26637812
26372129
 Jonathan C.T. Carlson
36870999
36870999
36250260
35995789
35921044
35750648
35675910
35666645
35654978
35508767
35452280
34233961
34189534
34107184
33274611
33119297
32965501
32492712
34366494
32286045
32004403
 Annemarie E. Fogerty
34949492
34949492
34666313
34133863
34105146
33529059
33022566
32492712
32259876
31891657
30442731
30177431
30177428
30039233
29166229
28913590
28805310
27477669
26358792
24225973
21734537
 Anem Waheed
36054129
36054129
35584337
34647594
34046911
33979492
33844861
32492712
32107696
29638149
 Katayoon Goodarzi
37367089
37367089
36384716
36183283
35979196
34516272
34453757
34320292
32702690
32499239
32492712
31891657
29767837
29242295
26033367
16734823
12949533
 Pavan K. Bendapudi
37473845
37473845
37146262
36948020
36701760
36485149
36485139
35081257
33894166
33744111
33704941
33456401
33280030
32656761
32542960
32539690
32492712
32437899
32080877
31131442
31076407
 Larissa Bornikova
35979196
35979196
34357393
32492712
32369850
30349899
25853746
20358411
15162899
 Shruti Gupta
37442629
37442629
37405775
37379286
37249935
37234327
37234297
37195792
37182012
37116349
37074956
37067267
37039584
37015320
36998830
36874752
36821637
36821245
36711583
36704314
36684493
 David E. Leaf
37405775
37405775
37379286
37039790
37026748
37015320
36821637
36806371
36747084
36711583
36508210
36253508
36193749
36168055
36137651
36050992
35964800
35584148
34939474
34918709
34911731
 David J. Kuter
37479139
37479139
37246953
37004991
36732204
36485114
36205839
36054129
36026607
35999387
35973190
35767452
35642485
35417637
35179251
35172561
34815110
34717041
34611885
34587251
34453757
 Rachel P. Rosovsky
37454464
37454464
37367089
37274174
37178771
37121622
37114202
36995647
36972785
36868268
36863565
36803697
36757644
36384716
36055334
35895858
35702588
35537232
35224417
35202841
35187516
 Maxime Leclerc
36924968
36924968
35359407
34193220
33731467
33534545
33512602
32384703
32320517
31987887
30048973
29189876
29096961
27262935
26938195
26011687
 Camille Chochois
32320517
32320517
 Michel Ramakers
36592203
36592203
35459672
35065008
33675432
32757463
32320517
31987887
26398070
24145847
22535635
21824428
21575208
20639752
20436664
20380688
20154599
19772586
19055810
19020433
18947382
 Malika Auvray
37344510
37344510
34716457
34400177
34285265
33706280
33523687
33205350
32707765
32320517
32092705
31796711
30914989
30131736
29375453
29258869
28712507
28203354
31287085
26950385
26894892
 Karim Merouani
35359407
35359407
32320517
24853443
