V. Tsipropoulou
 V. A. Nikopoulou
 Vasiliki Holeva
37424284
37424284
36331688
35949156
35371793
35349504
35062582
34646625
34461356
33999378
33864073
33216444
32973584
32973575
32959877
32853011
32837420
32434093
27294319
18037502
 Z. Nasika
 I. Diakogiannis
37133425
37133425
36773587
36532175
35949156
35761497
35349504
34646625
36743862
34461356
34233532
34202177
34066805
33999378
33967389
33864073
33374577
33339175
33233667
33216444
33199975
 S. Sakka
37486493
37486493
37475172
37367334
37143714
37133515
37132041
37118965
37118960
37049637
37017650
36974674
36961750
36895094
36818372
36759603
36729470
36727458
36692092
36678230
36645823
 S. Kostikidou
32837420
32837420
 C. Varvara
35329681
35329681
34360630
30312724
27800425
25915946
27800349
25106712
23830380
16886648
15898382
12581571
 E. Spyridopoulou
 E. Parlapani
36737906
36737906
36558807
36144472
35894643
35267299
35082076
32331667
31115350
31027790
30166182
28758285
27110878
24122749
Catherine A. Perz
32837435
32837435
18314474
18314473
16458449
16287401
 Brent A. Lang
32837435
32837435
 Rick Harrington
32837435
32837435
21290929
12081095
Kun-Chia Chang
36914684
36914684
36773286
36603311
36544132
36483780
36323137
35946067
35886695
35609363
35511178
35394922
34453870
33745219
33128519
33027709
32837442
32773260
32512132
31247504
30978986
 Wen-Li Hou
37372788
37372788
36621263
36553907
35326970
35253813
34948697
34741408
34631652
33770003
33745219
33671426
33128519
33027709
32837442
32024264
35117401
31774190
31180170
26818379
24423628
 Amir H. Pakpour
37431433
37431433
37316810
37295061
37223070
37090889
37025506
36992117
36938463
36849735
36746547
36704986
36603311
36554105
36514006
36483780
36427199
36407990
36332409
36323137
36316688
 Chung-Ying Lin
37485039
37485039
37480388
37461100
37453212
37452365
37431433
37400881
37365830
37352095
37316810
37295061
37285663
37259653
37226726
37226339
37212327
37183253
37162587
37049401
37046980
 Mark D. Griffiths
37474903
37474903
37426415
37402114
37384332
37365830
37363769
37363768
37362061
37347048
37310881
37285663
37276845
37255996
37243668
37235547
37229841
37215895
37215671
37212327
37211655
Lin-sen Feng
36066037
36066037
34402336
34007255
33046031
32535511
30107802
23012951
 Zheng-jiao Dong
36066037
36066037
34402336
33046031
32535511
 Ruo-yu Yan
36066037
36066037
34402336
33046031
32535511
 Xiao-qian Wu
37220864
37220864
37039464
36325789
36066037
35655094
35436477
34402336
34376132
33794797
32535511
31484345
33365724
27899860
27621594
25954124
22738366
22472906
22404575
20880187
 Li Zhang
37486420
37486420
37486153
37485882
37484525
37483523
37480014
37478270
37478238
37477378
37475116
37471667
37467977
37467357
37466874
37465924
37463493
37463246
37463001
37462709
37462215
 Jun Ma
37485365
37485365
37484525
37483501
37482005
37479166
37471253
37467683
37461444
37460775
37459795
37457252
37451190
37449230
37448558
37446492
37442767
37442735
37437726
37434153
37433999
 Yong Zeng
37445739
37445739
37422124
37402621
37386644
37384191
37353913
37333224
37326716
37326370
37267675
37266803
37223042
37205573
37198696
37173613
37162995
37106152
37065902
37012155
36997534
Daniel Kwasi Ahorsu
37431433
37431433
37415072
37285663
36851246
36554024
36438422
36141357
35805530
35695219
35679589
35372646
35339482
35300274
35062783
34881522
34845953
34831900
34815723
34715009
34682968
 Vida Imani
37431433
37431433
36141357
34255773
32861897
32837427
32780891
32676845
32406567
32403387
32234700
32226353
31905249
31673986
31328319
31249797
31120317
31055783
30804841
30264609
30087843
 Mohsen Saffari
37477851
37477851
37461100
37339026
36544132
36443860
35946067
35916932
35346148
35270328
35193673
34977064
34660226
34427849
33986878
33811451
33800810
33180001
33177888
33055009
32752597
