Lucio Verdoni
34722416
34722416
34062530
33996683
33726806
33585374
32968031
32495147
32410760
23950054
17099032
 Angelo Mazza
36360427
36360427
34242253
33614556
33585374
33486420
33339516
32444223
32410760
25084764
15213759
 Annalisa Gervasoni
32444223
32444223
32410760
21455578
18289788
18262345
 Laura Martelli
36240580
36240580
36109739
34196792
34169201
34099499
33585374
32410760
30094644
28858439
28454853
28270045
27758715
27665099
19846931
19371636
18376290
17493004
17466278
16844093
16827112
 Maurizio Ruggeri
33795580
33795580
33585374
33486420
33163617
33015326
32410760
31554345
30574536
29680285
29525805
27650624
26826904
25248795
22143820
19309307
18843888
18025877
 Matteo Ciuffreda
34714259
34714259
33679067
32863659
32522306
32410760
30005391
29468813
29087513
28904831
28893964
26694280
26109921
25959759
25194089
25061021
23910116
25336195
22807947
22480073
17484396
 Ezio Bonanomi
37378625
37378625
37318763
37029590
36871459
36847979
35833854
35757331
35050212
37205945
34235394
34198478
34128601
33819140
33594872
33339516
33077567
32667669
32493000
32410760
31943948
 Lorenzo D'Antiga
36036223
36036223
35854389
29731964
17661341
17154402
15385811
Shubhi Kaushik
37339106
37339106
36278882
34462961
34318718
33604577
33372744
33249006
35734210
32979385
32968029
32900267
32768467
32715896
32712286
32700422
32685250
32681989
32553861
31711367
29876367
 Scott I. Aydin
34317063
34317063
34054118
35734210
32979385
32900267
32768465
32553861
29882415
29252950
26832211
26210985
25856473
25434920
22884599
 Kim R. Derespina
34462961
34462961
34318718
33249006
35734210
32979385
32968029
32712286
32700422
32685250
32681989
32553861
32407719
31860773
 Prerna B. Bansal
36690764
36690764
32553861
32148452
 Shanna Kowalsky
34588941
34588941
32768467
32584487
32553861
24920803
26619483
23890075
 Rebecca Trachtman
37478820
37478820
37420184
37263651
36813963
35233993
35233989
35233986
35233961
34670990
34664330
34176004
32991843
32768467
32584487
32553861
31743268
31693652
26939681
25690943
24369873
 Jennifer K. Gillen
36171731
36171731
32553861
31591139
 Michelle M. Perez
37196056
37196056
36118412
34147931
33617855
33340553
33097367
32890580
32553861
30805553
29862610
17169870
16508511
 Sara H. Soshnick
36518156
36518156
34348665
33740168
32553861
32166268
 Edward E. Conway
33595600
33595600
32681989
32553861
31488695
31483379
30478247
30001444
26135062
22067922
21849823
 Asher Bercow
34387240
34387240
32681989
32553861
 Howard S. Seiden
34687695
34687695
32553861
29748317
23804861
23665959
23453551
22884599
21694874
15505447
12470038
 Robert H. Pass
37344046
37344046
37162979
36456053
35549293
34317063
32553861
32497761
32040211
31834569
31242221
30515865
30413993
30315340
30228960
30178187
30020442
29930156
29327439
29068136
28928609
 Henry M. Ushay
33249006
33249006
32553861
32407719
31404392
 George Ofori-Amanfo
37478820
37478820
34381049
34054118
33657615
33585059
33283598
35734210
32991843
32909006
32900267
32676612
32553861
31404392
31073494
31073486
30820870
30133920
29317348
29252950
28118559
 Shivanand S. Medar
36656319
36656319
36518156
34387240
34318718
34054118
33249006
35734210
32979385
32968029
32715896
32712286
32685250
32681989
32553861
32407719
32227683
31860773
31711367
31223064
29882415
Jonathan Miller
37450575
37450575
37425877
37369135
37288972
37248210
37205850
37177650
37162904
37132350
37132349
37132344
37132343
37132342
37094134
37032513
36966591
36906334
36819899
36792240
36695678
 Amanda Cantor
33826804
33826804
32810894
32505742
32123030
 Philip Zachariah
37018474
37018474
35168704
35107571
35107335
34814175
34741579
34728233
34425179
34376267
34333606
34266903
34250975
34129043
34125574
33896460
33858546
33388760
33386333
33160696
33075219
 Danielle Ahn
37098797
37098797
35413274
34077733
33282749
33113377
33027239
32847961
32637365
32505742
32492092
32428444
30804104
30183325
29617698
28375516
28125817
27777978
26582515
25880560
21878647
 Mercedes Martinez
37139252
37139252
37097008
36995877
36976177
36913706
36732294
36722941
36695291
36278882
36146475
36122368
36083140
36008211
35173239
35029022
34907641
34900862
34724445
34694269
34654794
 Kara Gross Margolis
37358510
37358510
36868194
36648291
36049050
34953615
34523615
33785555
33526238
33003176
32505742
32471598
31742491
31682158
31402878
30658882
30337029
30297392
29614380
29051189
28774871
Sonja A. Rasmussen
37218073
37218073
37196227
37043168
36919524
36848460
36597540
36513609
36482740
36371035
36265854
36241080
36094840
36081369
35948352
35929997
35757961
35731898
35636908
35604690
35259213
 John C. Smulian
37096122
37096122
36964003
36248692
35218171
34121585
34044744
33784937
33184745
32251649
32105680
30802437
30170038
29280106
29148879
28874936
27926646
27810553
27667765
27631379
27568857
 John A. Lednicky
37470813
37470813
37439882
37322614
37305381
37127267
36778921
36352013
36337191
36096408
36029095
35950865
35780155
35774447
35632753
35367729
35307848
35290826
35206736
35156544
35066302
 Tony S. Wen
37285185
37285185
33573759
32898020
32732756
32105680
26479169
12959205
 Denise J. Jamieson
37464526
37464526
37363358
37330393
37103535
36701616
36598270
36371035
36356237
36302381
36152821
36130668
36117075
36094840
36038962
35948352
35835642
35767286
35731898
35709733
35675705
Elizabeth M. Dufort
32687180
32687180
32598830
32474578
32392282
32382743
31269011
30640366
29350514
27927917
27479770
27130578
22539664
20407399
 Emilia H. Koumans
36515793
36515793
36413049
35876454
35748638
35731203
35670605
35351354
35077878
35023768
34988259
34473217
34385349
34254315
32941417
32817600
32790663
32768466
32673298
32598830
32320569
 Eric J. Chow
37484765
37484765
37483554
37424310
37397090
37346095
37333357
37307512
37277786
37256617
37253902
37194406
37182536
37052966
37030315
36870037
36795981
36763922
36693221
36669148
36593127
 Elizabeth M. Rosenthal
36853763
36853763
36693389
35613145
34344554
34091584
33512900
33160756
32877538
32713502
32687180
32648546
32598830
32474578
32140654
31891134
31610140
31012862
30945751
30646319
30398671
 Alison Muse
36995184
36995184
36875205
36686630
36074486
35970493
35797216
35594564
35446827
35438769
35263382
35176003
34958603
34935038
34673962
34499627
34470815
34383730
34370517
34170310
34111061
 Jemma Rowlands
37200229
37200229
36736380
36048774
32598830
31402387
30735066
24771324
21350128
 Meredith A. Barranco
35925950
35925950
32877538
32723697
32648546
32598830
30945751
30398671
 Angela M. Maxted
32687180
32687180
32598830
32474578
28891690
27309084
23050475
22493108
 Eli S. Rosenberg
37339074
37339074
36853763
36350701
36343431
36327157
36219408
36200313
36196495
35980868
35951493
35925950
35791261
35613145
35559959
35364419
35260904
35121717
35085222
34942067
34791024
 Delia Easton
37435800
37435800
34942067
32598830
23733795
23299656
18190272
 Tomoko Udo
37286016
37286016
36565528
35925950
35907854
35855509
35613145
35247109
34263464
33974054
33594660
33533933
33372308
33173901
32877538
32738483
32648546
32598830
32392282
32304731
32074415
 Jessica Kumar
37168151
37168151
37057538
36608360
36196495
35980868
35184995
34942067
34752527
34164561
34090408
33301432
32943805
32648546
32598830
32392282
31879095
31768483
31735591
31604622
31566147
 Wendy Pulver
32941417
32941417
32790663
32598830
27513953
27275796
26974414
20885177
20502297
18356570
16868498
15247561
15123476
 Lou Smith
37246139
37246139
37177809
36854165
36800399
35420900
34732060
33385568
33327990
33074017
33051152
32598830
32562767
31239182
28640798
27513953
27275796
26974414
26794160
25893238
25757133
 Brad Hutton
33104179
33104179
32687180
32648546
32598830
32474578
32392282
32382743
30226155
27927917
15756118
 Debra Blog
36736380
36736380
34849648
33736719
32984882
32723697
32692365
32687180
32598830
32474578
32392282
32382743
32284073
31917780
31852764
31600181
31269011
31095533
30260940
30226155
28510706
 Howard Zucker
34942067
34942067
34529645
34437517
33001725
32735198
32687180
32648546
32598830
32474578
32392282
32382743
31693402
31095533
32941765
30226155
30027216
29047425
28957037
27927917
27830634
