Daniel G. Federman
37001718
37001718
35832105
35765785
33787939
33769534
32826779
32756602
32595824
32331509
32317851
32199900
31928276
31761292
30587057
30377463
30377461
30285269
30201246
29626431
29596787
 Shaili Gupta
36131232
36131232
35757815
35661577
35639598
35411347
35260958
35014989
34328836
33059201
32756602
32331509
31761292
30943544
29729234
29100218
28668135
27311510
26950290
26911898
25256391
 Gary Stack
37386886
37386886
36205403
36069968
35661577
35366763
34289127
32756602
32462491
32413619
32342625
32024480
29770450
29517973
28164302
27483480
27394029
27340943
27247371
27078040
26710354
 Sheldon M. Campbell
37026746
37026746
32756602
31434657
28947510
28298450
27654334
22340918
22064529
18426179
 David R. Peaper
37026746
37026746
36610419
36178430
36047308
35582905
35547854
35545661
35480627
35399324
35184347
35181291
35018424
34756452
34642698
34260276
34234968
34230938
34170307
34160017
33891875
 Louise M. Dembry
33985598
33985598
33938417
32928066
32918445
32756602
30821230
28538249
28065329
27287733
26780305
26019206
24176605
18277636
11751142
 Ann Fisher
36923248
36923248
36633799
36483361
35977854
34838811
34780798
33985598
33938417
33517379
32756602
32433095
32337227
31985580
30322434
30022408
29505536
29435378
28538249
28034465
25740989
 Asim F. Tarabar
35961939
35961939
32918445
32756602
22335502
18570170
17347125
15587254
15298492
12640281
 Michael Kozal
35507451
35507451
35502922
34871189
34586088
33946085
33331202
33128903
32756602
32212519
31829433
27903948
26895182
26855971
25740989
25501541
25256391
24896087
24821496
23404097
23388678
 Christopher B. Ruser
36973571
36973571
33944953
33352386
32756602
31471885
30203015
30203014
29885382
29654930
28711610
28630048
28402901
28340975
27355783
27177185
27006068
26933823
25293969
16423105
15672889
 Selvakumar Subbian
37333211
37333211
37112744
37066223
37063870
36778404
36555395
36375279
36359269
36189975
35942271
35814213
35762591
35740365
35634283
35453358
35371562
35318674
35260703
35190921
35068281
Hélène Péré
 Isabelle Podglajen
37387490
37387490
36814106
36584815
36226772
36031727
34366083
34356929
34294215
33838309
33782783
33476707
33466377
33370401
33307902
32929970
32890937
32829140
32295896
32205178
31430482
 Maxime Wack
35773802
35773802
35612221
34894121
34841727
34695725
34678613
33971919
33743790
33633240
33319904
33114008
32927358
32803231
32295896
32114847
31766658
31756275
31437894
31253829
31101738
 Edouard Flamarion
37380177
37380177
36965115
36508281
36272567
35970664
35926762
35907103
35560067
34864453
34237420
33736891
33307902
32563282
32295896
31676202
28231985
 Tristan Mirault
37263518
37263518
37064660
37023786
36935759
36893585
36858909
36564399
36514011
36480201
36441097
36344027
36329047
36262204
36251660
36075544
36002395
35982357
35952950
35725593
35698458
 Guillaume Goudot
37405741
37405741
37324078
37263518
37257642
37237671
37168221
37128732
37064660
37025683
36935759
36893585
36729802
36681248
36589429
36565191
36480201
36441097
36435330
36378869
36162523
 Caroline Hauw-Berlemont
37091924
37091924
37017698
36858909
36419635
36148049
35952950
35779125
35675081
35189925
35135966
34233745
33978840
33830623
33449299
33282891
32909917
32558198
32458111
32295896
32059120
 Laetitia Le
35926414
35926414
34718838
34429095
33914163
32498908
32295896
31434161
30065947
30020459
30007301
29674041
28966101
28549369
28231527
24401426
22526087
 Eric Caudron
35926414
35926414
35792240
34810096
34718838
33914163
33466377
33340189
33228842
32917564
32498908
32295896
31201907
30691354
30065947
29674041
28966101
28739279
28549369
28231527
26520229
 Sophie Carrabin
32295896
32295896
 Julien Rodary
35016199
35016199
34678613
34377731
33852989
32295896
 Tatiana Ribeyre
32295896
32295896
31818368
 Laurent Bélec
 David Veyer
37454761
37454761
37398037
36913790
36836411
36788246
36634909
36415455
36228619
35612221
35322239
35309726
35290827
35157894
35150193
35144725
35022159
35016199
34986156
34894121
34695725
 Alexander J. McAdam
35653418
35653418
35636824
35293787
35264582
34524890
33879558
33692138
33403314
33177127
32843531
32839283
32788948
32737963
32737250
32737195
32737154
32737128
32737123
32737077
32737075
Yuan-Po Tu
37097146
37097146
36373109
35784831
34334445
33876726
33852576
33108384
32826428
32492294
31767913
31015537
23142244
22062776
21968084
 Rachel Jennings
36690849
36690849
35891547
35196045
34337522
33108384
33033118
32894307
32764605
32492294
31400952
31300488
30679513
30478760
30393762
29625756
29176493
29056335
27557446
26395141
25931474
 Brian Hart
37313719
37313719
37010793
36495112
36367726
36072813
35941012
35880677
34855846
35999969
33574043
33108384
33058149
32492294
29879474
28991883
23454656
20357542
19535228
16722300
16171298
 Gerard A. Cangelosi
36706504
36706504
36523414
35913145
35608118
35149246
35025930
34487461
34314573
33999938
33888590
33125422
33021611
32492294
31644315
31346252
30541931
28283525
27762541
27642101
27152855
 Rachel C. Wood
35913145
35913145
33999938
33125422
32492294
31346252
30541931
26808087
25727773
24268469
23290608
22328641
21765165
21764563
20579855
 Kevin Wehber
32492294
32492294
27096743
 Prateek Verma
37256318
37256318
36524934
36187892
35192986
35074775
34952256
34696725
34487461
34372763
33323079
33108384
32492294
30379843
29704488
28584471
28205644
27790573
26204110
25300873
 Deneen Vojta
36261825
36261825
34367059
34301495
34098112
33890861
33624516
33580540
33521772
33386336
33198550
33108384
32607520
32511481
32492294
32072838
31491542
30224333
29464831
28817302
24740868
 Ethan M. Berke
35074775
35074775
34487461
34308321
34150697
33764982
33211994
33108384
32492294
28459001
28344118
26993115
25199732
24459175
23999651
23871107
23416232
22942229
22492896
22491038
21747106
Cody Callahan
36318026
36318026
36162723
35467249
35440165
34406838
34086382
34076471
33532847
32587981
32577640
32511491
32393482
27634876
 Rose A. Lee
36375259
36375259
35138378
34362739
34076471
33532847
33504593
33441395
32958655
32577640
32376666
31383271
31198313
24066865
21819600
 Ghee Rye Lee
35767653
35767653
35613855
34520397
34076471
33882313
33853347
33532847
32577640
31593762
31402920
 Kate Zulauf
34076471
34076471
32587981
32511491
 James E. Kirby
37192172
37192172
36853056
36815834
36380053
36318026
35863629
35638361
35440165
35432870
35379360
35041511
34839127
34406838
34252295
34133005
34096189
34076471
33679626
33532847
33168749
 Ramy Arnaout
37036945
37036945
36318026
35969768
35881699
35863629
35440165
35439253
34839127
34406838
34406796
34076471
33790897
33532847
33478654
32587981
32577640
32511491
32393482
30237151
29719423
Sara B. Griesemer
36844451
36844451
35411351
35321554
33674284
33468607
28284278
26114757
25066276
23880159
23824816
23805213
22425698
27605339
18463694
17140286
 Greta Van Slyke
37376419
37376419
36526642
35876530
35666264
34914076
34496256
33674284
33468607
32891474
32128254
30766971
30172637
29046307
28736824
28700745
28284278
27466351
26516902
26114757
23514328
 Dylan Ehrbar
36526642
36526642
36036467
35994287
35876530
35697476
35321554
34730377
34151306
33674284
33185865
32891474
32235318
32128254
31589555
31313388
30766971
30626745
30258037
30172637
29869610
 Klemen Strle
37471146
37471146
37398146
37209716
37162851
36909473
36413215
35938719
35657098
35318928
35193398
34606609
34585942
34277474
34226730
34151306
34042327
33980694
33920166
33916266
33735890
 Tugba Yildirim
35321554
35321554
34757832
33674284
29274482
 Dominick A. Centurioni
34586891
34586891
33674284
31557664
30932710
30870408
28282915
 Anne C. Walsh
33674284
33674284
33418405
15870301
14512607
 Andrew K. Chang
37426719
37426719
35965162
35465084
35108429
34616975
33674284
33358232
33131116
32314482
32077553
31646927
31560758
30118582
29114833
28601270
26590748
26479162
26176973
26074387
25422152
 Michael J. Waxman
35465764
35465764
34189516
34153860
33825244
33766093
33674284
33654541
32001426
29868704
29350514
28874940
28141969
25590488
24219238
23590846
22547863
22176673
21684406
21480073
20639572
 Kirsten St. George
37398235
37398235
36996871
36844451
36375537
36327157
36196495
36048774
35980868
35830653
35789534
35767925
35763594
35545661
35511732
35439703
35411351
35321554
35133957
35130474
34757832
