Jingya Wang
37466418
37466418
37463995
37448750
37366219
37220054
37029463
36950551
36918219
36901882
36898424
36894562
36852074
36818506
36797258
36628151
36582228
36581404
36521895
36480517
36430268
 Jennifer M Cooper
36641225
36641225
33560344
31378739
31378727
30654704
29230472
30288423
27993523
27503405
27311651
26988981
26679970
25086784
 Krishna Gokhale
37295857
37295857
37280056
36619466
36467451
36123295
36056476
35879616
35781133
35665240
35608616
35580876
35474585
35473737
35273054
35115301
35039282
34978143
34924359
34859617
34649997
 Dionisio Acosta-Mena
36036235
36036235
35290719
34873874
34405204
34199007
33722197
33560344
33185016
32991065
 Samir Dhalla
33722197
33722197
33560344
33185016
32991065
 Nathan Byne
33722197
33722197
33560344
33185016
32991065
 Joht Singh Chandan
37295857
37295857
37280056
37277749
37230546
36834176
36619466
36510205
36467451
36229868
35986399
35879616
35781133
35770611
35768112
35590340
35580876
35545379
35473737
35410933
35392849
 Astha Anand
36878655
36878655
36647047
35148719
34716152
33722197
33635829
33560344
33185016
32991065
28392675
 Kelvin Okoth
36941638
36941638
36823565
36712153
36581409
35879616
35781133
35580876
35273054
35139185
35078796
35061706
34378227
33952535
33774536
33722197
33635829
33560344
33185016
33028606
32991065
 Anuradhaa Subramanian
37474660
37474660
37277749
36878655
36828655
36810190
36807756
36798860
36748660
36647047
36608816
36123295
36056476
36038914
35985824
35898465
35879616
35608616
35477524
35474585
35473737
 Mansoor N Bangash
37393133
37393133
37297890
37250485
36728428
36661470
36040579
36033249
35911546
35706489
35615243
34882508
34605779
34224453
33560344
33058770
33016557
32991065
32934046
32670267
32632416
 Thomas Jackson
37459878
37459878
37388527
37363696
37343464
37201588
36997856
36959622
36941845
36755846
36749208
36682465
36653750
36600323
36542476
36535902
36364904
36341779
36337916
36283794
36243955
 Dawit Zemedikun
37003160
37003160
36597990
36229868
36224602
35986399
35934808
35770611
35474585
35473737
34924359
34850849
33974661
33722197
33590842
33560344
33185016
32637892
32273305
31413164
29801777
 Tom Taverner
37429635
37429635
36228971
35879616
34978143
34859617
34146618
33560344
31614995
30862657
22815360
 Wasim Hanif
37307016
37307016
37223892
37188620
37165204
37092154
37085565
36607732
36508339
36282429
35969455
35898465
35393291
35107773
35025960
35016991
34932209
34859617
34739697
34442384
34405512
 Sandip Ghosh
37458349
37458349
37388895
37015764
36194188
35594416
35506728
35393291
35275724
35232160
34879999
34859617
34550126
34509603
34492262
34078672
33966090
33904550
33666571
33560344
33461293
 Parth Narendran
37479299
37479299
37229591
37151184
37016487
37012423
36999237
36949473
36914759
36576331
36543557
36475908
36335565
36310939
36198143
36074663
35472685
35450871
35359882
35245356
34879999
 Konstantinos A Toulis
36898704
36898704
36056476
36038914
34859617
34253675
34132853
33794503
33635829
33560344
33444160
33302846
33112263
32162273
31686781
31532828
31481394
31326267
31318867
30993728
30862657
 Abd A Tahrani
37231911
37231911
36282429
36123295
35898465
35790425
35718696
35616501
35608616
35538911
35536876
35513762
35451741
35450962
35397638
35333446
35319122
35267942
35025960
34859617
34762659
 Rajendra Surenthirakumaran
37466418
37466418
37077924
36945026
36941588
36418134
36169453
35999563
35886237
35248094
35140997
36926487
33560344
32671979
31541551
27385976
26093351
 Nicola J Adderley
37295857
37295857
37280056
36941638
36823565
36798860
36748660
36619466
36467451
36167402
36123295
36097792
36038914
35986399
35985824
35781133
35665240
35608616
35580876
35474585
35273054
 Shamil Haroon
37474660
37474660
37385771
36997975
36932242
36834176
36810190
36243695
35985783
35879616
35705219
35477524
35473737
35410933
35172752
35091570
35065779
35058264
34811549
34780128
34275440
 Kamlesh Khunti
37483547
37483547
37477963
37468405
37467785
37464045
37448181
37402905
37382097
37356047
37356031
37356015
37356013
37343968
37339346
37323861
37298047
37258612
37257222
37253489
37253043
 Christopher Sainsbury
37223892
37223892
36961675
36056476
35898465
35665240
35265939
35039282
34859617
33722197
33635829
33560344
33483358
33185016
32991065
32345651
31481394
30247069
29266630
28627243
28484968
 G Neil Thomas
37466418
37466418
37223892
37124118
37094900
36945026
36941638
36829123
36827858
36823565
36581404
36550397
36502467
36418134
36206479
36169453
35999563
35934808
35920018
35682049
35659332
 Krishnarajah Nirantharakumar
37466418
37466418
37295857
37280056
37277749
37223892
37012014
36945026
36941638
36936594
36878655
36834176
36829123
36828655
36823565
36810190
36748660
36712153
36647047
36619466
36608816
Laura Orioli
34108117
34108117
33352454
32413342
31105001
28870709
28150013
 Thomas Servais
35125001
35125001
33827811
33352454
30846197
26305681
20696937
19789709
 Leïla Belkhir
 Pierre-François Laterre
37428174
37428174
37350989
37269870
37259157
37108440
37012016
36774893
36769638
36750971
36690567
36628268
36530868
36484751
36476726
36207737
36057279
36035086
36018077
36008932
35884152
 Jean-Paul Thissen
37165186
37165186
36892751
36806620
35888749
35406681
35351144
35138516
35011021
34917913
34812127
34404335
34355155
34220542
34108237
33865909
33707522
33544206
33515740
33477821
33466285
 Bernard Vandeleene
34108117
34108117
33352454
33285105
32413342
31105001
31023169
28804907
21410416
16771868
 Dominique Maiter
36897769
36897769
36749009
36612241
36448840
36197784
35636915
35525260
34812127
34687911
34655521
34108237
34108117
34085950
34028837
33852154
33477821
33466285
33382887
33352454
33320109
 Jean C. Yombi
37452422
37452422
37325456
37221029
37038245
36952658
36934291
36787727
36580606
36389021
36060621
35944762
35938381
35891354
35765465
35705608
35493029
35307539
35187216
35181184
35137298
 Michel P. Hermans
37448650
37448650
37340416
36603333
36528235
36130257
36130226
36116326
35876223
35745195
35044430
34812127
34728212
34582550
34172013
34108237
33933039
33826712
33580256
33477821
33466285
Jean-Daniel Lalau
36556379
36556379
36510012
35662580
35545864
35182713
34699977
34545662
34085949
33837455
33811249
33731624
33731622
33309936
33221825
33003077
32742592
32707108
32683744
31790282
31346929
 Abdallah Al-Salameh
36556379
36556379
36510012
36183805
36070423
35895701
35779852
35662580
35545864
35182713
34699977
34545662
34085949
33564173
33309936
33221825
32816095
32711585
32707108
32683744
32617649
 Samy Hadjadj
37455430
37455430
36965179
36927451
36926036
36738891
36637406
36552894
36531884
36375567
36261811
36221106
36167701
36053971
35837981
35701673
35681209
35583678
35534880
35472685
35171448
 Thomas Goronflot
37431115
37431115
37271002
36899082
36823412
36594497
35681209
35596781
35472654
35247991
34839373
33810851
33577905
33528920
33421812
33309936
33289793
33091555
32417910
31272411
31241041
 Nicolas Wiernsperger
35662580
35662580
35545864
33309936
28417525
28222147
28197472
25514915
24143116
22197630
22048751
21167072
20668632
20613941
19488607
19466216
18066432
17922677
17589675
17557978
16832559
 Matthieu Pichelin
34739847
34739847
34658131
34586754
34085949
33599800
33577905
33528920
33309936
33233575
33207932
33091555
33051976
32958626
32847826
32816095
32617649
32472191
32404332
32081364
31866527
 Ingrid Allix
36965179
36965179
33528920
33309936
32816095
32617649
32472191
31866527
30869246
26514950
23884779
 Coralie Amadou
37449762
37449762
36493959
35781825
35750516
35701673
35474232
34920110
34728340
34666166
34257050
34085949
34009725
33599800
33431420
33309936
33253241
33176391
33051976
32847826
32816095
 Olivier Bourron
37094929
37094929
36587209
36009502
35701673
35534880
34754370
34740903
34586754
34544648
34384426
34120465
34085949
33731006
33599800
33377125
33309936
33051976
32948184
32849282
32847826
 Thierry Duriez
33309936
33309936
 Jean-François Gautier
37476481
37476481
37470503
37464961
37460383
37455812
37453556
37437602
37437516
37436190
37429592
37428514
37421156
37418094
37402370
37400803
37395710
37391030
37386298
37367127
37364852
 Anne Dutour
37424866
37424866
36731720
36289683
36032101
35801684
35708030
35326485
35326442
35289525
35054297
35047539
34738693
34586754
34519343
34484128
33331910
33309936
33233575
32314256
32102570
 Céline Gonfroy
 Didier Gouet
35642243
35642243
33309936
31866527
31782050
31182337
29483185
28155773
23978337
21285389
 Michael Joubert
36422803
36422803
36004657
35913656
35348391
34728340
34028700
33309936
33043591
32816095
32617649
32472191
32360196
31957647
31173451
33323237
30862245
30861564
30067203
29862649
28751730
 Ingrid Julier
33309936
33309936
19419831
 Etienne Larger
37369827
37369827
37159925
37043830
36781064
36763338
35733830
35731238
35505238
34866293
34813929
34721418
34522983
34406396
34398492
34370033
34350463
34348875
34303004
34085949
34061769
 Lucien Marchand
36971039
36971039
35701673
34156538
33954848
33852787
33309936
32816095
32653960
32617649
32472191
31611265
31520619
31434650
31423559
31250924
31051144
30612138
30506459
30439284
30284618
 Michel Marre
36822744
36822744
36552894
36331712
36221106
36053971
35896277
35583678
35534880
35439582
34853028
34580995
34448881
34226943
34085949
34035077
33883461
33827803
33606920
33577905
33539672
 Laurent Meyer
36331712
36331712
36238800
35944265
35701673
34586754
34028700
33864703
33309936
33051976
32816095
32617649
32472191
32404844
32048396
31666818
33323237
30217336
25161114
18509136
17408619
 Frédérique Olivier
37480577
37480577
37478458
37476076
37471095
37471026
37466710
37451207
37450731
37449378
37439445
37434912
37429095
37427356
37423675
37422514
37419913
37419055
37417948
37407720
37404562
 Gaëtan Prevost
 Pascale Quiniou
33309936
33309936
 Christelle Raffaitin-Cardin
33577905
33577905
33309936
 Ronan Roussel
36763338
36763338
36397092
36221106
36094418
35604792
35583678
35534880
35427775
35245370
35107580
34853028
34661078
34586754
34475028
34406396
34370033
34348875
34108446
34099517
33985506
 Pierre-Jean Saulnier
36965179
36965179
36900329
36873744
36637406
36375567
36261811
36053971
35947673
35701673
35681209
35618095
35583678
35534880
34644608
34140396
33765986
33528920
33409569
33309936
33055101
 Dominique Seret-Begue
35701673
35701673
34586754
34085949
33599800
33309936
33051976
32847826
21615310
 Charles Thivolet
36781064
36781064
36058207
35701673
35316510
35133640
34673241
34586754
34160791
34009725
33961335
33577905
33309936
32847826
32816095
32617649
32472191
32198288
31434650
31423559
31175102
 Camille Vatier
36806620
36806620
36206842
35701673
35521700
35445532
35436501
35046902
34757162
34581618
34292171
33961515
33599800
33528920
33309936
33112291
33051976
32816095
32617649
32540813
32540812
 Rachel Desailloud
36690074
36690074
36556379
36070423
35895701
35701673
34925246
34256010
34186075
33309936
33279474
33221825
33156493
32986202
32683744
32380469
31606058
31300658
32812913
30698717
30290197
 Matthieu Wargny
36965179
36965179
36917123
36899082
36528340
36318244
36261811
36174852
36167701
36149403
36053971
35701673
35699345
35681209
35596781
35509830
35472685
35268464
35171448
35130909
34658131
 Pierre Gourdy
37354562
37354562
37005640
36965179
36596946
36331712
36261811
36053971
35701673
35675775
35472685
35417722
35316510
35171448
35133640
34853028
34784005
34658131
34626731
34586754
34436443
 Bertrand Cariou
37309596
37309596
37128917
37003850
37001695
36965179
36917123
36862553
36847386
36781064
36731720
36722156
36535853
36528340
36380358
36375567
36261811
36174852
36167701
36115027
36053971
Nan Jiang
37484860
37484860
37484470
37482592
37474831
37468599
37465758
37465514
37452345
37451050
37450576
37446919
37442030
37439034
37438292
37435919
37422692
37399728
37394977
37393002
37390996
 Zhenyuan Chen
37414876
37414876
36808521
36780005
36443961
36351780
35971852
35965478
35784222
35537540
35384173
35219601
35037324
34123876
34090536
33556812
33310173
33276190
33235614
32925869
32861011
 Li Liu
37485877
37485877
37484938
37484822
37482573
37482304
37478041
37476494
37474710
37471384
37469864
37466395
37466182
37465451
37463561
37462398
37462246
37461672
37459834
37458069
37456862
 Xiaoxv Yin
37414876
37414876
37340489
37184031
37105212
37087968
36764365
36709612
36655917
36467700
36443961
36416882
36402872
36351780
36324466
36110034
35971852
35965478
35964018
35957850
35937259
 Heping Yang
37400821
37400821
37347224
36757755
36397950
36267567
35863472
35244326
35006462
34965083
34504063
34349244
34261458
34229800
34168400
34123876
34090536
33679389
33515771
33507127
33310173
 Xiangping Tan
36622236
36622236
36538956
36473640
36160957
36152848
35756006
35598448
35219601
34512567
34123876
33736358
33515771
33310173
32325318
31978765
31931193
31698841
31091488
30148851
29859411
 Jing Wang
37486200
37486200
37485278
37483714
37483117
37482166
37480961
37480635
37480414
37480140
37479971
37479693
37479045
37478287
37478217
37477770
37476063
37473884
37469700
37467125
37465516
 Hui Li
37486036
37486036
37482605
37481223
37480786
37479889
37479639
37478758
37478188
37477105
37475506
37475064
37475063
37475062
37474742
37471657
37471643
37471263
37471187
37467387
37467131
 Mengge Tian
37020815
37020815
35784222
35537540
35384173
35219601
35198522
35095623
34722444
34261458
33310173
 Zuxun Lu
37184031
37184031
37139053
37072454
37014067
36917388
36739004
36620668
36591028
36335472
36224584
35987998
35869275
35864527
35726314
35676508
35676005
35641122
35624478
35594779
35578232
 Nian Xiong
37433411
37433411
37190635
36985154
36829955
36105924
35884658
35830201
35803929
35668454
35600840
35488376
35456127
35219601
35094118
34984583
34956212
34695565
34691027
34585841
34285921
 Yanhong Gong
37414876
37414876
37314293
37105212
36764365
36709612
36655917
36416882
36351780
36324466
35971852
35965478
35964018
35937259
35927624
35799122
35784222
35676508
35676005
35537540
35384173
Xu Cheng
37484342
37484342
37473566
37468562
37465387
37456659
37456323
37447260
37428513
37426473
37423063
37420103
37405309
37397969
37393837
37386813
37378837
37377606
37376659
37359220
37357238
 Ye-Mao Liu
37324618
37324618
37178274
37082131
36798909
36781092
36321173
36237179
36138541
35410227
35299057
35250880
35222285
35139697
35108509
34977177
34478633
33729889
33421384
33344548
33043313
 Haomiao Li
37368463
37368463
37304120
37197634
37102825
37033056
36981481
36937398
36919147
36815170
36801636
36788648
36743416
36657023
36530980
36466925
36388828
36382366
36226869
36074742
36059626
 Xin Zhang
37486125
37486125
37485977
37485276
37483040
37482619
37482370
37481473
37480786
37480130
37479787
37478488
37478416
37475301
37474537
37473566
37471263
37467979
37467100
37466641
37465397
 Fang Lei
37469786
37469786
37461009
37455554
37450367
37446408
37409402
37403850
37400510
37378633
37370029
37356584
37324618
37321030
37291642
37277019
37275136
37271885
37239374
37226095
37217599
 Juan-Juan Qin
37324618
37324618
37082131
37004300
36781092
36330016
36321173
36237179
36138541
35924673
35299057
35256042
35250880
35222285
35139697
34977177
34478633
33729889
33582899
33521746
33421384
 Ze Chen
37466391
37466391
37447619
37445854
37443174
37365013
37357916
37344966
37324618
37316580
37297995
37274336
37254235
37204143
37192012
37152539
37084335
37051018
37032101
37004300
36909517
 Ke-Qiong Deng
37431082
37431082
37230962
37086230
37004300
36396746
36237179
35759443
35437018
35256042
34055936
33330541
32861268
32805187
32683902
30748020
29945911
29229612
28827473
28716987
27956576
 Lijin Lin
37404538
37404538
37224896
37124758
37094685
37086641
37040740
37032101
37004300
36993843
36909326
36841290
36840064
36788248
36674735
36632754
36589110
36531404
36530914
36507378
36438112
 Ming-Ming Chen
37474064
37474064
37462477
37324618
36876076
36237179
36138541
36078722
35453440
35410227
35265618
35250880
35222285
35165987
35004684
34977177
34745088
34699210
34601415
34476064
33729889
 Xiaohui Song
37427813
37427813
37381388
37376855
37350454
37277404
37275578
37124758
37121656
37087764
37040740
37031244
37012391
36981481
36870970
36841290
36798909
36733893
36634828
36564487
36540128
 Meng Xia
37479695
37479695
37477872
37468868
37458141
37440524
37435549
37429630
37427758
37417267
37407885
37403593
37374713
37353738
37320898
37316392
37314250
37313461
37304172
37294661
37287421
 Xuewei Huang
37180779
37180779
37124758
37086641
37082131
37032101
37004300
36989963
36909326
36530914
36330016
36321173
36237179
35924673
35829732
35759443
35752686
35730675
35632454
35504990
35256042
 Weifang Liu
37291508
37291508
37192383
37066824
36921087
36909326
36824788
36753931
36747144
36530914
36495833
36412218
36370492
36354563
36330016
36321173
36198314
36064481
36060805
35919067
35918720
 Jingjing Cai
37431986
37431986
37403783
37390231
37342346
37324618
37250561
37234797
37210776
37204656
37201909
37180779
37124758
37089259
37086641
37082131
37080516
37060750
37051200
37040740
37032101
 Xiao-Jing Zhang
37431986
37431986
37324618
37304905
37230962
37203337
37178875
37127924
37116711
37086641
37082131
37040740
37032101
37004300
36998980
36997662
36960313
36932412
36841290
36798909
36792729
 Feng Zhou
37460917
37460917
37460558
37441944
37439637
37432812
37410733
37404474
37403239
37401731
37386333
37375346
37370106
37365998
37341447
37340355
37336636
37328441
37308869
37308069
37300005
 Peng Zhang
37485893
37485893
37482661
37478207
37476617
37475560
37475318
37475243
37475005
37474342
37470905
37470054
37468165
37467944
37464874
37462971
37458208
37458026
37457852
37455079
37454262
 Yibin Wang
37440359
37440359
37426523
37396417
37356292
37310861
37296391
37286860
37233188
37208557
37141815
37112011
37100237
37097734
37078222
36991687
36991098
36972673
36939416
36914852
36909098
 Xinliang Ma
37437402
37437402
37020952
36883479
36822255
36764513
36104289
35805165
35673562
35660107
35611695
35282371
35269401
34977174
34926601
34910548
34910546
34763521
34536344
34508760
34006831
 Qingbo Xu
37475045
37475045
37430253
37229905
37153747
37148935
37147443
37043578
36805782
36790347
36754903
36703732
36647538
36623250
36562301
36552820
36532724
36515099
36315271
36301989
36200440
 Juan Yang
37478294
37478294
37477274
37467904
37464738
37458186
37431017
37429656
37427408
37356954
37315890
37309913
37306069
37277111
37277070
37260138
37258131
37254545
37217110
37211335
37201073
 Ping Ye
37452352
37452352
37400749
37389347
37334359
37249421
37198658
37156795
37149696
37132235
37109802
37092003
37057937
37057128
37050858
36986125
36984352
36969217
36963422
36908911
36867363
 Weiming Mao
35691374
35691374
35569518
35367417
35250880
35129590
34896309
34499703
33729889
33705750
33675778
33421384
33061288
33043313
32941875
32861268
32673499
32592657
32369736
32359177
32302265
 Xiaodong Huang
37448305
37448305
37400847
37310126
37285619
37213667
37118701
37105286
37073009
37037814
37034225
36990393
36964867
36924036
36894530
36859926
36848391
36845473
36819707
36814311
36788610
 Jiahong Xia
37356602
37356602
37334359
37232170
37156795
36916002
36908474
36867363
36237179
36168621
35793753
35720337
35548419
35547752
35436984
35026656
34687442
34421916
34256745
34239349
34226510
 Bing-Hong Zhang
36608839
36608839
34861603
34795494
33853705
33729889
33521746
33421384
33222058
33043313
32861268
32673499
32632609
32614976
32592657
32493070
32369736
32359177
32302265
32234564
31960821
 Jiao Guo
37416848
37416848
37364420
37343655
37342585
37337224
37337182
37302318
37285764
37244407
37241887
37152651
37093540
37024610
36961248
36950008
36948135
36925917
36905863
36873141
36732817
 Lihua Zhu
37467131
37467131
37408123
37400575
37394707
37297176
37292647
37265797
37229134
37156841
37142692
37134151
37118888
37111900
37108858
37056852
37051558
37035073
37035071
37020869
36862359
 Zhibing Lu
37431082
37431082
37405482
37354826
37284070
37086230
37054908
37004300
36634025
36573725
36563053
36483625
36396746
36038225
36008072
36005434
35792496
35497996
35460889
35227297
35111634
 Yufeng Yuan
37416773
37416773
37188666
37182966
37067593
36941998
36929212
36890041
36809426
36799412
36752967
36645540
36637643
36624217
36610252
36602428
36527970
36524359
36462680
36432363
36407877
 Xiang Wei
37460954
37460954
37424961
37423320
37422979
37415103
37375039
37354750
37322605
37316056
37306883
37302123
37290201
37287058
37246472
37243403
37230962
37229485
37223654
37221432
37181033
 Zhi-Gang She
37324618
37324618
37203337
37178875
37082131
37040740
37032101
37004300
36998980
36932412
36909326
36841290
36798909
36792729
36775042
36712249
36462680
36330016
36321173
36237179
36119048
 Yan-Xiao Ji
37324618
37324618
37230962
37086641
37082131
37004300
36841290
36396746
36237179
35759443
35437018
35410227
35299057
35222285
35139697
34910548
34910546
34536344
34478633
34435375
34272738
 Hongliang Li
37486326
37486326
37431986
37386837
37365277
37339155
37324618
37312284
37298242
37297162
37284076
37276218
37272713
37271879
37235698
37230962
37217870
37203337
37195840
37178875
37160625
