Ruoran Wang
37421741
37421741
37190558
37171701
36713668
36712439
36676795
36672075
36384722
36277898
36235826
36110400
36106975
36081582
36065318
35966251
35916443
35910482
35652891
35609376
35432157
 Min He
37486005
37486005
37478427
37475069
37474067
37460632
37454705
37441368
37430229
37429118
37421743
37421741
37395645
37387354
37386637
37381581
37380964
37348447
37313307
37286734
37284972
 Wanhong Yin
37408020
37408020
37240654
37185200
37101273
36373417
35966841
35505432
34986962
34756391
34629416
34323030
34117639
33729128
33147584
33015171
32914892
32875724
32870787
32869464
32302014
 Xuelian Liao
37268272
37268272
37038476
36789359
36789189
36785648
36585321
36425582
36103964
35801015
35505432
35020851
34867988
34756391
34649502
34459034
34342712
34253228
33729128
33555845
33395074
 Bo Wang
37484991
37484991
37481678
37480850
37478671
37476406
37474102
37466402
37466210
37460814
37457834
37457659
37456829
37452249
37451531
37450565
37449724
37447863
37442136
37442054
37433999
 Xiaodong Jin
37413841
37413841
37408112
37332060
37121164
36728600
36645115
36558552
36468368
36400749
36336155
36333695
36187468
36078835
36059026
35928969
35915860
35730607
35505432
35493368
35276925
 Yao Ma
37425909
37425909
37379796
37355104
37315553
37311353
37222283
37209856
37201853
37162451
37158871
37086112
37066843
37065707
37050719
37020557
37013822
37008308
37006827
36972666
36928244
 Jirong Yue
37425295
37425295
37342280
37324750
37313848
37251016
37206876
37151646
37124768
37098831
37057640
36788484
36580560
36575085
36434519
36419004
36330882
36204590
36192690
36162981
36158552
 Lang Bai
37431206
37431206
37247200
37243268
37020551
36706830
36702701
36674813
36643032
36544651
36425495
36388832
36328126
36224675
36165293
36144943
35836102
35832086
35655803
35646992
35636408
 Dan Liu
37485594
37485594
37483672
37476584
37474444
37468168
37465553
37462619
37460871
37456855
37447146
37445141
37442172
37442010
37436734
37425213
37424858
37424469
37421445
37418638
37407863
 Ting Zhu
37480646
37480646
37476379
37470145
37380525
37325359
37306481
37283977
37277702
37207778
37194559
37151160
37120891
37100246
37093201
37081170
37072414
37067229
37057989
37036220
37029577
 Zhixin Huang
37442918
37442918
37438802
37362207
37343918
37342100
37318861
37303669
37282894
37231678
37204451
37170802
37117633
37040524
36959648
36861640
36739270
36703641
36418161
36311738
36264997
 Yan Kang
37449516
37449516
37443556
37413841
37408020
37368839
37357725
37352568
37346540
37343602
37301835
37301035
37296183
37272947
37250893
37209237
37196694
37190558
37165726
37129623
37106536
Gang Wu
37459587
37459587
37445818
37443367
37438995
37428660
37426517
37425900
37425880
37416982
37408188
37402403
37401674
37401170
37399907
37398194
37396095
37392251
37379704
37376764
37361591
 Shuchang Zhou
37305572
37305572
37105304
36949068
35567901
34404435
34164176
33877558
33869677
33313194
32820210
32414594
32367418
32352310
32235187
32193637
32166681
32134681
32102748
32055945
30341530
 Yujin Wang
37448517
37448517
37421454
37217807
37153082
37109821
37090075
36984024
36975430
36781983
36722660
36601871
36464270
36397632
35754513
35751192
35303485
34917630
34652628
34428056
34404435
 Wenzhi Lv
37246851
37246851
37241829
37173031
37154999
37003875
36510567
36408884
36153469
35961946
35929909
35910809
35695316
35527993
35242363
35066342
34741749
34671832
34631572
34557410
34432320
 Shili Wang
36696790
36696790
34998197
32940055
32820210
35494667
30876578
30747033
30719984
27104114
26998095
26795357
25695072
25464571
25216891
24926342
24710428
24117149
23670584
23046931
22830584
 Ting Wang
37485559
37485559
37483072
37481912
37478998
37474941
37471046
37470500
37469306
37465757
37462619
37461388
37460488
37458434
37454094
37451952
37445705
37442772
37442756
37433841
37427980
 Xiaoming Li
37467049
37467049
37418193
37408137
37402124
37399064
37392272
37389609
37382882
37368194
37343852
37333566
37313523
37311276
37289345
37277438
37276656
37275535
37271296
37270942
37269884
Arjun S Yadaw
37425442
37425442
37207367
36778264
35926710
34739849
34669512
33200140
32984797
32511520
31042702
 Yan-chak Li
36976789
36976789
36158455
35923321
34609967
32984797
32511520
 Sonali Bose
37261124
37261124
37163005
36244395
35696342
35486086
35263245
34978851
34226239
33811098
33655216
33595960
33551315
33450610
33443194
32984797
32860872
32693214
32511520
31818308
31042562
 Ravi Iyengar
37425442
37425442
37416508
37398187
37101545
37022786
36994727
36824813
36302844
35926710
35881481
35675394
35654359
35567544
35058449
34993473
34739849
34669512
34320838
33941686
33679326
 Supinda Bunyavanich
36756745
36756745
36731716
36448508
35985346
35750322
35718139
35550149
34609967
34412069
34381049
34212550
34155703
33852839
33819506
33762359
33592204
33436162
33346152
33290919
32984797
 Gaurav Pandey
37425442
37425442
37162824
36998101
36976789
36883955
36657447
36509643
36401772
36312397
36302844
36230680
36206733
36194188
36158455
36139704
35923321
35814507
35715861
35659965
35569854
Shuai Zhang
37484999
37484999
37483453
37481197
37480965
37478164
37467650
37466793
37466394
37461067
37451570
37449496
37446725
37445141
37438155
37437761
37428261
37428121
37419511
37417728
37413904
 Mengfei Guo
37419511
37419511
37348161
37184281
36791651
36747258
36530971
36514377
36432636
36431784
36057637
36033827
35963422
34149672
33971402
33860719
33841388
33179521
33120311
32944177
32911080
 Limin Duan
37294135
37294135
37266439
36939399
36895490
36806535
36805272
36621476
36462241
36368378
36307399
36115404
36057637
35860737
35753379
35688223
35580666
35489481
35087161
34880649
34661498
 Feng Wu
37480966
37480966
37475441
37461106
37461031
37446679
37442940
37441244
37436927
37433372
37430290
37415572
37410259
37395216
37393552
37391560
37379598
37375263
37365671
37349991
37340577
 Guorong Hu
37215637
37215637
37155746
36994164
36506462
35781972
35713479
35484128
35182015
34982256
34637603
34493735
33003729
32818324
32678040
31596052
31497026
31059089
30714709
30626714
30028126
 Zhihui Wang
37465384
37465384
37430703
37423921
37381393
37332688
37285742
37276850
37262346
37262230
37251770
37240160
37227783
37222520
37176103
37172253
37140694
37047507
37047091
37042569
37031788
 Qi Huang
37477346
37477346
37458772
37453703
37445839
37438735
37429231
37425480
37422102
37416897
37410111
37403282
37398840
37393941
37386875
37375698
37368640
37357805
37354324
37353487
37346077
 Tingting Liao
37448557
37448557
37315371
37158870
37009310
36893068
36481734
36230634
36113792
36096589
36057637
35915490
35902639
35884544
35794134
35418089
35399527
35380279
35373529
35190654
35177340
 Juanjuan Xu
37453997
37453997
37423023
37381390
37307125
37140694
37123825
37114966
36832830
36705830
36334351
36230634
36180066
36102594
36063682
36042213
35983933
35908723
35860737
35830201
35726651
 Yanling Ma
37462024
37462024
37199861
37156297
37143168
37139144
37100174
37099867
37069814
37039875
37011560
36811244
36805272
36761326
36746234
36713848
36669280
36532065
36528880
36408251
36180066
 Zhilei Lv
36230634
36230634
33855028
33323556
32851112
32678040
31707279
31497026
31489711
31059089
30626714
30555740
29904382
29164298
28533754
28074916
27872514
27819281
27186414
27062698
26676204
 Wenjing Xiao
37383357
37383357
37285684
37222742
37117821
36974976
36932035
36920031
36916457
36875854
36805272
36753952
36481693
36377924
36278650
36270010
36208484
36173401
36031409
35999498
35962830
 Zilin Zhao
37358536
37358536
37318066
37208507
36805272
36593654
36180066
35684256
35405191
35269989
34820202
34512708
34198862
34042352
33476793
32927129
32678040
30707302
30498660
27273941
26629187
 Xueyun Tan
37140694
37140694
36805272
36230634
36180066
36064415
35860737
35624472
34656797
34522117
34035220
33323556
32678040
30822728
 Daquan Meng
37140694
37140694
36916002
36805272
36064415
35793753
34687442
34256745
32678040
24962223
23608713
23421826
 Shujing Zhang
37442494
37442494
37406285
37315643
37192721
37191852
37129772
37118055
37102105
36966880
36822023
36804835
36758655
36748342
36690898
36682184
36656941
36652563
36591454
36589102
36521269
 E Zhou
37486731
37486731
37486695
37486372
37484236
37483963
37483190
37482960
37482324
37482147
37482029
37481958
37481519
37481393
37481206
37480966
37480953
37480833
37480748
37480740
37479785
 Zhengrong Yin
36530971
36530971
36291889
36230634
35884544
35860737
35726651
35399527
35083132
34656797
34424666
34249973
33855028
33822106
33596592
33365148
33323556
33163252
32983146
32851112
32678040
 Wei Geng
37186723
37186723
37168113
36872383
36688804
36674094
36644950
36598845
36549956
36539263
36367991
36353677
36293621
36199628
36110402
36078282
36029201
36028040
35884544
35726651
35691558
 Xuan Wang
37485232
37485232
37475233
37474975
37470854
37466129
37455726
37453891
37435045
37431281
37430100
37427716
37425708
37422735
37421126
37415079
37410733
37405632
37399615
37399403
37395187
 Jianchu Zhang
37465819
37465819
37254054
37192019
37069814
36879668
36805272
36304969
35908723
35126184
34795282
34758489
34515914
34382150
34242179
34095219
33822106
33650234
33639119
33582901
33486496
 Jianguo Chen
37481118
37481118
37461066
37414146
37391731
37371401
37350938
37325895
37283026
37239150
37120497
37062689
37022868
37015581
37015356
37014818
37012493
37010676
36986405
36939690
36914810
 Yu Zhang
37486170
37486170
37485594
37485572
37485351
37484247
37483544
37482608
37482409
37481212
37480786
37480201
37479694
37478717
37478691
37478484
37477475
37475739
37475409
37474925
37474359
 Yang Jin
37481362
37481362
37480572
37474995
37461088
37456834
37456733
37455998
37455557
37445714
37437020
37434680
37426142
37421821
37420549
37419511
37417698
37415366
37397372
37393390
37393077
Angelo Zinellu
37415980
37415980
37374107
37373630
37232846
37176740
37137756
37106758
37047382
37005603
36983107
36835065
36675428
36613539
36553950
36552525
36359478
36344783
36323421
36233510
36146502
 Francesco Arru
33043447
33043447
 Andrea De Vito
37453495
37453495
37372903
37354725
37331862
37275059
37243000
36992429
36983762
36851711
36837506
36826350
36690859
36680111
36676132
36431226
36431008
36428947
36428861
36399289
36268000
 Alessandro Sassu
34208327
34208327
33043447
21829380
21767363
21283782
19715579
19247500
18385763
17323822
16014305
 Giovanni Valdes
33043447
33043447
30827760
 Valentina Scano
35513742
35513742
35204602
34928265
34884340
33946941
33839709
33291581
33143144
33043447
32794454
32378181
 Elisabetta Zinellu
37373630
37373630
37176740
36553950
36323421
36146502
35743436
35513742
35453451
34829635
34829616
34575245
34210032
33946941
33839709
33496152
33450916
33291581
33218130
33143144
33043447
 Roberto Perra
34352002
34352002
33343579
33291581
33145045
33043447
17503328
 Giordano Madeddu
37354725
37354725
37243000
37220765
37059996
36992429
36983762
36927963
36851711
36826350
36680111
36676132
36431008
36366413
36268000
36170020
36158272
36151508
36099381
36097757
36096158
 Ciriaco Carru
37373630
37373630
37176740
37137756
37106758
37005603
36983107
36936139
36835065
36675428
36613539
36553950
36552525
36528834
36344783
36323421
36146502
36140552
36039053
36030436
35835374
 Pietro Pirina
37373630
37373630
37176740
37137756
37127163
36983107
36791835
36675428
36553950
36429783
36344783
36323421
36146502
35743436
35513742
35453451
35312538
35204602
34928265
34884340
34829635
 Arduino A. Mangoni
37415980
37415980
37402484
37374107
37373630
37296100
37232846
37185147
37176740
37137756
37073875
37005603
36983107
36949557
36917330
36803703
36735848
36675428
36622121
36552525
36479332
 Sergio Babudieri
37243000
37243000
36983762
36851711
36826350
36680111
36676132
36431008
36268000
36173889
36170020
36158272
36099381
36096158
35855627
35799126
35742110
35628093
35622392
35388091
35118088
 Alessandro G. Fois
37373630
37373630
37176740
37137756
36983107
36826350
36675428
36553950
36344783
36323421
36146502
35743436
35628093
35622392
35621666
35513742
35453451
35310436
35204602
34928265
34829635
