William Zuccon
33046317
33046317
23445689
22352219
21780570
21105481
20726391
19093632
18572737
18510034
17990607
 Paolo Comassi
33046317
33046317
 Luca Adriani
36727259
36727259
35157406
33046317
 Giulio Bergamaschini
33046317
33046317
 Elena Bertin
33046317
33046317
27400882
 Raffaella Borromeo
33800334
33800334
33046317
 Serena Corti
34525384
34525384
33528918
33046317
26075135
23814806
23371278
23371277
22639956
22281433
21883829
21115928
20843710
 Federica De Petri
33046317
33046317
 Francesco Dolci
34204911
34204911
33046317
21637874
21190329
16800495
 Attilio Galmozzi
33046317
33046317
 Alberto Gigliotti
33046317
33046317
 Livio Gualdoni
33046317
33046317
29356958
 Claudia Guerra
37389531
37389531
37375632
36938783
36515550
36053287
35171038
34981539
34906471
34687478
33549385
33046317
32981477
31226742
30772115
30553023
30428489
30230379
31595259
29482680
29197036
 Anna Khosthiova
33046317
33046317
 Giovanni Leati
36196011
36196011
36059024
35313890
34595901
34204911
33046317
31736426
29843997
29163957
27097842
26311236
24843241
 Giuseppe Lupi
33046317
33046317
 Paolo Moscato
37445697
37445697
36226614
35160260
33338001
33046317
32524333
31650726
29651025
29618128
27041992
 Vittorio Perotti
33046317
33046317
 Miriam Piantelli
33046317
33046317
 Alain Ruini
33046317
33046317
 Silvia Sportelli
33046317
33046317
 Micaela Susca
33046317
33046317
17031825
15712070
15497144
14983934
11799480
 Carmine Troiano
33046317
33046317
 Giampaolo Benelli
33765013
33765013
33046317
32409587
 Elisabetta Buscarini
36708299
36708299
36170680
35940549
35915956
35794064
35620871
35545122
35464745
34888007
34811949
34732310
34088596
33975912
33765013
33726978
33676857
33532557
33259767
33081831
33060438
 Ciro Canetta
36836094
36836094
36635129
36591311
36539604
36153183
35970982
35792754
35754021
35697562
35505624
35464745
35416001
35391879
34718667
34468185
34302923
33765013
33046317
32977101
32774118
 Guido Merli
33765013
33765013
33174408
33046317
32409587
28752004
27759743
27374970
19095890
18948034
18219059
 Alessandro Scartabellati
35464745
35464745
34515212
33765013
33072814
33046317
32977101
32794585
32774118
32471703
32409587
22114470
Imen Ben Saida
36155907
36155907
35891176
35718779
33193951
32938289
32618485
32375723
31691943
 Emna Ennouri
36947950
36947950
35718779
33193951
32618485
31853671
 Rayane Nachi
33193951
33193951
 Khaoula Meddeb
36947950
36947950
36571723
35819641
35718779
34902090
33738034
33480014
33193951
32548834
31853671
31126317
30756032
28292087
 Jihene Mahmoud
33193951
33193951
 Nesrine Thabet
33193951
33193951
 Salma Jerbi
33480014
33480014
33193951
31406437
 Mohamed Boussarsar
36947950
36947950
36571723
36206085
36155907
35987966
35891176
35819641
35718779
34902090
33738034
33480014
33193951
32618485
32548834
32375723
31853671
31853592
31691943
31170955
31126317
Ilias I. Siempos
37481422
37481422
37258983
36919700
36786924
36402630
36355043
36205996
35588639
35422037
35416467
35223911
35036925
34984341
33863829
33766109
33760709
33425957
33175276
33034690
32986956
 Eleni Xourgia
36355043
36355043
35588639
35223911
35036925
34985625
33766109
33425957
32699944
31448345
31378637
30891152
30844705
30596030
30254723
 Theodora K. Ntaidou
35416467
35416467
33425957
25680911
25405693
24981963
23546502
20016381
19953007
 Dimitris Zervakis
35223911
35223911
33425957
33233686
17549457
 Eleni E. Magira
33425957
33425957
32958163
32540147
31777755
31338382
30339235
30015364
28159173
26788132
25677725
23994112
23560769
22504415
21063676
18611953
17464874
16038747
15935893
12932386
12626563
 Anastasia Kotanidou
37481422
37481422
37392869
37385736
37374251
37373282
37367740
37258983
37175942
37130784
36786924
36698808
36611805
36548642
36536123
36474609
36402630
36355043
36294842
36205996
36143371
 Christina Routsi
37258983
37258983
36830190
36786924
36615909
36355043
36348961
35740177
35422037
35416467
35405269
35223911
35207659
34864780
34647032
34616662
33917002
33766109
33425957
33233686
33029750
 Spyros G. Zakynthinos
36355043
36355043
35652112
35422037
34066244
33425957
31404635
31140976
30681310
30232658
30202530
30084038
29466588
29055751
28880990
27436285
26740413
26669995
26324671
25848815
25280159
Christian Karagiannidis
37326646
37326646
36640786
36269731
35945343
35896387
35773555
35765102
35583040
35213298
35146534
35138413
35115345
35044901
35030205
34933311
34844657
34789365
34669162
34651197
34557834
 Carina Mostert
35030205
35030205
32735842
 Corinna Hentschker
35030205
35030205
32735842
30259207
28868612
26208928
24700615
 Thomas Voshaar
36990120
36990120
34164551
33847695
33738306
33302718
32735842
32564028
31810103
28701014
27215595
24299501
27536432
22456296
18083019
16422211
15309278
12593174
12532528
12047968
11941325
 Jürgen Malzahn
 Gerhard Schillinger
37183116
37183116
34351975
32735842
30262390
29909576
28849759
 Jürgen Klauber
 Uwe Janssens
37425314
37425314
37399837
37394611
37394541
37341751
37285027
37221324
37115243
37099148
36940709
36750124
36691075
36690009
36356610
36326844
36195087
36167311
36070732
35166875
35030205
 Gernot Marx
37426886
37426886
37425314
37203687
37115243
36878954
36805707
36756642
36740717
36691377
36623526
36591270
36555168
36530868
36472534
36387013
36309146
36142913
36087611
36001363
35983102
 Steffen Weber-Carstens
37257753
37257753
37209006
37081577
37081235
36769095
36233843
36233603
36013535
35941303
35922829
35765102
35759721
35394445
35372842
35275071
35193645
35160299
35146534
35075782
35030205
 Stefan Kluge
37457054
37457054
37442145
37442143
37425314
37410589
37399837
37394611
37394541
37322388
37307312
37285027
37256325
37240620
37159495
37143130
37115245
37115243
37103524
37099148
37095559
 Michael Pfeifer
37382073
37382073
36977470
35360592
35214768
35189468
35115099
35030205
34725028
34618306
34474488
34430659
34414563
34402161
34383282
34292213
34228347
34223956
34101734
34000741
33623700
 Linus Grabenhenrich
37131165
37131165
36765274
36707190
36567955
36479710
36433848
35871456
35801521
35612128
35443607
35267045
34889967
34477914
34452356
34297162
34258629
34175213
34065715
33934363
33263529
 Tobias Welte
37467233
37467233
37442143
37434025
37389012
37385653
37364579
37315574
37302996
37283766
37225088
37195462
37171893
37143840
37125386
37105206
37096014
37071121
37070996
37039953
37024277
 Reinhard Busse
37451279
37451279
37392619
37321253
37316896
37286993
37229923
36964454
36788584
36774936
36739251
36721164
36645446
36637359
36629886
36554592
36534175
36190154
36184993
36131288
35960184
Matthieu Schmidt
37395001
37395001
37318293
37294323
37201858
37084689
37030309
37000676
36941722
36934400
36924784
36899029
36892784
36804372
36785580
36640786
36631602
36527517
36519982
36519981
36510324
 David Hajage
37351881
37351881
37321944
37295889
36965602
36840825
36750852
36640786
36242578
35534053
35533052
35508515
35331332
35313942
35131467
35061577
35037993
34928361
34897559
34850864
34657962
 Alexandre Demoule
37397429
37397429
37326646
37254209
37201858
37143829
37085583
36973743
36973007
36967375
36934400
36917765
36815259
36631602
36469737
36218180
36175968
36166027
36150112
36109449
35956237
 Tài Pham
 Alain Combes
37430155
37430155
37395001
37326646
37271651
37201858
37129771
37084689
36958363
36941722
36934400
36924784
36892784
36858709
36804372
36785580
36750852
36738295
36640786
36631602
36624026
 Martin Dres
37240592
37240592
37201858
37031182
37019456
36976563
36973743
36946232
36934400
36917765
36815259
36631602
36286317
36175968
36071760
35906414
35797827
35772169
35688999
35688993
35668459
 Said Lebbah
37456840
37456840
36437298
36242578
36175968
35676335
35331332
35071251
33988767
33830370
33812488
33182482
32061710
31685813
31111516
30801923
30719558
30444952
29742976
29246547
28717662
 Antoine Kimmoun
37341800
37341800
37257948
37246591
37217188
37201858
37191154
37191085
37176751
36961528
36934400
36789018
36640786
36631602
36609390
36477670
36368176
36253839
36224216
36207737
36179458
 Alain Mercat
37420282
37420282
37403149
37368036
37326646
37201858
37141109
36973743
36934400
36867272
36729185
36693402
36631602
36151559
36103001
35984574
35818077
35739553
35670818
35579690
35533052
 Gaëtan Beduneau
 Jessica Palmyre
31129603
31129603
 Margot Prevost
 Pierre Asfar
37350989
37350989
37141109
37072788
36958363
36835514
36624526
36398968
36308564
36277025
36251223
36167550
36072939
35984574
35918776
35446239
35318006
35290485
35234431
35190840
34983611
 François Beloncle
 Julien Demiselle
37330419
37330419
37257912
37226571
36835514
36220405
36063863
35984574
35914751
35107777
35050385
34266454
34076802
33678285
33595733
33591012
33169217
32828186
32114671
31970567
31901347
 Arthur Pavot
37031182
37031182
36902815
35850771
35533052
34629861
34453633
34051388
33890986
32866028
32631838
32208412
29019893
 Xavier Monnet
37466673
37466673
37458541
37328360
37322500
37292432
37131523
37078635
37031182
36964573
36941694
36902815
36898751
36569157
36457089
36329266
36323911
36273067
36263650
36197496
36171594
 Christian Richard
36605415
36605415
34671242
34054446
33887246
33576823
33573761
33544703
32975441
32732333
32563403
31674856
31306258
30971307
30863935
30664009
30658663
30395369
30379670
29845417
29791822
 Julien Mayaux
37342247
37342247
37209324
37199534
37095145
36973007
36907976
36840825
36586050
36477670
36305707
36224216
36126365
35891509
35887435
35688999
35676335
35668459
35640998
35529881
35440498
 Alexandra Beurton
37342247
37342247
37039936
37031182
35533052
35529881
35508515
35222375
34817634
34453633
34372897
34074313
34038699
34034777
33990007
33894209
33388794
33332814
33288662
32798468
32780165
 Richard Descamps
37309986
37309986
37226174
36958473
36934980
36652598
35490862
33810800
33606390
33228773
32417314
31463978
 Aurélie Joret
36942789
36942789
36847436
36600801
35728628
35471764
35213692
35067868
34734925
34353835
33896267
33692052
33404145
33212328
32882145
32852675
31549274
31188444
30850290
30194635
30169518
 Damien Du Cheyron
36645531
36645531
36167550
35984574
35799302
34983611
34736254
34734925
34372897
34038699
34034777
33810800
33675432
33606390
33591012
33411146
32835234
32768001
32757463
32665949
32417314
 Frédéric Pene
37452227
37452227
37392208
37370793
37309067
37271020
37072164
37042964
37021781
36989886
36924784
36912923
36883953
36814328
36723637
36688974
36527517
36497352
36477670
36362773
36305707
 Jean-Daniel Chiche
37397429
37397429
37206102
37139883
36883953
36402990
36376086
36346225
36248831
36128334
36102065
35936013
35708858
35689332
35678349
35636389
35188355
35087122
35061052
34817718
34789298
 Mathieu Jozwiak
36989886
36989886
36788938
36600234
36463161
36078934
35978137
35843964
35812285
35794612
35685327
35677822
35508291
35402453
35111786
35087122
35037993
34977186
34895776
34359936
33693034
 Paul Jaubert
36805208
36805208
36242651
35718570
35243514
35087122
34844031
34703831
34302842
34245838
34133859
33363190
33027618
 Guillaume Voiriot
37438060
37438060
37199534
37194564
37095145
36942789
36736742
36681325
36599729
36586050
36477670
36371306
36224216
36167550
36150112
35891509
35853020
35829686
35779142
35710774
35681070
 Muriel Fartoukh
37194564
37194564
37165366
36805239
36736742
36681325
36653803
36599729
36371306
36071789
35853020
35779125
35710774
35681070
35473740
35350097
35191641
35189925
35089113
35061577
34912886
 Marion Teulier
33514354
33514354
33393065
33093772
32986891
32928157
22999916
 Clarisse Blayau
36653803
36653803
36599729
36242651
35681070
35065008
33725225
31565756
31356115
29980315
28655352
26714808
25902813
 Erwen L’Her
 Cécile Aubron
37400647
37400647
37102357
36460251
36206896
35944877
35779125
35614184
34848756
34843666
34793395
34689813
34677620
34536575
34374834
34233745
33978840
33606477
33591000
33493382
33267904
 Laetitia Bodenes
37039874
37039874
36669776
35944877
35169170
34689813
30666472
 Nicolas Ferriere
35169170
35169170
32554255
21743090
 Johann Auchabie
37226261
37226261
37072788
36693402
36166027
35918776
34758849
34016658
28382598
 Anthony Le Meur
35944877
35944877
34689813
31577036
30185583
 Sylvain Pignal
 Thierry Mazzoni
20373095
20373095
 Jean-Pierre Quenot
37350989
37350989
37212751
37188118
37098023
37058710
37042964
36958363
36942789
36906643
36900711
36898751
36810101
36803873
36788936
36730320
36723637
36575298
36533915
36286317
36251223
 Pascal Andreu
36788936
36788936
36782070
36575298
36362773
36203330
36121869
34581602
34521664
34019648
33849612
33812488
33444323
33138839
33012581
32566550
32416747
32333762
32179249
32147580
32048075
 Jean-Baptiste Roudau
 Marie Labruyère
 Saad Nseir
37368036
37368036
37326645
37318521
37160828
37100928
36961529
36959425
36958363
36912965
36907976
36892784
36840825
36830323
36681325
36592202
36431150
36294314
36167550
36135671
35950729
 Sébastien Preau
37297633
37297633
37182222
37122034
37106730
37105689
37019790
36952472
36946232
36922320
36798044
36797077
36757987
36662750
36624484
36477670
36238564
36224216
35881251
35842352
35821449
 Julien Poissy
37462830
37462830
37380873
37371599
37269068
37246784
36680782
36627655
36525683
36191847
36135671
35959210
35788622
35698029
35696619
35619829
35576468
35528276
35456266
35371025
35233617
 Daniel Mathieu
36672192
36672192
36525683
36418752
35528276
35227951
35213127
34844658
34463284
34453696
33975407
33743295
33250491
33093279
32957124
32743971
32437642
32328726
32272492
32271993
31870461
 Sarah Benhamida
 Rémi Paulet
 Nicolas Roucaud
25065660
25065660
21140713
 Martial Thyrault
37022378
37022378
33579774
28495304
28204479
25065660
21140713
16808215
15902877
 Florence Daviet
37409241
37409241
37373612
36510324
34779944
34284729
34057642
33906228
33718491
33359625
33084144
33001320
32990022
32883351
32812049
32647766
32618700
31939787
31490355
31312911
31276644
 Sami Hraiech
37462830
37462830
37373612
37030309
36994452
36971792
36942789
36892784
36519982
36510324
36498679
36294451
36233752
35978137
35849787
35459672
35063450
35061577
35044486
35026004
34928361
 Gabriel Parzy
32618700
32618700
32361686
31939787
31872319
31312911
30997204
 Aude Sylvestre
36693403
36693403
32618700
31312911
30395619
29736787
 Sébastien Jochmans
37352336
37352336
37321170
37297808
37271865
37242595
37210283
37185854
37148586
37059708
36940254
36853611
36819852
36740047
36681160
36625640
36615354
36565756
36477670
36455356
36446381
 Anne-Laure Bouilland
 Mehran Monchi
37189662
37189662
37077753
36946232
36898751
36880069
36229048
36093303
35473740
35459672
35309726
35071608
35052937
34439038
34248962
33625621
33549136
33359764
32963653
32876697
32698860
 Marc Danguy des Déserts
 Quentin Mathais
36181037
36181037
35654070
35200196
35144894
34195840
34029757
33757914
33752728
32741604
32360981
31992671
31797276
31584991
31065211
30520786
30367251
30074516
29425981
29334571
29275023
 Gwendoline Rager
34195840
34195840
 Pierre Pasquier
37290697
37290697
37169527
37159002
37071770
36878849
36827683
36482092
36433844
36353405
35862841
35781713
35732811
35506594
35470051
35403072
35231634
34695066
34529813
34463343
34269440
 Reignier Jean
37462731
37462731
37244267
37075003
36958363
36942789
36933060
36915207
36898751
36835834
36790209
36728870
36707883
36693402
36626482
36308564
36294314
36289906
36286317
36251223
36167550
 Seguin Amélie
 Garret Charlotte
37354232
37354232
35916981
35879652
35325620
34928984
34406524
33620407
32542577
31776705
31401603
30023069
 Canet Emmanuel
37462731
37462731
37115415
37072788
37039874
36959425
36931181
36626482
36447221
36308564
36065120
36053369
35918776
35879652
35846023
35776074
35380296
35351701
35190840
34981648
34928984
 Jean Dellamonica
36892784
36892784
36600234
36498679
36250098
36225915
36218354
36059108
35578303
35486358
35459672
35402453
35325620
34813391
34736254
34590159
34537362
34531412
34425070
34292408
34183053
 Clément Saccheri
 Romain Lombardi
36600234
36600234
33767630
 Yanis Kouchit
37395981
37395981
35151541
33432493
 Sophie Jacquier
37232853
37232853
35672860
35299213
34128122
33606477
32876697
 Armelle Mathonnet
36906875
36906875
35299213
34689255
34557914
32843097
32794122
30456466
30043066
27364049
26951427
26301665
25981908
25887151
25614168
25529124
23860806
23370827
23069592
22745117
21645384
 Mai-Ahn Nay
37330512
37330512
37314403
37293747
37232853
37123092
37091733
36995425
36958363
36938037
36759214
36755519
36693402
36672221
36602485
36545885
36510758
36286317
36263581
36169263
36166027
 Isabelle Runge
35299213
35299213
30043066
27626706
26714805
24624300
22745117
21645384
21385348
20111858
19608825
19331665
19327324
18670754
17822547
16276168
15071392
 Frédéric Martino
37486027
37486027
37483358
37482936
37482393
37481474
37480129
37479278
37475172
37474855
37468588
37467237
37461354
37453706
37452939
37452739
37452496
37451077
37450700
37450500
37447323
 Laure Flurin
37436146
37436146
37431943
37085850
36870069
36817722
36354331
36348521
36168277
36115186
36073322
36040200
35944127
35895422
35439791
35362534
34704827
34585138
34401421
34316446
34224945
 Amélie Rolle
 Michel Carles
37433381
37433381
37063916
37044247
36928093
36834888
36527681
36326696
36225915
36218354
35625252
35486358
35391881
35239543
35165284
35111773
35031126
35016032
34877351
34537362
34531412
 Rémi Coudroy
 Arnaud W. Thille
37400647
37400647
37330419
37253613
36967375
36966728
36791178
36785651
36785581
36693402
36681325
36598078
36286317
36284514
36167550
36166027
36050534
35978137
35853196
35779148
35418775
 Jean-Pierre Frat
37326646
37326646
37253613
36966728
36942789
36791178
36785651
36756183
36598078
36286317
36251223
36166027
36137593
35853196
35849787
35418775
35325620
35318006
35134310
34813391
34778914
 Maeva Rodriguez
36785651
36785651
34292408
33987328
33788010
31511996
 Pascal Beuret
37330419
37330419
37041081
36533915
35168989
35061577
34582426
34278313
34089117
33579774
32758563
31833994
31118101
29742585
29404723
28790009
27433815
26306393
25576157
24863923
24105303
 Audrey Tientcheu
 Arthur Vincent
34278313
34278313
 Florian Michelin
 Marie Anne Melone
35270790
35270790
32997260
 Maxime Gauzi
 Arnaud Guilbert
32108577
32108577
32059483
31098816
30084984
27911441
27889531
27121014
26584763
26314699
26297240
26134454
25577197
23279377
22287581
22178934
20482834
19515901
18452628
 Geoffrey Kouadri
32546181
32546181
 Valérie Gissot
 Stéphan Ehrmann
37453705
37453705
37451068
37436585
37398973
37394014
37369367
37358799
37353832
37349831
37339070
37321395
37244801
37233549
37232853
37209023
37173073
37148784
37137508
37103868
37079622
 Charlotte Salmon-Gandonnière
 Djlali Elaroussi
30916031
30916031
30341115
29582773
28315940
27342259
21686553
18085449
17183052
16854637
7810624
7972109
7816733
8204637
8286408
8397392
8391690
2834961
 Agathe Delbove
37226261
37226261
37072788
36958363
36669776
36308564
36286317
36053369
35944877
35918776
35894432
35672860
35485058
35459672
34689813
34057844
33980526
33606477
35724027
33234658
32442112
 Yannick Fedun
36736667
36736667
36669776
36053369
35918776
35894432
28622216
27984319
20008043
 Julien Huntzinger
29116572
29116572
20130968
 Eddy Lebas
35065008
35065008
34089117
33595733
32843097
26951427
25614168
 Grâce Kisoka
34981245
34981245
 Céline Grégoire
 Stella Marchetta
36614845
36614845
35603592
34670482
34275410
33047667
32067832
31762396
31504364
31408147
30832813
30590562
30448134
30285058
29529180
29221256
29217633
29128571
28840567
28671788
28637227
 Bernard Lambermont
36986304
36986304
36699242
36292470
36106317
35860245
35578271
34981245
34532776
34324073
34089518
34079951
33730744
33484426
33481041
33251522
32744454
32650807
32410701
32328151
31945895
 Laurent Argaud
37453445
37453445
37339557
37277727
37225654
37115415
37075003
37041081
37022378
36958363
36941133
36915207
36810101
36790209
36732353
36714103
36624526
36514110
36447221
36389738
36318639
 Thomas Baudry
35041295
35041295
34435577
34107394
34006932
31998066
30395082
30046873
27101830
26968953
25945804
23147727
22502789
22405679
21679143
 Pierre-Jean Bertrand
32709757
32709757
31323361
 Auguste Dargent
37173749
37173749
37042964
36723637
36318639
36203330
36126365
36017005
35643839
35306443
34107394
33853276
33685465
33563305
33560931
33444323
33272291
33037132
33012581
32759503
32692769
 Christophe Guitton
37251624
37251624
36942789
36652366
36286317
36166027
35984574
35788622
35179564
34032882
34023323
33879189
33608400
33591012
33579774
33234658
32913029
32876697
32866409
31837599
31693806
 Nicolas Chudeau
36693402
36693402
36652366
34996593
33812488
33602296
32876697
31843007
31693806
29116572
28403121
28382598
27320051
25529060
24333817
 Mickaël Landais
37384622
37384622
36796433
36369750
36289216
36251223
36088458
35725616
35477419
35354447
35271325
34845367
34521664
34215726
34040008
33833238
33274502
32876697
32355168
32264899
31833230
 Cédric Darreau
37350989
37350989
37072788
36308564
35918776
35672860
34758849
33606477
32876697
32449053
29546811
26410680
19892480
 Alexis Ferre
37231952
37231952
37075003
37055444
37041081
37009990
36967375
36892784
36509387
36056117
35318237
35133543
35015163
34952960
33906228
33490993
32789647
31714398
31654079
31538643
30863935
 Antoine Gros
37321244
37321244
37231952
37045883
36421308
36028378
35350097
35318237
35133543
35063450
34347776
30557255
30059364
28640020
28612720
28050898
27984319
26398070
25979406
25425371
23907755
 Guillaume Lacave
37231952
37231952
37055444
36286317
35133543
34813391
34183053
33812488
33559765
33428871
33234658
32439503
31843007
31577036
30185583
29113712
28906284
28466149
28207512
26104727
23458261
 Fabrice Bruneel
37365194
37365194
37231952
37098023
37022378
37009990
36805208
36305707
35881643
35718570
35318237
35179564
35133543
35015163
34952960
34856032
34241716
34023323
33969343
33581690
33569700
 Mathilde Neuville
36289906
36289906
35857576
34817718
34511249
34347836
34085913
34016620
33966355
33540733
33521646
33290789
32958709
32716508
32423434
32307616
31624936
31144997
30684052
30553640
30382473
 Jérôme Devaquet
 Guillaume Tachon
37404718
37404718
36687890
35533052
34948616
33782672
28682992
27035854
25969346
24561562
23291732
20472858
 Richard Gallot
21989483
21989483
 Riad Chelha
33579774
33579774
30990793
30433853
24105303
22583774
 Arnaud Galbois
37041081
37041081
36533915
35168989
34702902
34689255
34400454
33549136
32782967
30990793
30456466
30433853
30335142
28341979
28321803
27434700
27401441
27143629
26744264
26596410
26057996
 Anne Jallot
 Ludivine Chalumeau Lemoine
37354232
37354232
32843097
30990793
30433853
26951427
26008854
25614168
25045580
24195981
24105303
23932395
23571870
23052952
23024751
22444400
21906323
19896184
19820915
19529914
17989166
 Khaldoun Kuteifan
37400647
37400647
37368036
34840629
34698500
34636974
34089117
33984075
33886855
32529634
32449091
32430597
30993550
28717524
26879087
24936342
23963127
23561510
12738597
 Valentin Pointurier
34840629
34840629
33984075
33886855
33272355
 Louise-Marie Jandeaux
36477670
36477670
36224216
35050385
33984075
33886855
 Joy Mootien
37400647
37400647
36627655
34840629
34162264
34048876
34015539
33984075
33886855
33274248
33272355
32529634
32314689
28717524
28426991
 Charles Damoisel
36538244
36538244
35278876
35099157
33716190
33588925
32730899
32651097
32516543
31660484
31577804
31567524
31102939
31091956
30882452
30583748
30450469
30052579
29347987
26011286
23054384
 Benjamin Sztrymf
36892784
36892784
35099157
34601639
34246460
33716190
33634264
33618283
32697509
32383104
31418117
31238051
30955575
30576221
30401754
29794547
29124318
28877705
28816858
28802481
28576638
 Juliette Chommeloux
37365194
37365194
37148398
37084689
36804372
36510324
36436880
36369748
36253839
36220790
36153427
36150112
35863846
35700546
35392980
35348610
34662391
34627350
34582417
34562729
34375170
 Charles Edouard Luyt
37436585
37436585
37395001
37342247
37209324
37199534
37148398
37120914
37095145
37084689
37076881
37024761
36804372
36586050
36559279
36527517
36477670
36436880
36380312
36369748
36362773
 Frédérique Schortgen
36907976
36907976
36641288
36277025
33830370
33772244
33738507
32828672
31440853
30741326
30442539
30225670
29852854
29351007
28915182
28498856
28437374
28293703
28220225
28219612
27716372
 Leon Rusel
25859416
25859416
23673401
21946925
20601861
19242676
18174543
 Camille Jung
37443047
37443047
37305713
37027819
36918264
36873650
36785523
36669777
36641288
36527321
36452951
36389355
36210936
36201756
36188389
36161985
36143923
36102687
35962996
35924063
35617288
 Florent Gobert
37433900
37433900
37166031
37125347
36656363
36210256
34224852
34211035
33863538
32516898
31414208
30981902
30684699
30633817
30407658
29621638
29223102
29208025
28900041
28638854
27842229
 Damien Vimpere
37355090
37355090
35421508
32701573
31690520
31471625
31467158
30236126
29948836
 Lionel Lamhaut
37355090
37355090
37302684
37294400
37195953
36978488
36445800
36328218
35959782
35817270
35788021
35714122
35675081
35595198
35531752
35129643
34920015
34843666
34774087
34348515
34217390
 Bertrand Sauneuf
37340316
37340316
37330419
37106345
36533915
35459672
35359407
35168989
35063450
34702902
33777977
33557868
33504923
33025225
32976962
32766562
32758563
31987887
31870461
31485841
31097378
 Liliane Charrier
 Julien Calus
 Isabelle Desmeules
 Benoît Painvin
37480098
37480098
37211670
37041986
36977590
36150112
36085163
35978137
35779148
34786746
34741964
34063556
33906228
33788010
33387156
33263066
32852675
32662524
32514594
32062291
31094742
 Jean-Marc Tadie
37462731
37462731
37041986
37039874
36977590
36845033
36564641
36548638
36085163
35944877
35917723
35779148
35173051
35167501
34843666
34825257
34786746
34741964
34689813
34425029
34117280
 Vincent Castelain
36248786
36248786
35804966
35544360
35227970
34974638
34431204
34089117
33662543
33492445
33010489
32771053
32487712
32367170
31726481
29856809
28895204
24293425
23994819
23963127
23792679
 Baptiste Michard
37385083
37385083
35688376
35544360
34974638
34607069
34431204
34173847
33951535
32826499
32304427
32185866
31032097
30954392
30581269
30528793
29856809
28895204
28751567
 Jean-Etienne Herbrecht
37419276
37419276
36942789
36248786
35804966
35190840
34974638
34521664
34431204
33662543
31726481
31549274
29856809
29128300
25539571
25022235
 Mathieu Baldacini
35676335
35676335
34932452
33583103
33492445
32369614
 Nicolas Weiss
37389303
37389303
37371620
36815259
36625084
36605194
36329183
36267870
36167550
36109449
36108794
35984574
35880371
35716335
35640828
35038339
34995211
34871363
34822163
34817634
34808106
 Sophie Demeret
37451692
37451692
37022378
36913141
36831042
36793723
36696031
36605194
36571580
36355411
36323910
36109449
35918156
35887435
35880371
35768546
35676335
35640828
35369675
35190890
35189925
 Clémence Marois
37479626
37479626
37437853
37398094
37350389
37328568
37227609
37053312
36991092
36928023
36862755
36849543
36838270
36831042
36754832
36604511
36409477
36308551
36255405
36223382
36109449
 Benjamin Rohaut
37349602
37349602
37081292
36991177
36977963
36754832
36624526
36369144
36355411
36109449
35997792
35918156
35841909
35768546
35715614
35534661
35505222
35369675
35368254
34995211
34822163
 Pierre-Henri Moury
37268802
37268802
36934980
36099349
35183805
35067402
34767909
33218955
31016412
30802199
26970030
26572511
24045887
 Anne-Charlotte Savida
 Emmanuel Couadau
35183805
35183805
24950253
 Mathieu Série
 Nica Alexandru
32403360
32403360
31892196
 Cédric Bruel
37467750
37467750
37419297
37398037
37384395
37347417
37344571
37344259
37334297
37315815
37312280
37284268
37271020
37249912
37207645
37196656
37196654
37192889
20301367
37160895
37155897
 Candice Fontaine
36533915
36533915
35168989
34001691
32913029
32857755
32764270
32668700
31904430
 Sonia Garrigou
34731746
34731746
34094923
31756275
31472013
30909071
29903874
29605591
29498256
28444728
27251038
25744265
 Juliette Courtiade Mahler
 Maxime Leclerc
36924968
36924968
35359407
34193220
33731467
33534545
33512602
32384703
32320517
31987887
30048973
29189876
29096961
27262935
26938195
26011687
 Michel Ramakers
36592203
36592203
35459672
35065008
33675432
32757463
32320517
31987887
26398070
24145847
22535635
21824428
21575208
20639752
20436664
20380688
20154599
19772586
19055810
19020433
18947382
 Pierre Garçon
 Nicole Massou
12419716
12419716
 Ly Phacs Van Vong
 Juliane Sen
 Nolwenn Lucas
35816234
35816234
32019730
30894665
30026572
28593791
28455647
22366657
 Franck Chemouni
 Annabelle Stoclin
37115415
37115415
37041081
35816234
35417006
35359407
35168989
34943456
34774185
34302842
34230615
34193220
33707411
33660489
33512602
33504775
33064239
35121871
32931190
32810439
32734394
 Alexandre Avenel
26709885
26709885
25759461
21345571
20638233
 Henri Faure
37400647
37400647
36942789
31197492
21505001
19491388
18279554
17914127
17906181
17536122
17512455
17389729
16531865
16443361
16115341
16109306
16036363
15469649
14501620
12671197
12166530
 Angélie Gentilhomme
36447198
36447198
34083012
33877740
33543244
32204934
31970760
29656087
27405061
33473594
24757560
20381574
18069744
16741371
14713102
12484550
11338776
10696822
10669808
9850023
9538940
 Sylvie Ricome
35063450
35063450
30203297
28403121
28398925
28220232
27816060
26427593
24841698
23296628
23218133
23194649
23069592
22053891
21444894
20520558
 Paul Abraham
37453445
37453445
37336655
37290418
37263244
37226261
37162223
37092970
37048154
36835135
36757014
36743736
36705606
36453934
36296289
36247563
36135347
35837442
35775799
35767601
35738240
 Céline Monard
 Julien Textoris
37359519
37359519
36996299
36917594
36898995
36852155
36450235
36267001
36072605
35976460
35847809
35011836
34912347
34795661
34534131
34290706
33777977
33557868
33442054
33025225
32999313
 Thomas Rimmele
37336655
37336655
37290418
37263188
37226261
37085849
36941133
36917594
36861044
36840798
36823168
36575522
36470906
36219472
36135347
36058191
35979977
35979975
35976460
35954765
35738240
 Florent Montini
35379300
35379300
35351701
34709009
32160661
30304656
25819827
22999900
22377460
22119883
 Gabriel Lejour
34032722
34032722
27401441
25351895
 Thierry Lazard
34084701
34084701
16575729
 Isabelle Etienney
35869839
35869839
34339628
34311542
33867291
33137590
32740249
32674556
32209605
32171944
32054251
31860581
31754686
31318471
30005009
29991204
29394362
29112568
26690345
26200684
25645213
 Younes Kerroumi
36569155
36569155
36551458
36358117
35715754
35472457
35464147
34325049
33732998
33178708
32665202
32566448
31862323
31047841
30735807
29395369
 Dupuis Claire
37453445
37453445
37189619
37075003
36916745
36915207
36835834
36821016
36790209
36693403
36447221
36417476
36289906
36242651
36156744
36138465
36109282
35788622
35578303
35167501
34778311
 Bereiziat Marine Coupez
34678611
34678611
 Thouy François
 Clémet Hoffmann
 Nicolas Donat
37167306
37167306
36434708
35618512
32426441
32147581
32122708
30213321
29358477
28719431
24589317
23868885
22745114
21610406
21539173
20938287
20207855
 Violaine Muller
33232835
33232835
33211849
32423608
25179711
 Thibault Martinez
37058720
37058720
36433844
36353405
35781713
34521446
34244377
34014889
33544123
32301884
31943493
31688832
31667973
31614243
30853102
30295222
28599836
27805987
25963677
 Audrey Jacquot
34098888
34098888
32695327
31615800
31267196
29486781
 Matthieu Mattei
37321244
37321244
 Bruno Levy
37410588
37410588
37341800
37188116
37148451
36793940
36789018
36776263
36640786
36608220
36430979
36195825
36150112
36017005
35849736
35829723
35657903
35655856
35631560
35579643
35566640
 Ramin Ravan
37330419
37330419
27252877
25839641
 Loïc Dopeux
 Jean-Mathias Liteaudon
36417476
36417476
 Delphine Roux
37250657
37250657
36678462
36678447
36290202
35815441
35656648
34790193
34147768
33266056
32268573
31864855
31127700
30502832
29780382
28622802
27990512
27766331
27250903
27050431
26510317
 Brice Rey
33147517
33147517
 Radu Anghel
34630652
34630652
34594403
34055072
33147517
25105131
24222919
 Deborah Schenesse
33147517
33147517
 Vincent Gevrey
 Jermy Castanera
 Philippe Petua
36586513
36586513
32959052
27207177
 Benjamin Madeux
36958363
36958363
34774185
34311760
33980526
28722564
27208636
27088710
27083208
 Otto Hartman
37448694
37448694
33961943
28069608
28025216
 Michael Piagnerelli
37340316
37340316
37110181
37106345
37048161
37030528
37004053
36196434
36158528
36038713
35978137
35966861
35630429
35295564
34545440
34440068
34118503
33777977
33557868
33533027
33254548
 Anne Joosten
26068838
26068838
26024380
 Cinderella Noel
 Patrick Biston
37110181
37110181
37030528
36196434
36158528
35966861
35295564
34118503
33533027
32766568
30423477
30016634
28356347
28226029
27648690
27559702
27021438
26035522
24286072
24132383
23615700
 Thibaut Noel
27526982
27526982
 Gurvan L. E. Bouar
 Messabi Boukhanza
 Elsa Demarest
 Marie-France Bajolet
 Nathanaël Charrier
37402811
37402811
37307168
37173393
36979694
36703160
36591173
36567631
36251716
36092361
35532145
35334416
35069240
35038662
35012660
35012013
34768428
34682799
34428203
34268638
34022698
 Audrey Quenet
 Cécile Zylberfajn
 Nicolas Dufour
35584666
35584666
34081053
33466377
33116944
32795695
31182526
31058805
30985331
29972348
32108019
32108014
29119437
28497737
28329379
27443304
27387322
27096607
26021151
25803649
25479117
 Buno Mégarbane
 Sqébastian Voicu
37421032
37421032
37374570
37371866
37202262
37196806
37177270
37150112
37127150
37118537
37110698
37063777
37046563
36984793
36984239
36983573
36958363
36937482
36910746
36837682
36805239
 Nicolas Deye
36984793
36984793
36875664
36445800
36267356
36197954
36143286
35788021
35489520
35451892
35278876
35274460
35254427
35129643
35092514
35000196
34945831
34834590
34773516
34378997
34181312
 Isabelle Malissin
37283933
37283933
36984793
36219086
36197954
36143286
35506822
35451892
35274460
35254427
35092514
35000196
34945831
34834590
34378997
34327785
34287102
34181312
33887375
33227338
32998294
 François Legay
 Matthieu Debarre
36958363
36958363
36046750
33980526
33103562
28106499
 Nicolas Barbarot
37253611
37253611
36942789
36736667
36694427
36046750
35015163
34952960
33103562
33074763
28534234
28102521
25925042
20117795
19713267
18520640
 Pierre Fillatre
37353137
37353137
37256342
37207520
37024761
36976285
36892784
36736667
36694427
36669776
36519982
36473252
36461934
36350353
36152225
36053369
36046750
35944877
35015163
34952960
34689813
 Bertrand Delord
36970050
36970050
32540417
32238927
28806691
25989842
 Thomas Laterrade
28379363
28379363
 Tahar Saghi
36959425
36959425
31312921
23880543
21983627
 Wilfried Pujol
23982057
23982057
23740278
18854973
16489116
 Pierre Julien Cungi
37169527
37169527
36868404
36767139
36439242
35574584
35419644
35200196
35006457
34301862
34157429
33812092
33549786
33470146
33135732
32694183
32602779
32467466
32072283
31992671
31904430
 Pierre Esnault
37335132
37335132
36743747
35654070
35200196
35038725
35026004
34554136
34301862
34177181
33326855
33107351
33080139
32755309
32741604
32694183
32505755
32427771
32102038
31992671
31797276
 Mickael Cardinale
35166244
35166244
34728409
34616767
34232339
33107351
32102038
31797276
31382982
30457396
30386962
30224177
28885045
27471889
24122192
20430570
 Vivien Hong Tuan Ha
37075003
37075003
36790209
35881397
32653573
32540262
31969168
26025567
 Grégory Fleury
37477149
37477149
37470282
37462796
37432417
37428312
37408061
37383857
37357714
37351633
37341061
37322468
37300974
37290121
37267562
37263788
37262055
37261423
37261130
37251493
37232797
 Marie-Ange Brou
 Daniel Zafimahazo
31837599
31837599
30032430
 David Tran-Van
37101272
37101272
31312921
22583927
 Patrick Avargues
 Lisa Carenco
 Nicolas Robin
37239581
37239581
37218008
37032562
36818132
36572104
36245739
36097685
35779803
35602708
35472587
35460922
34776192
34763141
34686306
33778925
33638097
33597904
33540126
31785698
31756716
 Alexandre Ouali
31227028
31227028
26472661
25995444
17061992
 Lucie Houdou
37032216
37032216
 Christophe Le Terrier
37394537
37394537
37310776
37255469
36921067
36906643
36800887
36796395
36397298
36308322
36275817
36231591
36226456
35982499
35932180
35758342
35628985
35533052
35487412
35331332
35054058
 Noémie Suh
37485662
37485662
37484980
37484001
37482655
37482631
37482519
37482137
37481554
37481516
37478956
37477493
37477099
37476679
37471480
37470872
37468431
37468353
37466323
37465174
37461419
 Steve Primmaz
35331332
35331332
32766566
32517783
29341527
28918089
 Jérome Pugin
 Emmanuel Weiss
37470188
37470188
37295649
37287011
37195462
37098023
37072597
37031437
37012484
37012080
37005415
36964926
36943101
36906643
36810173
36788015
36157895
35894428
35751148
35716912
35704274
 Tobias Gauss
37389873
37389873
37290697
37285919
37131266
37052916
36943517
36942533
36924821
36767343
36477480
36266423
36205999
36194260
35922831
35732811
35504522
35472581
35470051
35169869
35064284
 Jean-Denis Moyer
37389873
37389873
37054915
37031437
36911583
36707841
36652785
35922831
35169869
35064284
35001179
34729623
34636221
34521446
34399115
34333161
34032829
33752728
33741513
33725158
33493628
 Catherine Paugam-Burtz
36964926
36964926
36328372
35716912
35064284
34952881
34358839
34172644
33725158
33470707
33245497
33156109
33123789
33046127
32723107
32650127
32645725
32568955
32426934
32217945
32217874
 Béatrice La Combe
29630226
29630226
36736667
36286317
36257298
36214254
36166027
36124145
36053369
35918776
35849787
29083674
35576321
35459672
35196359
34245272
34234582
34181445
33906228
33196608
32898278
 Rolland Smonig
 Jade Violleau
27287695
27287695
25650408
23872634
 Pauline Cailliez
32970811
32970811
23587585
 Jonathan Chelly
37041081
37041081
36803873
36533915
36448989
35168989
34773516
33359764
32976962
32913029
32758563
32698860
32511862
32449068
31827954
31216431
29742585
29198069
28951293
28602955
28516038
 Antoine Marchalot
37122034
37122034
32192714
31490986
30335804
30128591
29302594
29175318
28403121
27441901
27151559
23740273
 Cécile Saladin
37471012
37471012
37194086
36926302
36919917
36913266
36881810
36719328
36436732
36420823
36253441
35932750
35589850
35533342
34908155
33982709
33478550
33275848
33249458
33095793
32938914
 Christelle Bigot
34634960
34634960
 Pierre-Marie Fayolle
36693403
36693403
35576944
33195299
 Jules Fatséas
 Amr Ibrahim
37346961
37346961
37213348
36320508
36149163
35935379
35647445
35496434
35470021
35443225
35424040
35423949
35204483
34209065
34195632
33531870
35424392
35515170
32947060
32926030
32838943
 Dabor Resiere
37093856
37093856
37037425
37011893
36933939
36929738
36913929
36854042
36422976
36287987
36006197
36006132
35727836
35671953
35202117
35060457
35008044
34987279
34502548
33983812
33971911
 Rabih Hage
36721052
36721052
35617154
35051984
34768555
34723898
34663548
34466049
34415265
34411384
34310464
34168084
34122299
30995212
30544405
30258471
29968553
29305439
28985098
28152146
27697250
 Clémentine Cholet
37207862
37207862
37059368
36765546
36730778
36613576
36517351
35938727
35811522
35480299
35453546
35390539
35346219
35289127
35041627
34984774
34538323
34317673
34245688
34141584
34034050
 Marie Cantier
37064593
37064593
35199209
34635558
34022641
31149963
30536197
30119686
29335305
28929294
27472682
26443832
 Pierre Trouiller
37283543
37283543
36126365
35772661
34324076
34032722
33228760
32697509
31822392
31783015
31253464
30401754
29794547
28802481
27492481
27432614
19756502
 Philippe Montravers
37480129
37480129
37228395
37164587
36936442
36916256
36902035
36846604
36810173
36763243
36740093
36726695
36671286
36539752
36538244
36494003
36479988
36476617
36290063
36271122
36192702
 Brice Lortat-Jacob
37228395
37228395
37164587
36902035
36846604
36740093
36726695
36539752
36290063
36271122
36192702
36030202
35994439
35772660
35675449
35504523
35453504
35387399
34980231
34625886
34536593
 Sebastien Tanaka
37228395
37228395
36916256
36902035
36846604
36751516
36740093
36726695
36695676
36539752
36290063
36271122
36192702
36030202
35994439
35772660
35675449
35525702
35470050
35453504
35387399
 Alexy Tran-Dinh
37287011
37287011
37228395
37023786
36936442
36914083
36902035
36846604
36806094
36740093
36726695
36539752
36514011
36290063
36271122
36192702
36130013
36030202
35994439
35930917
35698458
 Jacques Duranteau
37481588
37481588
37340485
36942533
36859355
36623962
36577954
36460214
36207737
36194260
36131247
35804321
35732811
35445129
35394403
35144894
35061635
34832582
34816275
34736254
34677620
 Anatole Harrois
37389873
37389873
37340485
37292432
37131523
36859355
36538244
36205999
36194260
35922831
35608877
35526312
35445129
35394403
35264409
35166244
34559325
34554136
34195898
34174462
34059492
 Guillaume Dubreuil
34232339
34232339
33046127
33006033
31667973
30052579
23058798
20472858
 Marie Werner
37340485
37340485
37031833
36602846
34890829
34521446
34330424
33752728
33258456
32668195
32641834
31755002
31563452
31561871
30895262
30611416
30316435
30316424
29714058
29428306
28651959
 Anne Godier
37389873
37389873
37295649
37294939
37285919
37052916
36932714
36855941
36822891
36719810
36460214
36194260
35752473
35571090
35460922
35155631
34980845
34686306
34549261
34400387
34366060
 Sophie Hamada
37290697
37290697
36719810
36460214
36305900
36205999
35925321
35732811
35723687
35595999
35470051
35460922
35166244
35144894
34763143
34686306
34559325
34554136
34549261
34521446
34232339
 Diane Zlotnik
37294939
37294939
36822891
35752473
35121186
31738933
30370133
28961562
28159767
 Hélène Nougue
 Armand Mekontso-Dessap
37437525
37437525
37436445
37420282
37403149
37398352
37368036
37225933
37199534
37165366
37158963
37143046
37115415
37103717
37095145
37060277
36967375
36946232
36914069
36836150
36805239
 Guillaume Carteaux
37420282
37420282
37403149
37225933
37158963
37143046
37060277
36973743
36716353
36371306
36225952
36166027
36158835
35955983
35739553
35725498
35504256
35407639
35394404
35078468
34944055
 Keyvan Razazi
37225933
37225933
37165366
37095145
37060277
36946232
36892784
36805239
36509387
36394673
36225952
36158835
35955983
35725498
35689146
35473740
35407639
35394404
35380296
35015163
34952960
 Nicolas De Prost
37398352
37398352
37289955
37225933
37225925
37199534
37122034
37115415
37095145
37060277
37042964
36914069
36907976
36840825
36820463
36800305
36753188
36732353
36723637
36702443
36586050
 Nicolas Mongardon
37280062
37280062
37226174
37141107
36902817
36870666
36835988
36797766
36769854
36639660
36609390
36533915
36394673
36233404
35955983
35772661
35747521
35533052
35524285
35460922
35348610
 Olivier Langeron
37116864
37116864
36880326
36660625
36394673
36335235
35772661
35727349
35552788
35470051
35315631
35166244
34826577
34238367
33785069
33780519
33716700
33678169
33661829
33609105
33599441
 Eric Levesque
37174695
37174695
36611211
36394673
36373402
36347965
36346005
36343786
36102111
35954173
35820232
35636304
34970976
34662185
34195766
33916844
33828256
33661829
33301539
32704176
32613345
 Arié Attias
 Charles de Roquetaillade
37365194
37365194
36966907
36607317
36287391
36137352
35634339
35359407
34991792
34785118
34731593
34628451
34193220
34001691
33732235
33227338
33223045
32380070
32111263
32080062
31873820
 Benjamin G. Chousterman
37319022
37319022
37313663
36966907
36287391
36137352
35634339
35244744
35131556
34991792
34895718
34855062
34785118
34784938
34731593
34628451
34193220
34041631
34001691
33841875
33776785
 Alexandre Mebazaa
37448210
37448210
37319022
37315190
37313663
37312239
37257948
37246591
37217188
37210639
37208936
37197845
37192292
37191154
37184336
37176751
37172316
37155123
37138385
37114294
37096645
 Etienne Gayat
37319022
37319022
37313663
37257948
37246591
37217188
37191154
37176751
37096645
37059624
36368177
36368176
36356631
36266423
36233455
36207737
35883180
35709825
35634339
35523478
35452056
 Marc Garnier
37295649
37295649
37003203
36873425
36774366
36633421
36599377
36509387
36384184
35940033
35899637
35636304
35628922
35623214
35487410
35413841
35089113
34774185
34772654
34702902
34602381
 Emmanuel Pardo
37165779
37165779
36960310
36693403
36611211
36336479
35787532
34086782
33917886
33059104
32837212
32837211
32536367
31599334
30642377
30591032
 Lea Satre-Buisson
34259161
34259161
37006706
32837214
 Christophe Gutton
32296935
32296935
23902482
23579103
 Elise Yvin
35853020
35853020
35579690
34813523
36788802
34219357
34033529
32919761
31520230
 Clémence Marcault
37433887
37433887
35583290
34952881
34674982
34398492
33945619
33310133
32515045
31865004
23678498
 Elie Azoulay
37453271
37453271
37392208
37381179
37365194
37354232
37326646
37199534
37115415
37095145
37075003
37072645
37072164
37042964
36976563
36940047
36931181
36924784
36915207
36912964
36892784
 Michael Darmon
37075003
37075003
36976563
36958363
36940047
36790209
36447221
36307626
36305707
36242651
36053317
35976532
35956237
35943571
35853020
35598526
35596063
35536284
35190840
35166948
35074631
 Nicolas Bonnet
37367418
37367418
36787261
36143246
35548193
34076921
33912848
33869176
33856714
33718492
33638752
33450570
33257911
32916104
32478683
31908134
31750087
31120440
30888111
30746120
30631623
 Nathan Ebstein
37194564
37194564
37131523
35680147
35549842
34083404
33638752
32907706
32145258
 Stéphane Gaudry
 Yves Cohen
37075003
37075003
37042964
36915207
36835834
36790209
36723637
36681325
36289906
36244237
35890303
35788622
35778956
35074631
34843666
34353333
34024240
33688994
33638752
33540733
33506379
Hafid Ait-Oufella
37387653
37387653
37272271
37166347
37103902
37042964
36979817
36946232
36944989
36723637
36692312
36586050
36564399
36329047
36282222
36104342
35962860
35849736
35843960
35829686
35696007
 Geoffroy Hariri
36753054
36753054
36750852
36609390
36375781
35843960
35696007
35618923
35596817
35191641
35089113
35062987
34476574
33591010
33482867
33439360
33402152
32789647
32323060
31918026
31837599
 Tomas Urbina
37272271
37272271
37199534
37166347
37115415
37103902
37095145
37023569
36944989
36931181
36916254
36702443
36586050
36538244
36511970
36373269
36371306
36282222
36252579
35962860
35891509
 Sandie Mazerand
35508515
35508515
35309726
33591010
33482867
32698860
32511862
32449068
31827954
29469546
 Nicholas Heming
37287414
37287414
37176780
36946232
36942789
36914069
36898751
36509387
36477670
36397118
36224216
35473740
35189925
34324076
34026778
33625371
33483180
33304651
33279860
33173853
33140679
 Francesca Santi
35387808
35387808
35069298
35015163
34952960
33736231
33526830
32824594
32420931
32093639
31493714
31051436
29379894
29347526
29246547
28574276
27078456
26527485
25932330
23092069
22837367
 Pierre Moine
36397118
36397118
36362773
36248831
35708858
35685762
35215368
35015163
34952960
33279860
33173853
33140679
33048175
32876697
32755653
32671084
32573468
31998736
30190234
29430440
27458209
 Djillali Annane
37414769
37414769
37356618
37351816
37307843
37287414
37283933
37176780
37103755
37100912
37076606
37039790
36958364
36898751
36890354
36870353
36821412
36777445
36628056
36538244
36525245
 Adrien Bouglé
 Edris Omar
36753054
36753054
35852564
30987664
28927734
27798274
 Aymeric Lancelot
36375781
36375781
33422407
32701573
30854330
 Emmanuelle Begot
29254679
29254679
28866112
28823481
28220232
27653798
27099042
26650055
26271929
26254013
25887151
25215245
25149435
24841698
 Gaétan Plantefeve
37271020
37271020
37058479
37041967
37041081
36958363
36942789
36898751
36746828
36371306
36251223
36229048
36167550
36142726
36100610
35676335
35669525
35526319
35459672
35359407
35318006
 Damien Contou
37122034
37122034
37022378
37003203
36946232
36892784
36820463
36746828
36681325
36477670
36371306
36286317
36242651
36224216
36126365
35669525
35526319
35473740
35325620
35063450
34846563
 Hervé Mentec
 Olivier Pajot
37462830
37462830
36746828
36421308
35526319
33397421
32894364
32853267
32514769
32488529
32487122
31713061
30203297
26077053
24903189
23964033
23324952
21737245
21358398
20460595
19958192
 Stanislas Faguer
37401153
37401153
37139676
37122022
37042964
36959425
36870379
36723637
36581955
36345008
36225555
36126365
35987174
35870726
35840158
35835119
35806955
35791491
35725295
35570990
35570985
 Olivier Cointault
36824143
36824143
36808846
36591506
36275771
35570985
35000296
34950464
34945025
34657372
33900216
33272850
33038164
32124091
32090455
31630477
31369170
31315561
30605905
30602364
30563687
 Laurence Lavayssiere
35000296
35000296
34950464
34945025
34332131
34331842
33900216
32782967
32124091
31630477
31612580
31315561
30972874
30563687
29713132
28963742
28857854
28509330
27739606
27292694
26303035
 Marie-Béatrice Nogier
37389471
37389471
37055287
37025123
36051418
35767431
35000296
34976274
34976270
34950464
34945025
34759183
34713758
34164748
34057463
33900216
33218790
32571739
31630477
31315561
31053554
 Matthieu Jamme
37201858
37201858
37056357
37021781
36989886
36934400
36749641
36643941
36631602
36527517
36497352
36477902
36463161
36126365
35599703
35359407
35257073
35249849
34951668
34774185
34756288
 Claire Pichereau
37003203
37003203
36892784
36732353
36643941
34935040
34756288
33549136
32677007
32323060
32203260
31714398
30128591
29423196
28341979
27701374
27434700
27401441
27294974
27292694
27075040
 Jan Hayon
36643941
36643941
34756288
34226944
33983464
27701374
24275511
20522796
19770748
19358736
17143813
15665319
15343009
15034650
12904440
11779728
 Hervé Outin
 François Dépret
 Maxime Coutrot
36892784
36892784
35926543
35850662
35061577
35012801
34823946
34687923
34104863
33069002
32866665
32647725
32565254
32544219
32321571
32078111
32027547
31987659
31800081
31714398
31709320
 Maité Chaussard
 Lucie Guillemet
35012801
35012801
34823946
33895885
33069002
32699621
32321571
31987659
31629616
31271728
31211949
31185259
30082100
29740777
29555261
28602955
26845306
25971391
 Pierre Goffin
36590829
36590829
35944936
35164679
34155090
33145113
27442773
 Romain Thouny
36590829
36590829
 Julien Guntz
36590829
36590829
34981245
33145113
 Laurent Jadot
34981245
34981245
34912745
34446469
32815465
29785504
 Romain Persichini
36892784
36892784
36369748
35610620
35440498
33822901
33590997
33399045
33007018
32976962
31714398
31538824
30707314
30290940
30209199
30204777
30039783
29998775
29517513
29306448
29016311
 Vanessa Jean-Michel
36671270
36671270
35072430
30666367
29931488
27597297
 Hugues Georges
36671270
36671270
35459672
35213688
35072430
32843097
29466956
29276608
28092204
27879954
26951427
26621197
26464393
25614168
24105303
23631630
23428715
23353968
23245564
23065871
23020962
 Thomas Caulier
36671270
36671270
35072430
 Gaël Pradel
 Marie-Hélène Hausermann
37366825
37366825
37173938
36780886
36531737
36387348
36245717
35787575
35787570
35584078
35533907
35259098
35230134
34776526
34738930
34495603
34413740
34268442
34222360
34171337
33837519
 ThiMy Hue Nguyen-Valat
 Michel Boudinaud
24904014
24904014
 Emmanuel Vivier
36946232
36946232
35473740
35395861
35325620
34980224
34813391
34292408
34183053
33987718
33559765
33234658
32439503
32265347
32205549
32164739
31812193
31577036
31533788
31401603
31094757
 Sylvène Rosseli
 Gaël Bourdin
 Christian Pommier
37453445
37453445
34635128
31094757
30910636
29396655
12871966
 Marc Vinclair
32511697
32511697
31743173
31633509
30015694
28375981
27267942
23549125
21926601
18092151
 Simon Poignant
34331208
34331208
33009101
32511697
29582773
29337815
29153639
28322713
26666938
 Sandrine Mons
32511697
32511697
26948433
15150350
 Wulfran Bougouin
37355090
37355090
37294400
37166347
36445800
36285872
36256586
35788021
35714122
35512862
35415752
35168989
35129643
35114877
35057909
34768408
34245838
34238367
33899815
33706541
33609105
 Franklin Bruna
32278468
32278468
 Quentin Maestraggi
34974638
34974638
34313743
34290713
31864379
31032097
29856809
29049134
28895204
28589148
28328837
26579805
25019078
24167881
 Christian Roth
37365790
37365790
37330434
37308546
37306748
37293804
37224866
36758055
36232550
36114738
36070094
36028317
35907972
35836015
35820761
35748204
35743537
35695038
35584126
35544121
35450099
 Laurent Bitker
37453445
37453445
37243128
36797424
36681325
36633865
36504004
36503500
36175707
36138465
36053085
35833958
35780154
35775799
35716650
35655856
35379312
35371615
35129652
34772891
34635128
 François Dhelft
 Justine Bonnet-Chateau
 Mathilde Filippelli
 Tristan Morichau-Beauchant
35481559
35481559
34980224
33887246
32469410
30974188
29976291
26655586
25599466
25465423
25241223
24664154
 Stéphane Thierry
 Charlotte Le Roy
35030408
35030408
32798180
 Mélanie Saint Jouan
 Bruno Goncalves
37447875
37447875
37371692
37299832
37274845
37225941
37151762
37142557
37131089
37112274
37078830
36937719
36846362
36647173
36546951
36459763
36378479
36358344
36324005
36268187
36093983
 Aurélien Mazeraud
37058710
37058710
36624526
36243578
35781076
35532996
35464410
35441215
35120612
34774185
34715350
33769769
33648563
33625371
33410107
33083966
32931190
32480041
32378026
31998736
31907011
 Matthieu Daniel
37208376
37208376
37024497
36611893
36549090
36012544
35887383
35121186
34662185
31872461
 Tarek Sharshar
37085038
37085038
37058710
36827843
36776575
36624526
36549090
36324005
36243578
36132425
35781076
35715614
35606817
35534661
35532996
35485595
35464410
35441215
35141860
35135966
35132020
 Cyril Cadoz
37115415
37115415
35360736
35348610
33812488
33392658
30128587
27695892
 Rostane Gaci
35360736
35360736
34048876
33264687
30128587
28726362
27695892
27564142
26375470
 Sébastien Gette
37445905
37445905
37331791
37167306
36919911
36917045
36880902
36813604
35488889
35457103
35446052
35417387
35360736
35163643
35049407
35014593
36905584
34859204
34569305
34553565
34533432
 Guillaune Louis
37483726
37483726
37481895
37466893
37463880
37460246
37458780
37455817
37453909
37442318
37428161
37425465
37425459
37425458
37425452
37425451
37425448
37425434
37425276
37425173
37420282
 Sophe-Caroline Sacleux
37315809
37315809
37268222
37240797
36847134
36042543
35544360
34420114
33951535
33573148
31242526
29737553
21129870
20650547
13700637
 Marie-Amélie Ordan
36042543
36042543
34972649
34251540
31481656
31115188
30286724
30087384
29650775
29278424
29148602
28225038
27859657
27628033
26554435
26400093
25813540
23825967
22025550
21057219
19461895
 Aurélie Cravoisy
36687437
36687437
35004712
35844707
32041533
30871305
28726362
27364049
26903025
26092673
23849321
22538802
22304940
22100622
20502866
19036140
17577825
17525840
17259029
17241453
15931355
 Marie Conrad
36687437
36687437
35984574
35360736
35167501
35004712
34313743
35844707
33906228
33591012
32041533
31073873
30871305
28726362
27552490
25900257
24894769
24635770
23849321
23032457
20016405
 Guilhem Courte
36687437
36687437
35004712
35844707
32041533
30871305
 Sébastien Gibot
37350989
37350989
37269870
37096839
36942789
36810101
36763372
36723163
36699032
36687437
36516233
35977699
35360736
35004712
34735915
34688615
34534607
34282296
34233965
34195785
34118554
 Younès Benzidi
 Claudia Casella
36982056
36982056
36833020
36553952
36551647
36458516
35448427
35196854
34748376
34533289
33910399
32423496
31467707
30772657
30687677
30155520
30155519
29992188
29675482
29675481
29675478
 Laurent Serpin
36442800
36442800
 Jean-Lou Setti
 Marie-Catherine Besse
36166027
36166027
31660340
 Anna Bourreau
 Jérôme Pillot
 Caroline Rivera
37367923
37367923
37325367
36547760
36270542
36047448
35543477
35112170
34811646
34798200
34397159
33320457
32236549
31591042
31559052
31339906
28238936
26557911
26188011
25952208
25487232
 Camille Vinclair
36916745
36916745
33934810
33591021
33134937
33079281
32307616
32125554
32052207
31856891
 Marie-Aline Robaux
12029404
12029404
 Chloé Achino
 Marie-Charlotte Delignette
37064910
37064910
37039739
36389738
35176527
34090679
 Tessa Mazard
37377975
37377975
35566793
34090679
 Frédéric Aubrun
37356618
37356618
37251002
36723467
36264431
36233638
36219472
35852564
35721644
35695749
35652767
35598000
35566793
35522482
35510519
35428087
35394895
35200203
35176527
34842366
34818379
 Bruno Bouchet
35318264
35318264
33347248
30707314
30204777
29998775
29517513
29281011
29240770
28722617
28664820
28403121
27807818
26928040
26922236
25202025
24970692
20850264
19055810
19020433
17906854
 Aurélien Frérou
 Laura Muller
37377568
37377568
37376191
37086916
36965292
36935904
36894689
36864010
36736667
36702640
36612168
36501540
36255481
34804381
34661368
34192551
34026052
33980501
33670158
33432154
33323760
 Charlotte Quentin
37410588
37410588
36942789
36776263
35351701
34973047
25728613
23354336
21824428
20878375
19706166
17852155
 Samuel Degoul
37142467
37142467
36356592
35905553
34387171
32068135
31751349
26137488
25160358
 Xavier Stihle
34863967
34863967
 Claude Sumian
29097653
29097653
 Nicoletta Bergero
19837765
19837765
16753595
16112008
 Bernard Lanaspre
 Hervé Quintard
 Eve Marie Maiziere
25338064
25338064
 Pierre-Yves Egreteau
37072788
37072788
36693402
36308564
36053369
35918776
35351701
33608400
33606477
33591000
31417678
25869405
24742613
22067630
 Guillaume Leloup
29886063
29886063
26092498
25878793
 Florin Berteau
 Marjolaine Cottrel
 Marie Bouteloup
28110769
28110769
27661125
25072780
22682004
22184372
21902683
21658771
 Matthieu Jeannot
20563208
20563208
 Quentin Blanc
28110769
28110769
26848055
12122542
 Julien Saison
36741307
36741307
36273636
32339725
29964166
28144069
27651404
27295189
27015880
26338247
26213691
26110165
25397422
25333615
24454976
23588720
23325566
23019018
22605589
 Isabelle Geneau
25447804
25447804
 Romaric Grenot
 Abdel Ouchike
 Pascal Hazera
30740467
30740467
29663044
28181941
27311311
 Anne-Lyse Masse
 Suela Demiri
33579774
33579774
32516181
32084029
31719608
31079705
30375895
28360224
26978782
 Corinne Vezinet
36650028
36650028
35257960
30071043
29506194
29496757
27755042
26872366
25459558
21958549
18601732
12401586
 Elodie Baron
36650028
36650028
33557908
33549136
32798468
31738933
31724828
 Déborah Benchetrit
37441939
37441939
37424019
37389476
37327532
37326951
37237975
37207373
37153628
37131266
37086347
37054916
37042666
36905985
36718743
36610611
36603380
36593397
36567774
36544952
36323049
 Antoine Monsel
37379797
37379797
37354232
37343767
37254209
37079286
36670340
36650028
36346005
36251177
35887435
35727349
35659328
35628922
35619189
35552788
35189925
34889061
34843666
34774107
34673131
 Grégoire Trebbia
37475252
37475252
36759637
36646706
35618729
33243976
32787167
31510625
31086320
30391201
30127339
29649066
27677835
26407019
26207504
25959679
25061219
24663899
23790251
21924628
21916453
 Emmanuelle Schaack
 Raphaël Lepecq
11505616
11505616
9437881
14164202
 Mathieu Bobet
34087863
34087863
31335404
 Christophe Vinsonneau
37400647
37400647
37350989
37340316
37326645
37188118
37106345
36958363
36592202
36242651
36167550
35842352
35379300
35325620
34983611
34817634
34774185
34736254
34372897
34089117
34038699
 Thibault Dekeyser
36833337
36833337
34009449
29201271
 Quentin Delforge
34529931
34529931
31171419
 Imen Rahmani
34009449
34009449
 Bérengère Vivet
37168864
37168864
36280286
36131772
35988467
34768176
34260646
34209420
34089117
33896272
33809753
32823560
32272649
32037026
31752723
27722721
25782469
25464874
24981953
23698251
23567523
 Jonathan Paillot
34636974
34636974
33069971
27196559
 Lucie Hierle
 Claire Chaignat
34768176
34768176
29988327
27709556
21897484
21672216
 Sarah Valette
16192535
16192535
15685027
15179130
 Benoït Her
37485271
37485271
37406923
37402756
37398983
37388912
37381410
37376049
37311626
37297849
37271356
37246457
37234729
37226562
37217663
37210516
37203566
37195914
37189737
37188464
37165998
 Jennifier Brunet
37480623
37480623
37479461
37453705
37449874
37443352
37440055
37439797
37439048
37439046
37439045
37421948
37405455
37402954
37398376
37396987
37396538
37392945
37389805
37366905
37365665
 Mathieu Page
27364780
27364780
27127648
26904309
24270228
24113200
22728293
19639374
19050088
 Fabienne Boiste
20442259
20442259
 Anthony Collin
28793512
28793512
 Florent Bavozet
36693402
36693402
31175111
30333198
24785139
 Aude Garin
35351701
35351701
31175111
30333198
 Mohamed Dlala
22456769
22456769
 Kais Mhamdi
31433924
31433924
 Bassem Beilouny
 Alexandra Lavalard
 Severine Perez
27932007
27932007
20412180
 Benoit Veber
37323065
37323065
37173167
37167306
36232517
36209696
36012201
35727349
35552788
35530038
35182353
35121185
34654897
34652279
34521664
34458922
34323344
34285171
36576341
33860610
33785423
 Pierre-Gildas Guitard
37167306
37167306
33860610
27626706
26169976
25829310
21460467
 Philippe Gouin
34202895
34202895
33393935
31355799
29653801
27151559
25403991
21809490
17414250
 Anna Lamacz
 Fabienne Plouvier
 Bertrand P. Delaborde
 Aïssa Kherchache
 Amina Chaalal
29796989
29796989
24978200
 Jean-Damien Ricard
37408074
37408074
37295889
37003203
36942789
36914069
36851601
36840825
36538244
35984574
35849787
35804453
35584666
35533052
35483679
35422002
35225650
35140033
35061577
35054400
34963427
 Marc Amouretti
 Santiago Freita-Ramos
 Damien Roux
37462830
37462830
37199534
37122034
37095145
36840825
36709579
36586050
36477670
36224216
35891509
35804453
35562708
35483679
35190840
35078468
35054400
35037993
34963427
34852801
34702902
 Jean-Michel Constantin
37451087
37451087
37379797
37259157
37254209
37143091
37030395
36873425
36724878
36693403
36670340
36650028
36614813
36611211
36580451
36509387
36504016
36157895
36108918
35887435
35772661
 Mona Assefi
37379797
37379797
37030395
36724878
36650028
36504016
35325620
31401603
28736994
 Marine Lecore
 Agathe Selves
37055832
37055832
36650028
 Florian Prevost
25836775
25836775
 Christian Lamer
35676335
35676335
34774185
34494148
32600884
30693390
29770886
29018911
28364154
17251546
15784384
15085322
14506064
 Ruiying Shi
37268700
37268700
36863597
36801330
36529009
36516538
36444066
36416323
36356752
36141844
35661879
35650727
35138541
34616317
30945842
30394737
30327019
29761568
29201618
28937733
23037526
 Lyes Knani
16969309
16969309
15085322
 Sébastien Pili-Floury
36578669
36578669
36451410
36221362
35811716
35382932
35329842
35262794
34994906
34636974
34332494
34183578
34170789
34074852
33741514
33727034
33712924
33585993
33472680
33290974
33181558
 Lucie Vettoretti
36451410
36451410
36221362
34768176
34332494
33181558
32853599
32740251
32160661
30777900
30384842
30290615
23040733
19258280
17678892
 Michael Levy
37483495
37483495
37462812
37431144
37422957
37398302
37377746
37322361
37295263
37292950
37290683
37270888
37249002
37216723
37215965
37201725
37164115
37155680
37142287
37124710
37120726
 Lucile Marsac
37386846
37386846
36585304
34102877
33778925
33638097
32534738
31168909
30251353
28736994
 Stéphane Dauger
 Sophie Guilmin-Crépon
 Jean-Baptiste Putegnat
31079704
31079704
30910636
 Frédérique Bayle
37454150
37454150
37417589
37406812
37405935
37352099
37343032
37328202
37328199
37269843
37227475
37204207
37188305
37123873
37082300
37062210
37036891
37027473
37014881
36949207
36943066
 Maya Perrou
 Ghyslaine Thao
 Guillaume Géri
 Cyril Charron
37436445
37436445
35853020
35445822
35422077
35278876
33131508
33045335
32876697
32673745
30888443
30716459
29356854
28674848
28413017
28360123
28358656
28224966
27374264
27055668
27054626
 Xavier Repessé
 Antoine Vieillard-Baron
37436445
37436445
37368036
37166507
37042964
36972500
36914069
36820879
36723637
36670340
36569157
36538244
36445800
36277756
36266423
36200491
36051277
35984574
35955981
35941260
35853020
 Mathieu Guilbart
36194473
36194473
36115286
36028883
35781575
35574483
34945106
34862002
34244250
34002149
33818171
33556081
33403551
33368103
33340066
33146886
32835274
32703547
32483742
32360980
31218916
 Pierre-Alexandre Roger
33818171
33818171
33556081
33340066
33146886
32835274
32529577
32483742
32455044
32407157
30309662
 Sébastien Hinard
30576492
30576492
28168870
27899619
27055825
24821338
22956841
22377578
18216177
17458809
17427209
16715538
16513880
16386210
16234808
15084602
14646823
10735003
7021718
7279972
7460935
 Pierre-Yves Macq
35628743
35628743
33556081
33329000
 Kevin Chaulier
30982028
30982028
27433815
17646790
 Sylvie Goutte
34230013
34230013
 Patrick Chillet
36624526
36624526
34774185
28441453
24105303
22870764
20692801
 Anaïs Pitta
 Barbara Darjent
 Amandine Bruneau
 Sigismond Lasocki
37477585
37477585
37415221
37295649
37244835
37226261
37102357
37072597
37054915
36881542
36873425
36759291
36707841
36701251
36693403
36652785
36594947
36328372
36287394
36207737
36195919
 Maxime Leger
37415221
37415221
37102357
36759291
36376728
36028378
35507627
35268467
35033845
35005334
34993990
34946372
34838109
34548347
33892949
33781988
33750979
33678285
33455926
33446866
33275377
 Soizic Gergaud
35984574
35984574
33591012
33588893
31713060
31410497
31073873
29933269
25066331
24635770
24333817
24105456
 Pierre Lemarie
31410497
31410497
29933269
 Nicolas Terzi
37453445
37453445
37225654
37075003
37041986
36963968
36958363
36942789
36892784
36797424
36790209
36693403
36448989
36286317
36229048
36166027
35780154
35779125
35459672
35331332
35325620
 Carole Schwebel
37267804
37267804
37058710
36915207
36835834
36603018
36447221
36289906
36100725
35788622
35532996
35190840
34843666
34774185
34408046
34347836
34347776
34339431
33979216
33816643
33634264
 Anaïs Dartevel
 Louis-Marie Galerneau
37225654
37225654
37075003
36790209
36681325
36603018
32756570
32655494
32606077
32352339
31896445
31632813
30032122
28126503
27660510
 Jean-Luc Diehl
37063947
37063947
36858909
36710144
36301921
36148049
35982357
35952950
35943569
35675081
35644124
35350097
35189925
35152141
35144305
35135966
35088023
34894121
34722585
34640638
34324076
 Caroline Hauw-Berlemont
37091924
37091924
37017698
36858909
36419635
36148049
35952950
35779125
35675081
35189925
35135966
34233745
33978840
33830623
33449299
33282891
32909917
32558198
32458111
32295896
32059120
 Nicolas Péron
 Emmanuel Guérot
 Abolfazl Mohebbi Amoli
 Michel Benhamou
35958047
35958047
20356714
 Jean-Pierre Deyme
 Olivier Andremont
32958709
32958709
32313993
31624936
29242058
29133025
27164015
 Diane Lena
36934980
36934980
29917088
29575158
28689373
21245729
18662627
 Julien Cady
34256165
34256165
 Arnaud Causeret
27314599
27314599
 Arnaud De La Chapelle
30324540
30324540
18662627
17238892
15898044
12032034
 Christophe Cracco
36958363
36958363
33980526
33290789
32843097
31912201
31654079
27035854
26951427
25614168
23070123
22005823
20581167
20179505
20097417
17266747
16755257
15741296
15497798
12589528
 Stéphane Rouleau
 David Schnell
36892784
36892784
36533915
36053317
35459672
35351701
35221129
35190840
35168989
35074631
35065008
34678845
34545440
34521664
34089117
33906228
32354111
31714398
31514907
31267156
31027191
 Cécile Lory
37469513
37469513
37228198
37058116
37054982
36992817
36969536
36834810
36721856
36574651
36376122
36018638
36010615
35635268
35568573
35273147
35119925
35095852
35065332
35061407
34968789
 Thibault Chapelle
 Vincent Bruckert
36609390
36609390
35192948
34954222
33781988
33767630
33756444
33031979
32891749
32201194
31874227
31785701
31785699
31345405
31076140
 Julie Garcia
37305702
37305702
36350984
35427499
34172716
33910981
33751048
33325497
33294863
33112933
32929006
32378957
32295140
31702594
31625954
31567611
31343446
33791609
31034447
30829771
29904525
 Abdlazize Sahraoui
37482465
37482465
37446429
37429207
37385392
37337016
37317754
37267550
37266334
37262238
37258634
37247266
37242310
37177424
37149962
37124840
37069910
36952478
36918210
36864243
36788246
 Nathalie Abbosh
19588273
19588273
18506637
18446448
16129538
 Caroline Bornstain
34601639
34601639
29374773
28857855
28830989
28398925
28315962
28283806
28197680
27861747
27414476
26984428
26836730
26365948
26216191
26026979
25553637
25421812
19633539
17673691
16941165
 Pierre Pernet
12206930
12206930
 Florent Poirson
33812488
33812488
31843007
28951293
 Ahmed Pasem
 Philippe Karoubi
33638752
33638752
20042858
19068113
17994222
17638212
17035424
16374163
16096746
15818100
15190968
 Virginie Poupinel
 Caroline Gauthier
37150431
37150431
36587785
33742088
33432068
33219318
28104296
26810547
26139739
18347128
 François Bouniol
 Philippe Feuchere
 Anne Heron
32993903
32993903
32718524
31532380
31216265
31208568
31147077
30558782
30262012
29246278
30805521
27830065
27467896
26654505
24125568
23080081
16923161
16697370
15341517
12542667
12177222
 Serge Carreira
36946232
36946232
36892784
35473740
32928517
31714398
30067847
29157258
28479388
28328996
28220232
25545653
24105404
23435342
23433610
22735507
21244674
20601861
 Malo Emery
36477670
36477670
36224216
32365100
31219421
28231985
 Anne Le Floch
37001377
37001377
34260935
33084938
32920832
29857565
27878561
27115699
26757185
26661479
25922540
25155374
25100900
24563521
24436095
23111778
22850937
22576334
20890609
20212241
20108363
 Luana Giovannangeli
 Nicolas Herzog
33882221
33882221
33726792
32600589
25545205
23575687
23473667
23332125
23305266
22992334
 Christophe Giacardi
37125788
37125788
36942789
36155827
35687800
34990889
34728409
34157429
33907988
33882221
33858001
33854025
33751387
33726792
32600589
30967215
30260161
27848922
26906662
26274734
25845786
 Thibaut Baudic
30967215
30967215
 Chloé Thill
 Florence Tubach
37409606
37409606
37356637
37351881
37334402
37020259
36965602
36840825
36702165
36689510
36414712
36324795
36203366
36107954
35976639
35738803
35676335
35583290
35508515
35506359
35483552
 Olivier Lesieur
37354232
37354232
37041081
36669776
36533915
35984574
35944877
35812161
35597285
35351701
35179564
35168989
35065008
34895577
34895575
34702902
34689813
34364537
34173634
34089117
33904016
 Julie Noublanche
