Daniel M. Bean
37159441
37159441
34217220
34125897
33588321
33052324
32575372
32485082
31765395
30637119
30625146
29511265
29180758
28968472
28396410
26812604
25181461
 Zeljko Kraljevic
37159441
37159441
37122812
36567336
35074819
35025917
34842128
34711578
34432797
34129509
34127232
33472631
32485082
 Thomas Searle
37023846
37023846
35074819
34842128
34695581
34129509
34127232
33472631
33375786
32485082
 Rebecca Bendayan
37288870
37288870
37269091
36013179
35887574
35485544
35275087
35151869
35074819
35037790
35002819
34842128
34432797
34217220
34169522
34127232
33888728
33843591
33719753
33588321
33472631
 O'Gallagher Kevin
37429645
37429645
37398869
36790903
36567336
36538582
36456009
36455712
36349758
36155748
35699192
34873286
34755842
34340522
34217220
34120160
34099652
34018850
33966447
33760292
33588321
 Andrew Pickles
37198742
37198742
37095645
36905531
36869733
36847345
36700357
36639313
36581974
36519265
36504330
36482366
36151972
36113122
35976471
35920025
35899846
35710080
35684987
35700306
35505514
 Amos Folarin
37456915
37456915
37389932
37269091
37089424
36812509
36806317
36692937
36545688
36539756
36498739
36371974
36289925
36194451
36001371
35461692
35275087
35189842
35089148
34784292
34720200
 Lukasz Roguski
36001371
36001371
34127232
33472631
32485082
32478737
32149659
29617939
27131376
25536966
24747219
 Kawsar Noor
36401545
36401545
36001371
34127232
32485082
 Anthony Shek
37159441
37159441
35583131
34432797
34407269
34217220
34129509
34127232
33826926
33588321
33472631
32485082
31833819
 Rosita Zakeri
37357540
37357540
36583255
36567336
36332942
36221809
36069196
35772828
35119162
34905461
34634448
34372832
34217220
33948644
33622362
33588321
33472631
33455580
33052324
32485082
32169346
 Ajay M. Shah
37191312
37191312
37189536
37125005
37072018
37067297
36656669
36617393
36567336
36538582
36456009
36349758
36312271
36106499
36027563
35853019
35798487
35798123
35699192
35601109
35589238
 James T.H. Teo
36567336
36567336
34217220
33627748
33611594
33588321
33052324
32485082
30617201
26130812
30363821
24405657
22199171
29443323
21127013
19640784
19564588
18074367
16424511
 Richard J.B. Dobson
37447866
37447866
37269091
37159441
37089424
37023846
36937187
36845320
36806317
36749628
36545688
36544046
36498739
36401545
36339261
36289925
36227072
36194451
35684987
35609980
35452565
Harmony R. Reynolds
37471475
37471475
37468185
37462593
37356038
37227729
37100486
37026542
36931164
36924033
36882134
36793935
36697158
36640860
36335918
36334466
36225342
36206950
36115814
36075618
36049799
 Samrachana Adhikari
37410929
37410929
36963046
36867610
36711766
36647113
36573193
36453634
36334466
36147213
35810600
35749347
35403000
35337829
35284616
35238793
35104336
34951384
34857389
34714343
34674755
 Claudia Pulgarin
36334466
36334466
35387655
35179781
34590684
33275153
32356628
29092049
27236114
25108993
22417819
 Andrea B. Troxel
36933050
36933050
36897592
36895054
36753456
36683454
36335918
36334466
36297112
36206950
36081898
35906172
35805833
35701368
35639865
35583232
35532915
35489232
35314503
35090154
35076699
 Eduardo Iturrate
37215538
37215538
36821760
36711766
36483377
36334466
36242772
36170336
36069915
35965473
35906172
35749661
35607701
35590468
35114420
34909779
34751274
34617009
33275153
33108107
32986236
 Stephen B. Johnson
35576579
35576579
35266045
35007354
34919294
34850911
33793563
33596593
32356628
31329882
31149911
31111463
30815052
30371862
29888051
29854228
29588993
28088527
26925516
26211791
26063516
 Anaïs Hausvater
 Jonathan D. Newman
37382099
37382099
37212152
37164146
37100486
36805490
36697158
36335918
36003207
35981820
35787415
35605652
35598636
35468922
35447152
35177194
35149037
35029799
34521217
34514494
34496632
 Jeffrey S. Berger
37356038
37356038
37255704
37227729
37212152
37029410
37026542
36999030
36924033
36801264
36687270
36658454
36657557
36630990
36599226
36416902
36350383
36335918
36334466
36274996
36245285
 Sripal Bangalore
37477022
37477022
37468185
37462593
37417231
37382152
37212152
37105278
37100559
37100486
36989550
36869786
36844107
36802805
36780372
36697158
36644362
36599590
36516938
36416902
36411058
 Stuart D. Katz
37467192
37467192
37352211
37278994
37214806
37166330
37162923
36882134
36805490
36640860
35927632
35752400
35447152
35165053
34752935
34278881
33795721
32888634
32687400
32653044
32649377
 Glenn I. Fishman
37217119
37217119
37103040
36595632
36334466
35862854
35533732
34990403
34100064
33982289
33587646
33151762
32962518
32763851
32687400
32675842
32673534
32356628
32302081
31910160
31195250
 Dennis Kunichoff
36467513
36467513
35973009
35077044
34582775
34521217
34058845
33448289
33225307
32840379
32508433
32356628
32350078
31026499
 Yu Chen
37484949
37484949
37484944
37483794
37483686
37482887
37482021
37481613
37480829
37480689
37480677
37479966
37479047
37477163
37474877
37474474
37473854
37473613
37473529
37469875
37469605
 Gbenga Ogedegbe
37462699
37462699
37457321
37372724
37338872
37338866
37328265
37228144
37165382
37143131
37129649
37117875
37101190
37076570
37071089
37061798
36925894
36854589
36786784
36741928
36378202
 Judith S. Hochman
37471475
37471475
37468185
37462593
37356038
37227729
37100486
37026542
36697158
36335918
36334466
36257844
36225342
36206950
36193750
36115814
36004229
36003207
35981820
35973009
35835492
Giuseppe Mancia
37432906
37432906
37382059
37350267
37331922
37317866
37303225
37156253
37138561
37124176
37087164
37073730
36899347
36824023
36755066
36748460
36723481
36694963
36660435
36633311
36628971
 Federico Rea
37459974
37459974
37458906
37432906
37371600
37370911
37369512
37347356
37341880
37326936
37296478
37271302
37261238
37180121
37162377
37109306
37102989
36980229
36976463
36940657
36935028
 Monica Ludergnani
36747186
36747186
35565087
35191294
33856453
33500324
32852721
32356627
31472207
 Giovanni Apolone
37210116
37210116
36820634
36776853
36670818
36628317
36338743
36249038
35933845
35923922
35908731
35632490
35607769
35449310
35371993
35359379
35221333
35144569
35062265
35014151
34843712
 Giovanni Corrao
37459974
37459974
37432906
37429199
37359175
37312076
37275497
37267680
37261238
37254131
37235771
37189213
37176737
37156791
37143730
37109306
36983681
36899347
36883925
36882834
36833490
Mandeep R. Mehra
37426527
37426527
37302643
37286262
37285526
37226447
37220861
37140177
37076211
37019563
36847113
36562497
36525554
36464482
36456068
36456066
36404406
36265958
36228660
36170947
36074476
 Sapan S. Desai
32501665
32501665
32450107
32356626
32234574
32224034
31629128
31626937
31200049
31009730
31009720
30618346
30028817
29804522
29660388
29617537
29422845
29217445
28237647
26952000
27743805
 SreyRam Kuy
36604198
36604198
35935927
34733082
34733077
33974764
32941348
32639264
32616345
32501665
32356626
32320018
32317848
30657532
29112651
28941430
28941429
28862030
28688658
28601312
27851850
 Timothy D. Henry
37484361
37484361
37459570
37381622
37377840
37363317
37169437
37167359
36922912
36863819
36863814
36863812
36858705
36822461
36798420
36796572
36745696
36565189
36543444
36464466
36459751
 Amit N. Patel
33971900
33971900
32511943
32501665
32450107
32356626
31937310
31709316
30866153
30611285
30039876
29776421
29763816
29523171
28974553
28404894
27718344
27437887
27333764
27165370
27151378
Peng Zhang
37485893
37485893
37482661
37478207
37476617
37475560
37475318
37475243
37475005
37474342
37470905
37470054
37468165
37467944
37464874
37462971
37458208
37458026
37457852
37455079
37454262
 Lihua Zhu
37467131
37467131
37408123
37400575
37394707
37297176
37292647
37265797
37229134
37156841
37142692
37134151
37118888
37111900
37108858
37056852
37051558
37035073
37035071
37020869
36862359
 Jingjing Cai
37431986
37431986
37403783
37390231
37342346
37324618
37250561
37234797
37210776
37204656
37201909
37180779
37124758
37089259
37086641
37082131
37080516
37060750
37051200
37040740
37032101
 Fang Lei
37469786
37469786
37461009
37455554
37450367
37446408
37409402
37403850
37400510
37378633
37370029
37356584
37324618
37321030
37291642
37277019
37275136
37271885
37239374
37226095
37217599
 Juan-Juan Qin
37324618
37324618
37082131
37004300
36781092
36330016
36321173
36237179
36138541
35924673
35299057
35256042
35250880
35222285
35139697
34977177
34478633
33729889
33582899
33521746
33421384
 Jing Xie
37481985
37481985
37478829
37459592
37458389
37454120
37454041
37451010
37446243
37439124
37435035
37434849
37421007
37418659
37414664
37399514
37397216
37395519
37378044
37376059
37375995
 Ye-Mao Liu
37324618
37324618
37178274
37082131
36798909
36781092
36321173
36237179
36138541
35410227
35299057
35250880
35222285
35139697
35108509
34977177
34478633
33729889
33421384
33344548
33043313
 Yan-Ci Zhao
34478633
34478633
33864292
33729889
33521746
33421384
32592657
32302265
31865799
 Xuewei Huang
37180779
37180779
37124758
37086641
37082131
37032101
37004300
36989963
36909326
36530914
36330016
36321173
36237179
35924673
35829732
35759443
35752686
35730675
35632454
35504990
35256042
 Lijin Lin
37404538
37404538
37224896
37124758
37094685
37086641
37040740
37032101
37004300
36993843
36909326
36841290
36840064
36788248
36674735
36632754
36589110
36531404
36530914
36507378
36438112
 Meng Xia
37479695
37479695
37477872
37468868
37458141
37440524
37435549
37429630
37427758
37417267
37407885
37403593
37374713
37353738
37320898
37316392
37314250
37313461
37304172
37294661
37287421
 Ming-Ming Chen
37474064
37474064
37462477
37324618
36876076
36237179
36138541
36078722
35453440
35410227
35265618
35250880
35222285
35165987
35004684
34977177
34745088
34699210
34601415
34476064
33729889
 Xu Cheng
37484342
37484342
37473566
37468562
37465387
37456659
37456323
37447260
37428513
37426473
37423063
37420103
37405309
37397969
37393837
37386813
37378837
37377606
37376659
37359220
37357238
 Xiao Zhang
37483072
37483072
37480029
37478746
37478488
37473473
37471653
37464278
37463878
37460936
37455280
37455138
37453997
37451500
37451395
37448124
37447145
37446683
37444915
37431210
37429344
 Deliang Guo
37436895
37436895
37398932
37223514
36941998
36929212
36809426
36632465
36009491
35958019
35685481
35647111
35541917
35534729
35494016
35480107
35155255
35045984
34778361
34676221
34336917
 Yuanyuan Peng
37414392
37414392
37318377
37228103
37150092
37146494
37056465
37022267
37018248
36907676
36894080
36874500
36829258
36789971
36734064
36727624
36721663
36714195
36632851
36504072
36481157
 Yan-Xiao Ji
37324618
37324618
37230962
37086641
37082131
37004300
36841290
36396746
36237179
35759443
35437018
35410227
35299057
35222285
35139697
34910548
34910546
34536344
34478633
34435375
34272738
 Jing Chen
37486531
37486531
37485873
37485353
37485339
37483972
37482328
37479136
37478780
37477049
37475266
37474074
37466752
37466476
37464818
37463681
37462751
37461124
37460852
37456892
37455996
 Zhi-Gang She
37324618
37324618
37203337
37178875
37082131
37040740
37032101
37004300
36998980
36932412
36909326
36841290
36798909
36792729
36775042
36712249
36462680
36330016
36321173
36237179
36119048
 Yibin Wang
37440359
37440359
37426523
37396417
37356292
37310861
37296391
37286860
37233188
37208557
37141815
37112011
37100237
37097734
37078222
36991687
36991098
36972673
36939416
36914852
36909098
 Qingbo Xu
37475045
37475045
37430253
37229905
37153747
37148935
37147443
37043578
36805782
36790347
36754903
36703732
36647538
36623250
36562301
36552820
36532724
36515099
36315271
36301989
36200440
 Renfu Tan
32302265
32302265
29866087
 Haitao Wang
37484635
37484635
37481437
37481195
37464027
37447556
37420092
37392618
37364622
37341245
37336015
37325941
37316005
37290448
37286513
37275445
37265041
37231181
37206073
37204034
37191326
 Jun Lin
37474500
37474500
37442091
37437264
37422362
37369824
37345096
37308475
37295572
37270664
37249623
37209283
37199324
37159049
37144453
37144027
37119666
37118774
37107507
37093226
37092816
 Pengcheng Luo
37309937
37309937
37257348
37189494
37171200
37064115
37022639
36989554
36633015
36603559
36523757
36510147
36439501
36367973
36300088
36268283
36174877
36093108
35872882
35686776
35628941
 Shouzhi Fu
36719527
36719527
35598771
35281548
34754848
33969085
33425960
33425951
33300167
32831151
32631393
32566624
32448345
32444393
32423584
32410714
32359177
32302265
32283154
30896649
30392071
 Hongbin Cai
37469208
37469208
36721207
36318158
35896086
35838321
35665124
34906359
34435574
33911931
33602920
33378566
32310180
32302265
32280102
31703731
31406010
31156174
29768378
29706084
29103978
 Ping Ye
37452352
37452352
37400749
37389347
37334359
37249421
37198658
37156795
37149696
37132235
37109802
37092003
37057937
37057128
37050858
36986125
36984352
36969217
36963422
36908911
36867363
 Bing Xiao
37440262
37440262
37381759
37355592
37332965
37310153
37291733
37285982
37237297
37181828
37179744
37158945
37148766
37020707
36849017
36838003
36778204
36777708
36691491
36658236
36657714
 Weiming Mao
35691374
35691374
35569518
35367417
35250880
35129590
34896309
34499703
33729889
33705750
33675778
33421384
33061288
33043313
32941875
32861268
32673499
32592657
32369736
32359177
32302265
 Liming Liu
37440274
37440274
37432218
37430227
37401600
37401599
37401598
37400289
37380349
37375122
37375050
37374707
37309934
37241686
37235634
37203999
37192285
37179629
37177026
37175239
37131329
 Youqin Yan
37314613
37314613
36640005
36640004
34598979
33729889
33273714
32673499
32662525
32653423
32592657
32573776
32409561
32369736
32359177
32302265
32281110
32196678
32077115
 Mingyu Liu
37373450
37373450
37277052
37266416
37213158
37143933
37035088
37034827
36966128
36939166
36935910
36933513
36923265
36902898
36877164
36775595
36669362
36639658
36547065
36529292
36457517
 Manhua Chen
37231994
37231994
37156795
36335890
35370721
35197097
34355838
34282068
34239349
34177571
33823186
33522247
33313408
33219747
32673499
32302265
32222636
31598808
31555540
31495986
31432137
 Xiao-Jing Zhang
37431986
37431986
37324618
37304905
37230962
37203337
37178875
37127924
37116711
37086641
37082131
37040740
37032101
37004300
36998980
36997662
36960313
36932412
36841290
36798909
36792729
 Xinghuan Wang
37393350
37393350
37355053
37271807
37269493
37231763
37105989
37095549
37024456
36989746
36969760
36875068
36733358
36733309
36699941
36613500
36473621
36468030
36277150
36235311
36103400
 Rhian M. Touyz
37467504
37467504
37422258
37382158
37354199
37321962
37272080
37254738
37019821
36921028
36919775
36919603
36916904
36818331
36802924
36648486
36621810
36219457
36207423
36156286
36027648
 Jiahong Xia
37356602
37356602
37334359
37232170
37156795
36916002
36908474
36867363
36237179
36168621
35793753
35720337
35548419
35547752
35436984
35026656
34687442
34421916
34256745
34239349
34226510
 Bing-Hong Zhang
36608839
36608839
34861603
34795494
33853705
33729889
33521746
33421384
33222058
33043313
32861268
32673499
32632609
32614976
32592657
32493070
32369736
32359177
32302265
32234564
31960821
 Xiaodong Huang
37448305
37448305
37400847
37310126
37285619
37213667
37118701
37105286
37073009
37037814
37034225
36990393
36964867
36924036
36894530
36859926
36848391
36845473
36819707
36814311
36788610
 Yufeng Yuan
37416773
37416773
37188666
37182966
37067593
36941998
36929212
36890041
36809426
36799412
36752967
36645540
36637643
36624217
36610252
36602428
36527970
36524359
36462680
36432363
36407877
 Rohit Loomba
37453429
37453429
37452591
37440949
37431679
37419133
37406954
37364816
37364790
37363821
37358849
37356033
37299561
37294261
37288941
37269117
37268740
37266680
37248999
37245718
37237426
 Peter P. Liu
37218689
37218689
36823770
36623864
36609317
36480968
36343954
36326053
36254328
36107673
35998927
35935644
35861767
35511501
35467957
35207789
35157495
34948078
34910548
34910546
34860360
 Hongliang Li
37486326
37486326
37431986
37386837
37365277
37339155
37324618
37312284
37298242
37297162
37284076
37276218
37272713
37271879
37235698
37230962
37217870
37203337
37195840
37178875
37160625
