Hamideh Abbaspour Kasgari
36188036
36188036
36054303
35194446
34849957
34250095
33841540
33704468
33063117
32812025
 Siavash Moradi
37223293
37223293
35434478
35223408
35194446
35178208
35017775
34433188
34257959
33911828
33882924
33841540
32944579
32812025
32723088
32363968
32212789
32106807
31845563
31452570
30345040
 Amir Mohammad Shabani
35194446
35194446
34849957
32812025
 Farhang Babamahmoodi
36619762
36619762
36054303
35783616
34849957
34728696
34526033
34195459
32812025
30319195
30069217
28638810
28129680
27630729
27555974
26451148
26221512
26221495
26155497
26064128
25904953
 Ali Reza Davoudi Badabi
35194446
35194446
34849957
32812025
 Lotfollah Davoudi
32812025
32812025
 Ahmad Alikhani
37123173
37123173
36188036
35919644
35872684
35783616
35194446
34753964
34728696
32812025
31533648
31437386
31437374
32012129
28923862
27379196
26221495
25893116
25695067
24009954
24250524
 Akbar Hedayatizadeh Omran
37330941
37330941
37231904
36974534
36308387
36253515
36017940
35092389
34728696
34460132
34433188
34253946
34170477
33945642
33438443
33425271
33369264
33338232
33079703
32986360
32874436
 Majid Saeedi
37123173
37123173
37036014
36709396
36644547
36449121
36420333
36407347
36211984
36135577
35856432
35848460
35783616
35701773
35635506
35595933
35289043
35266075
35092389
34903980
34888213
 Shahin Merat
37295481
37295481
37227560
37119375
36092483
36001709
35943002
35429954
35048107
34849957
34712446
34567175
33991887
33930223
33857308
33838673
33783379
33769591
33767101
33709413
33704468
 Hannah Wentzel
35146053
35146053
34849957
34796244
34410284
33704468
33338232
33063117
32812051
32812039
32812025
 Anna Garratt
35146053
35146053
35125294
34796244
34410284
32812039
32812025
31595301
 Jacob Levi
36815242
36815242
36540387
36092832
35146053
34988252
34849957
34796244
34410284
34115649
33338232
33206403
32812039
32812025
32405423
32300033
31720314
31595301
31242172
31191912
30689216
 Bryony Simmons
37230101
37230101
36645792
36540387
36048775
35953881
35673545
34849957
34354310
33973876
33927086
33704468
33653694
33262331
33086234
33063117
33010240
32812051
32812039
32812025
32796119
 Andrew Hill
37479796
37479796
37437159
37428754
37420316
37398090
37379573
37330148
37314491
37286633
37230101
37218283
37218053
37202378
37073512
37058595
36986119
36961472
36946779
36919475
36904085
 Hafez Tirgar Fakheri
33704468
33704468
33063117
32812025
31611747
31356093
31049179
27698972
26157713
24829670
15879651
Gholamali Eslami
34849957
34849957
33704468
33063117
32812051
 Sajedeh Mousaviasl
34849957
34849957
34700294
32812051
 Esmat Radmanesh
37275576
37275576
35656072
34849957
34700294
34604423
34604408
32812051
34466478
28852440
27392621
26552794
 Saeed Jelvay
36507230
36507230
34849957
34700294
34667785
32812051
 Saeid Bitaraf
36997892
36997892
36994046
35999915
34700294
34188950
32812051
31456969
30847441
29589237
 Anahita Sadeghi
36919830
36919830
36798102
36619721
36619152
35400056
35272613
35139138
35128908
34849957
34729073
34663073
34659668
34629165
34620696
34617932
34417824
34196200
33709413
33704468
33564380
 James Freeman
37406870
37406870
37345915
37330904
37323052
37316143
37184436
37090090
37078339
36990925
36990858
36963741
36858707
36848427
36799932
36738152
36735111
36589908
36472194
36357014
36170282
 Shokrollah Salmanzadeh
37277295
37277295
36257210
35396867
35339280
35169997
34956962
34849957
34348298
34337183
34174037
32812051
32670947
32655076
32508419
31729305
31068133
30425535
30320018
28360447
27540454
 Hani Esmaeilian
34849957
34849957
32812051
 Morteza Mobarak
34849957
34849957
32812051
 Ramin Tabibi
33083293
33083293
32812051
30835393
30835383
30835377
29073511
26709288
26709285
24364433
22953235
22742791
18274167
 Amir Hosein Jafari Kashi
32812051
32812051
30693609
 Zahra Lotfi
36869662
36869662
35122678
34746174
34278999
32943595
32812051
32690983
32042265
31249223
30136322
29893311
29527753
29373883
29322600
28458711
28176620
27039778
 Seyed Mehdi Talebzadeh
33682822
33682822
32812051
 Aseni Wickramatillake
32812051
32812051
32372076
31322844
 Mahboobeh Momtazan
32812051
32812051
31709280
29379853
29159211
28761912
 Majid Hajizadeh Farsani
32812051
32812051
 Sedigheh Marjani
32812051
32812051
 Sara Mobarak
36814513
36814513
36705465
35331862
34849957
34800305
34700294
34684369
34667785
34645650
34604423
34604408
33704468
33307550
33063117
32812051
31729305
Fatemeh Roozbeh
37123173
37123173
36685600
35800504
35783616
33857308
33338232
31994788
29445695
25774270
18813412
 Reza Alizadeh-Navaei
37158791
37158791
36974534
36853294
36789642
36721833
36685600
36619762
36597665
36466398
36407347
36328249
36308387
36253515
36239721
36228485
36211984
36117906
36057754
36053466
36043555
 Akbar Hedayatizadeh-Omran
37330941
37330941
37231904
36974534
36308387
36253515
36017940
35092389
34728696
34460132
34433188
34253946
34170477
33945642
33438443
33425271
33369264
33338232
33079703
32986360
32874436
 Amir Shamshirian
36685600
36685600
34460132
34322971
33381544
33338232
33332726
33283842
33268238
33129287
33079703
32116427
31802228
31619795
31560378
31558995
31358480
31250444
34466514
30513064
30421960
Anahid Nourian
34837648
34837648
33525212
32862111
32857301
32735529
32655019
32420958
31650505
29775083
28114798
 Hossein Khalili
37366575
37366575
37140271
37140270
37023441
36944357
36880215
36565357
36054303
35924671
35440328
35313272
35145690
34872571
34837648
34794467
34670350
34641753
34636306
34463929
34139953
 Zahra Ahmadinejad
37102662
37102662
36746522
35903614
35276467
35209824
34872571
34794467
34540155
34296828
34269648
33957992
33892721
33525212
33521624
33260140
33243134
32853672
32726296
32652912
32518594
 Hamid Emadi Kouchak
35276467
35276467
34837648
33639632
33525212
32853672
32809963
28112525
26870140
26465919
25307669
19287835
 Sirous Jafari
37192854
37192854
36880215
35777597
35677310
35313272
35276467
35201518
35103434
34872571
34837648
34794467
34084486
33680392
33603991
33525212
33155917
32853672
32726296
32683358
31889503
 Sayed Ali Dehghan Manshadi
33525212
33525212
 Mehrnaz Rasolinejad
33525212
33525212
21526097
 Abbas Kebriaeezadeh
37218452
37218452
36037210
35984534
35708747
35578191
35403966
35387822
35321374
35235078
35194431
34447905
34400958
34400946
34309108
34119894
33663387
33525212
32884917
32375767
31976771
Babak Sayad
37255960
37255960
36817340
35898745
35639648
35361161
35082876
34951152
34869917
34252988
34250104
34241899
34061431
34037760
33857308
33579274
33083572
33047789
32598204
32569788
32387040
 Reza Khodarahmi
37259218
37259218
36868163
36816873
36755431
36640210
36386916
36166619
36108405
36049563
36048129
35675001
35579152
35361161
35140246
35020856
34961452
34622047
34411552
34037760
33662896
 Farid Najafi
37481550
37481550
37479987
37474607
37367639
37256886
37229955
37217853
37198557
37109158
37087508
37085814
36974582
36908910
36875419
36750800
36746422
36727965
36611151
36581825
36447557
 Ronak Miladi
35639648
35639648
35140945
34619013
34037760
 Zeinab Mohseni Afshar
37434543
37434543
37326220
37165585
37064735
36766664
36762373
36483855
36385246
36300183
36254380
36214611
36181343
36106524
35991338
35898745
35687259
35662780
35639648
35621229
35512088
 Feizollah Mansouri
37255960
37255960
35639648
35618640
35322547
35284353
34677889
34037760
33083572
31532050
30539704
24879072
24049618
24009944
24009932
22624083
22087114
24024019
21039003
23100940
 Zohreh Rahimi
37422485
37422485
36966459
36718304
36605456
36017197
35639648
35471616
35361161
37091040
34869917
34861061
34527049
34455196
34282371
34261187
34235221
34061431
34037760
33993057
33964050
 Maria Shirvani
35639648
35639648
35140945
35082876
34037760
29430726
23087761
 Mehdi Salimi
37064739
37064739
36727886
36631902
36157976
36043055
35639648
35214928
35082997
34584833
34037760
30883334
26909616
25469135
23949302
 Siavash Vaziri
37255960
37255960
37072909
36927446
36537311
36471421
36088413
35786240
35643394
34733557
34250104
34037760
33815716
33607952
33088446
32944583
32296621
31477096
31114630
30214101
29910856
 Alireza Janbakhsh
37255960
37255960
36762373
35322547
35013709
34677889
34619013
34250104
34241899
34197678
34037760
33857308
33531035
29910856
28688377
28610402
28286614
25709661
24987585
24879072
24009944
 Fatemeh Khosravi Shadmani
37474588
37474588
36817340
36694168
35969343
35361161
35260597
34816694
34728645
34649245
34037760
33461578
33298151
32787796
32332142
31336521
30815398
30763320
30484985
30130948
29653165
 Arezoo Bozorgomid
37417729
37417729
37255960
36817340
36710305
36653794
36494066
36343016
36249111
36046563
35622829
35394635
35361161
35337312
34849326
34598409
34475657
34252988
34178787
34178779
34037760
 Mohammad Hossein Zamanian
37308752
37308752
36537311
36214611
36088413
35461173
35144631
34037760
33531035
32188486
28717368
 Mandana Afsharian
37255960
37255960
36653794
35763214
35013709
34733557
34250104
34197678
34037760
31532050
31477096
29910856
25709661
24879072
24009944
24009932
23825992
23087761
22087114
24024019
23100940
