Ke Wang
37485000
37485000
37477529
37475310
37471051
37458297
37453002
37452381
37452198
37447347
37440217
37439476
37436613
37431044
37431008
37423931
37423306
37420964
37396654
37385310
37385005
 Zhiguo Zhang
37483231
37483231
37467745
37467424
37429603
37397721
37322862
37307413
37290168
37285261
37271100
37219219
37217503
37214585
37196107
37175101
37154077
37125453
37123234
37122451
37107415
 Muqing Yu
37144990
37144990
35862274
34992604
34547678
34389541
33898856
33614032
33071977
32870015
32788884
32626720
32497297
32328724
32294485
29201166
24112150
23771653
23614701
 Yu Tao
37478036
37478036
37473475
37467982
37463080
37455181
37448527
37447795
37445165
37441425
37438271
37437039
37433398
37421658
37405051
37393299
37391671
37384477
37372044
37365998
37353098
 Min Xie
37457545
37457545
37431300
37417750
37398473
37368385
37358299
37337277
37336155
37331684
37301626
37294710
37292746
37292090
37268237
37237570
37235809
37232271
37188268
37175307
37169791
Stephen Su Yang
36482722
36482722
36469448
36224507
35485632
35322698
35211876
34559371
34257090
33484842
33403619
33237340
33234586
33189533
32676995
32394335
32114073
31916118
30826789
27242353
26694270
 Jed Lipes
36469448
36469448
36307749
36224507
35211876
34646346
34312822
34257090
33484842
33403619
33234586
33189533
32394335
31204130
30170678
30062308
28271386
24552224
23936881
23817820
23108608
Lei Zha
37106536
37106536
36830183
36567550
36522897
36290042
36132359
36104573
36067563
36051574
36012807
35677853
35367511
35314267
35310590
34872322
34781901
34374953
33068293
32849404
32753745
 Shirong Li
37460553
37460553
37434913
37422097
37354813
37175112
37124548
37063533
36969014
36938402
36924014
36906969
36905946
36866237
36827679
36821871
36741234
36504438
36471965
36471963
36471961
 Lingling Pan
36716009
36716009
36459089
36388690
36379691
36290042
36125044
36104957
35831643
35758611
35581074
35496956
35367511
35314267
34781901
34696714
34675012
34532095
34496793
34374953
33743586
 Boris Tefsen
36830183
36830183
36791553
36632703
36290042
35980128
35427828
35367511
34883180
34781901
34374953
33735628
33068285
32652163
32582529
32570102
32473229
32470672
32266987
32006240
32000128
 Yeshan Li
35513619
35513619
33292806
32564637
32266987
31061894
30596560
28963930
27101925
 Neil French
37312047
37312047
37173105
36963090
36925176
36797259
36724074
36703117
36442498
36210249
36029796
35983828
35703302
35697438
35691100
35649181
35456090
35135765
35063113
34941865
34794434
 Liyun Chen
37279067
37279067
37000635
36897251
36778224
36764762
36737644
36506551
36414625
36246409
36214495
36105799
36075594
35965801
35929206
35784738
35632595
35081358
35022555
35022507
34932474
 Gang Yang
37485353
37485353
37484321
37478750
37453357
37435065
37434012
37409161
37370109
37348221
37293279
37285927
37279248
37269285
37268646
37261725
37247428
37241684
37225477
37221974
37216158
 Elmer V Villanueva
35780457
35780457
32266987
32006240
22029715
21658167
20871426
18380014
18194528
17915032
17767435
17685946
17388824
17339310
17199710
17012912
15316063
15251035
Francesco Salton
37454154
37454154
37343288
37334363
37296759
37259452
37185727
37025914
36669936
36611347
36553122
36356972
36324683
36292237
36186790
36174210
36015181
36013561
35907116
35806862
35805179
 Paola Confalonieri
37343288
37343288
37334363
37315558
37296759
37259452
37185727
37109752
37025914
36669936
36611347
36553122
36356972
36174210
36015181
36013561
35806862
35805179
35683340
35645386
35330029
 G Umberto Meduri
36356972
36356972
35732834
35723686
35683340
35317360
34375047
34366052
33876268
33507321
33422204
33422200
33317385
33150472
33072814
33026460
32809870
32745524
32426753
32390938
32033647
 Pierachille Santus
37313643
37313643
37266791
37217883
36949965
36931574
36766515
36615179
36498759
36423458
36206959
36177781
36103083
36012941
35956070
35868478
35830597
35722753
35499468
35468602
35423001
 Sergio Harari
37314640
37314640
37310710
37277547
37204783
36966265
36944811
36857649
36731901
36166334
36090992
36057620
36002171
35968565
35867647
35831007
35671002
35618281
35596103
35487533
35453983
 Raffaele Scala
37457625
37457625
36691710
36445246
36356972
36088100
35814307
35580898
35367988
35361632
35182522
35016522
34720022
34679452
34649974
34629630
34606187
34530132
34333389
34269554
34102641
 Simone Lanini
37315558
37315558
37306318
37226579
36906119
36902277
36793121
36356972
36356606
36347428
36184918
36153335
35995780
35793776
35659257
35514955
35477725
35366316
35329872
35160328
34737309
 Valentina Vertui
36498905
36498905
35678672
35612768
35349417
35238770
34299359
33072814
 Tiberio Oggionni
36857649
36857649
36557592
36057620
35313890
35265706
35018336
34744429
34442406
33809111
33589885
33072814
32994835
32629788
32133362
31526864
28720146
28257817
27329400
27095000
26209391
 Antonella Caminati
37324135
37324135
37310710
37204783
36966265
36857649
36090992
36057620
35671002
35596103
35453983
35313890
35265706
35103898
35059991
34744429
34726093
34515212
34320649
34044410
34003121
 Vincenzo Patruno
37297869
37297869
36836816
36836612
36669936
36601173
36434939
36332640
35972058
35949584
35725464
34738567
34585561
34579993
33755815
33506312
33481096
33072814
24373628
22137426
17494789
 Mario Tamburrini
37430219
37430219
36356972
36292061
35822729
34327579
34296833
33835685
33804084
33746437
33072814
32764117
32696627
32657108
32447948
32138472
31898623
31681530
31194162
30603608
 Alessandro Scartabellati
35464745
35464745
34515212
33765013
33072814
33046317
32977101
32794585
32774118
32471703
32409587
22114470
 Mara Parati
35313890
35313890
33072814
 Massimiliano Villani
33072814
33072814
28666965
19267096
 Dejan Radovanovic
37414133
37414133
37266791
37077548
36931574
36766515
36498759
36423458
36103083
35956070
35907116
35722753
35468602
35423001
35075381
34945060
34893960
34830728
34784300
34626830
34571145
 Sara Tomassetti
37332746
37332746
37210339
36873871
36849229
36602845
36559035
36544352
36474460
36366465
36117239
36066734
35710261
35536727
35480063
35418487
35353660
35301248
35155484
34900002
34872668
 Claudia Ravaglia
37419446
37419446
37332746
37210339
36873871
36594222
36517177
36398454
36356972
36117239
35740354
35710261
35418487
35353660
35301248
35120610
34750300
34739359
34397611
34336157
34318690
 Venerino Poletti
37332746
37332746
37290416
37210339
36883981
36873871
36655227
36602845
36594222
36549714
36398454
36396522
36356972
36117239
36066734
35969190
35864056
35747227
35740354
35710261
35652243
 Andrea Vianello
37458906
37458906
37298409
37108123
37103058
36989607
36983294
36902623
36803940
36793651
36669936
36633404
36556081
36441593
36356972
36251528
36249759
36086492
36031308
35854871
35852080
 Anna Talia Gaccione
36356972
36356972
33072814
 Luca Guidelli
36356972
36356972
35814307
35367988
34679452
33964874
33207357
33072814
32747398
 Rita Raccanelli
33072814
33072814
32003743
31655322
31638363
30067787
27598467
26549785
26392766
25510483
23365741
15698477
 Paolo Lucernoni
36356972
36356972
33072814
32352423
 Donato Lacedonia
37302161
37302161
37261121
36983436
36899998
36835481
36832153
36829744
36818458
36754042
36671757
36646100
36547106
36454535
36378480
36356972
36294979
36291293
36284319
36160177
35986523
 Maria Pia Foschino Barbaro
37445397
37445397
37373648
37302161
37261121
37063895
36983436
36942681
36671757
36547106
36454535
36378480
36356972
36294979
36291293
36284319
36160177
36090719
35986523
35926759
35912808
 Stefano Centanni
37441345
37441345
37389900
37379825
37309878
37217883
37210543
37009610
36931574
36894471
36857649
36829456
36780055
36693335
36650704
36628317
36553114
36498759
36423458
36387835
36382809
 Michele Mondoni
37389900
37389900
37379825
37217883
37048802
37009610
36931574
36894471
36857649
36832290
36829456
36693335
36650704
36553114
36498759
36382809
36366821
36356972
36123592
36057620
35908987
 Matteo Davì
 Alberto Fantin
37463832
37463832
37447211
37366900
37297869
37109171
37004221
36836816
36836612
36769705
36669936
36601173
36358790
36332640
35972058
35925389
35863518
35302273
35160263
34984159
34834472
 Xueyuan Cao
37292151
37292151
37112926
37072493
37022606
36992320
36929085
36689724
36688082
36590206
36386930
36176732
36111891
36077608
36051102
35561521
35135494
35097120
34990262
34723893
34696393
 Lucio Torelli
37012108
37012108
36923438
36794079
36010025
35965264
35564801
35195275
34951080
34742343
34624628
34548710
34441777
33970896
33777856
33558599
33133968
33072814
32486238
32456295
32449407
 Antonella Zucchetto
37439706
37439706
37199129
37067157
37034005
36807650
36805885
36711490
36585917
36456002
36356972
36349541
36266272
35883678
35745876
35740661
35722801
35484662
35277855
35158933
35108412
 Marcella Montico
37376576
37376576
37295250
37242766
36356972
36202181
34755649
34700133
34137321
33482895
33072814
32574216
32546390
32387487
32202020
31743371
31197119
31073343
30916514
30840695
30673720
 Annalisa Casarin
33072814
33072814
28734823
26744267
28979415
25982544
25029141
25028943
24479583
24417431
 Micaela Romagnoli
37210543
37210543
36420737
36387835
36356972
36117962
35887810
35769575
35183167
34779269
34768352
34434947
34049831
33717159
33209910
33072814
32921714
32511678
32439734
32400074
31938568
 Stefano Gasparini
37430219
37430219
37057081
36714142
36693327
36673059
36648877
36474461
36428837
36388891
36318890
36213673
36012892
35793645
35698945
35483329
35312538
34943414
34916324
34750298
34679633
 Martina Bonifazi
37430219
37430219
36882834
36693327
36648877
36554568
36474461
36380693
36229045
36213673
36012892
35961616
35831204
35483329
35312538
35270205
34916324
34888159
34750298
34679633
34348724
 Pierlanfranco D’Agaro
 Alessandro Marcello
37355023
37355023
36992221
36894671
36507680
36249044
35746629
35526297
35172194
35112893
34817214
34726663
34490732
34476394
33946304
33883675
33713730
33509990
33448629
33072814
32810737
 Danilo Licastro
37440346
37440346
37257228
36983075
36918542
36899678
36552714
36551747
36507680
36249044
36070700
35905737
35665445
35569273
35216190
35205294
35203624
35112893
34817214
34417349
34398481
 Barbara Ruaro
37466345
37466345
37343288
37296759
37259452
37242435
37185727
37109752
37047229
37025914
37023924
36980318
36813476
36669936
36611347
36553122
36548528
36471674
36356972
36324683
36292237
 Maria Concetta Volpe
37454154
37454154
37025914
36894671
36358725
35805179
34916483
34435038
33806395
33158808
33072814
30925805
 Reba Umberger
35723686
35723686
34719705
34463349
33560634
33072814
32947467
32740196
32282570
31593071
31519218
33415243
29319376
29216435
29194173
27902658
26836603
26039648
25650495
24295185
21812005
 Marco Confalonieri
37454154
37454154
37343288
37334363
37296759
37259452
37242435
37185727
37047229
37025914
36959233
36813476
36669936
36611347
36603696
36553122
36498710
36382240
36356972
36324683
36292237
Yinzhong Shen
37286922
37286922
37085231
37026863
36782323
36685921
36441484
36309305
36187617
36062074
35637337
35579892
35219884
35130974
34999246
34732614
34588390
34318871
34307187
34281390
34158238
 Fang Zheng
37467690
37467690
37454215
37429826
37421630
37404751
37368392
37349332
37341462
37329879
37312205
37308847
37272674
37230023
37205909
37198164
37195736
37183760
37175757
37173750
37146305
 Danfeng Sun
37478948
37478948
37374852
37195082
36679748
35309733
34549727
33035937
32684087
32573353
32351554
34691992
31641208
31515468
31414602
30856429
29691141
29419861
29416026
29374066
29039562
 Yun Ling
37443424
37443424
37434480
37420335
37415511
37341660
37334841
37329712
37262997
37257299
37249178
37203559
37179192
37111986
37095086
37093185
37067827
37000349
36949347
36924630
36879549
 Jun Chen
37484369
37484369
37482681
37482600
37481997
37480074
37468667
37460871
37458306
37456842
37453348
37453333
37452473
37451810
37448515
37446745
37440424
37437359
37437245
37434274
37428468
 Feng Li
37484373
37484373
37479877
37478430
37477629
37470116
37466303
37465027
37464447
37462692
37461690
37461034
37460620
37459265
37455452
37454686
37447771
37442191
37437852
37437614
37435540
 Tao Li
37484252
37484252
37484015
37476383
37476192
37475351
37474520
37470767
37468270
37464413
37460531
37458756
37454871
37446479
37445138
37443193
37439298
37430470
37426488
37424829
37424465
 Zhiping Qian
36992343
36992343
36969896
36712653
36626326
36569093
36345143
36159019
36081337
36052222
35875559
35037228
34869500
34869468
34758747
34668629
34532334
34468963
34412498
34409052
34249983
 Yuyi Zhang
37484905
37484905
37389766
37032783
37010326
36999445
36903087
36802635
36750610
36733884
36712653
36518663
36203089
36082417
36030397
35610968
35469019
35424877
35389232
35197503
36654204
 Qingnian Xu
36109709
36109709
34668629
33148005
32671131
32573353
32391667
32275643
32171869
28680448
27293460
26896597
26848866
26760979
26572488
26506519
26221327
26175398
26136615
25798051
25247194
 Li Liu
37485877
37485877
37484938
37484822
37482573
37482304
37478041
37476494
37474710
37471384
37469864
37466395
37466182
37465451
37463561
37462398
37462246
37461672
37459834
37458069
37456862
 Qin Huang
37467291
37467291
37455909
37438919
37407578
37404717
37379216
37371571
37355667
37339320
37244995
37183631
37146415
37142764
37138649
37128144
37008926
37008205
36978686
36970757
36923026
 Fei Shan
37474690
37474690
37434202
37273199
37180833
37116240
37114845
36877996
36714343
36620591
36566193
36514056
36459600
36389319
36387230
36376427
36338639
36314176
36268179
36243807
36228127
 Lie Xu
35746126
35746126
34668629
34149679
32573353
30996404
29330291
27314417
26875529
26871820
22780937
22390740
20935710
20589065
18097578
 Jun Wu
37478861
37478861
37470100
37464248
37462927
37461148
37461019
37451164
37420882
37416973
37408587
37406707
37405564
37397872
37357545
37355136
37355114
37351840
37348221
37343565
37340206
 Zhaoqin Zhu
36744910
36744910
36505092
36476489
36100957
35891311
35865921
35848857
35641062
35514964
35254403
35132229
35041922
34792340
34734737
34722341
34659204
34623792
34581586
34561618
34307187
 Zhigang Song
37381224
37381224
37376512
37312006
37075488
36935138
36926838
36921563
36712915
36704486
36537371
36522791
36512727
36465348
36408137
36282376
36253911
36206337
36151450
36084503
35921553
 Shenyang Li
37311786
37311786
37147286
37076478
35562005
34568299
33510093
33342057
32573353
32442756
31075513
28417577
25428126
23804447
22622461
22344686
19710628
19232385
15814532
15280156
14612380
 Yuxin Shi
37392260
37392260
37387285
37318854
37304906
37193249
37176865
37037249
37031579
36959751
36774341
36662150
36656084
36625741
36575881
36470654
36464364
36389319
36337961
36230547
36215885
 Jianliang Zhang
37452089
37452089
37095086
36973451
36801952
36769989
36513743
36499813
36451965
36403908
36389227
36284638
36245812
36239914
36015806
35935296
35567369
35412080
35250371
35009320
37197312
 Xueyun Wu
37269195
37269195
37069780
36766518
36317487
36310522
36161787
36148856
35974239
35023623
34851037
32813496
32573353
31987173
31655638
31365770
31280375
30238194
26004975
24724307
22524093
 Joshua B. Mendelsohn
36888619
36888619
36564802
35473617
35416092
35279477
34904446
33934447
32573353
28572840
26566391
25885027
25880416
25048975
24915050
23748862
23110782
 Tongyu Zhu
37332779
37332779
37255423
37184280
36915661
36859428
36658472
36636832
36211389
36207299
36129287
36070781
35847060
35795483
35699239
35619579
35471480
35443747
35304437
35223891
34960610
 Hongzhou Lu
37484496
37484496
37459867
37331800
37324081
37254144
37245987
37245543
37181365
37100801
37034346
37032074
37026863
37024795
36990764
36937849
36928222
36915970
36782323
36685921
36682801
