Janice L Atkins
36921681
36921681
35709753
35567766
34903548
34431594
34371858
34171089
34038024
33684206
33510174
33427739
33231665
33017050
32687551
32676622
32671621
32623451
32616084
32511104
32451547
 Jane A H Masoli
37130591
37130591
36469092
36134646
35934320
35817230
35083771
34903548
34895305
34864828
34537278
33693504
33684206
33231665
33017050
32687551
32623451
32451547
32133525
30824915
30338453
 Joao Delgado
36298397
36298397
36134646
35915200
35700615
35669941
35556234
35335475
35329782
35315180
35174465
35074796
34989057
34903548
34715642
34537278
34455854
34361375
34127690
34043628
33684206
 Luke C Pilling
37368589
37368589
37254630
36986204
36921681
36469092
36182918
36134646
35709753
35567766
35083771
34903548
34495953
34431594
34171089
34038024
33684206
33510174
33427739
33231665
33017050
 Chia-Ling Kuo
37368589
37368589
37254630
37194285
37048388
36986204
36912674
36896473
36804393
36410621
36305223
36134646
36076358
36047688
36034747
35868952
35734279
35725988
35489708
35254555
35128530
 George A Kuchel
37464278
37464278
37463319
37389519
37375583
37254630
37216041
37131707
37131271
37001528
36986204
36909933
36863310
36685324
36626035
36410621
36398033
36338834
36322713
35999604
35970715
 David Melzer
37254630
37254630
36921681
36134646
35709753
35567766
35083771
35074796
34903548
34495953
34431594
34171089
33684206
33510174
33427739
33231665
33017050
32946561
32797154
32687551
32676624
 Anne B Newman
37464278
37464278
37431156
37386913
37325965
37325959
37220890
37183502
37168270
37155689
37036703
36993471
36975377
36965200
36962497
36882434
36754371
36752218
36660892
36637077
36617406
Angelo Bianchetti
36070064
36070064
35332761
35221646
33411332
33262713
33173526
32918696
32654005
32392496
32026420
30958367
30178442
30092581
29982365
29858986
29206286
28579352
27802513
27776263
27430902
 R. Rozzini
32444493
32444493
28747446
12826743
12675100
9088383
8940653
 F. Guerini
36884068
36884068
36375271
35818852
34547184
34495458
34417912
34365647
33964276
33462752
32458089
30052269
29877614
29748847
28477703
28445677
27545871
27329641
27180975
27123695
26779543
 S. Boffelli
37028407
37028407
36766329
35633935
34642307
34556655
33127893
32510106
31754017
30949159
30645582
27802513
27733558
27539146
26948186
26519295
26302831
26076733
25520563
25220261
24558263
 P. Ranieri
37115724
37115724
37109295
36949388
36867561
36825260
36629802
36612926
36607178
36605752
36562906
36553736
36547379
36547119
36507928
36463178
36394379
36379641
36342644
36291854
36267259
 G. Minelli
37373658
37373658
37260975
37080571
37068951
36761931
36760482
36706689
36548528
36363618
36230758
35459745
35354265
35247771
35173816
34794031
34359705
34132174
33728380
34066094
33745946
 L. Bianchetti
36762372
36762372
36139097
36070064
36047549
36018069
35821131
35805120
35474586
35177815
34611536
34592758
34277900
33925932
33572785
33182508
33139236
33054094
32697061
32479658
32429568
 M. Trabucchi
30696851
30696851
29259560
29132366
27877137
27346621
26286892
26282373
24465417
22442700
18420471
18340624
17006442
16437658
11980276
11938689
15374168
3703917
6209687
6697225
6268249
Yan Wan
37470193
37470193
37283300
37267672
37229248
37209930
37206394
37150633
37096501
36796235
36764133
36748222
36737927
36683879
36673842
36646067
36617685
36585388
36572504
36448225
36444567
 Juan Wu
37480342
37480342
37475007
37463058
37459833
37442772
37438830
37405602
37396201
37359274
37351348
37342922
37325062
37303639
37278491
37263665
37238858
37176518
37152649
37152574
37138748
 Lihua Ni
37096235
37096235
37022639
36826575
36597492
36581059
36210998
35721745
35569444
35210424
34777695
34674704
34394833
33609746
33519531
33500643
33189731
33149805
32968633
32764988
32623640
 Qinqin Luo
36862895
36862895
36090290
35903806
32561692
28774127
27536538
27446555
24796045
 Cheng Yuan
37433355
37433355
37429894
37404251
37403054
37391845
37387559
37377486
37342809
37336101
37326746
37293802
37284065
37274813
37267429
37257347
37255541
37236463
37229452
37211313
37199241
 Fang Fan
37447326
37447326
37337546
37317581
37311321
37199003
37182437
37094855
37043049
36981933
36942927
36933470
36917899
36821140
36813679
36764364
36764123
36684951
36586615
36496741
36470165
 Hong Liu
37486316
37486316
37485547
37483931
37481305
37478057
37473786
37470691
37464951
37462269
37458515
37456320
37453493
37452682
37452385
37446723
37433653
37429265
37425224
37425078
37420385
 Changjiang Zhang
36981335
36981335
36825421
35987147
35440630
35221713
34714030
34647944
34594406
34318750
33649311
33521746
33519531
33421384
33339346
33189731
33149805
32968633
32803714
32764988
32683902
 Yuandi Xiang
37343616
37343616
37190313
37153904
33336076
32764988
32561692
31062433
 Qin Xie
37486531
37486531
37421765
37351101
37161990
37065785
37027890
36779310
36610467
36597675
36343902
36267994
36233946
36221768
36204959
36195499
36134327
36127172
35944750
35906212
35841097
Robert De Smet
32674821
32674821
24215209
 Bea Mellaerts
34844791
34844791
32674821
31122775
30797530
 Hannelore Vandewinckele
32674821
32674821
19782911
19028203
 Peter Lybeert
32674821
32674821
29770734
29385901
 Eric Frans
33778634
33778634
32674821
29385901
25852900
19317287
 Sara Ombelet
36342000
36342000
32674821
31122775
30197991
29385901
26034594
 Wim Lemahieu
36342000
36342000
32674821
30197991
27055653
25852900
16469763
15888045
15698457
15200453
12484345
 Rolf Symons
37227329
37227329
35792682
34686407
34518887
34279022
34153414
33792661
33778634
33778576
33762175
33037912
32910323
32674821
32166494
32125636
31326993
31297633
31155485
31072517
30635819
 Erwin Ho
35876324
35876324
35459120
34846093
34762704
32742939
32674821
32564516
31482092
31122775
30514182
30204901
29964062
29385901
27498677
27342812
20369517
 Johan Frans
34728206
34728206
33778634
33778576
32910323
32674821
31662122
31491950
31122775
30514182
30204901
29427686
29385901
28238388
26407762
24918006
22578933
20181915
19748420
16342092
15472036
 Annick Smismans
33778634
33778634
32910323
32674821
31662122
31122775
30514182
30204901
29385901
24918006
22578933
19748420
18679655
16864641
 Michaël R. Laurent
Marcello Covino
37475841
37475841
37458581
37445476
37407898
37370355
37331563
37283508
37189762
37119081
37111513
36983588
36979685
36786263
36740934
36614856
36414876
36384245
36362592
36362106
36331707
 Giuseppe De Matteis
37370355
37370355
37331563
37119081
36614856
36268000
36233655
35799126
35659885
35274027
35206999
35120978
35054133
34987292
34768490
34656179
34364846
34256032
34216379
34209605
34126911
 Michele Santoro
37353235
37353235
37160334
36978500
36830363
36825373
36823678
36807730
36673691
36578513
36300660
36233391
36212041
36053618
35867669
35805212
35675091
35652051
35551511
35351164
35217704
 Luca Sabia
36233391
36233391
34261956
33710167
33710165
33399306
33022124
32918985
32516861
32409204
32228642
31764583
30531842
29931554
25791260
 Benedetta Simeoni
37119081
37119081
36983588
36414876
36294712
36233655
35885525
35659885
35580194
35120978
35118518
35078851
34850288
34364846
34209605
33676091
33669753
33572940
33533675
33500239
33197278
 Marcello Candelli
37444534
37444534
37374225
37371772
37189762
37189632
37120664
37111513
37111158
36979685
36851251
36837410
36769833
36744689
36679996
36672664
36430433
36362106
36295545
36294512
36293522
 Veronica Ojetti
37374225
37374225
37240771
37189762
37189632
36804460
36744689
36558947
36556059
36430433
36362611
36362106
36295545
36293522
36290110
36233391
36089784
35807040
35741266
35319389
35045564
 Francesco Franceschi
37475841
37475841
37445476
37444534
37407898
37374225
37370355
37331563
37301479
37189762
37120664
37119081
37115472
37111513
37111158
37108280
37035616
36983588
36979685
36851251
36804460
