Binglin Cui
36466884
36466884
34344018
31397579
31865299
27741941
25884513
24365492
24334944
22911779
17044977
16336835
12729321
 Dangui Zhang
37072783
37072783
37059972
37023439
35559035
35317814
35281269
35192520
33858389
32794464
32338289
31138869
29925360
29847822
25884513
25148526
24334944
23693026
22911779
20653952
20228833
 Hui Pan
37476834
37476834
37450969
37447278
37442901
37433648
37419511
37416903
37416902
37416900
37416899
37403619
37386313
37372585
37365987
37330578
37247611
37244177
37239376
37230214
37222504
 Fan Zhang
37485987
37485987
37481722
37470321
37469213
37467890
37465109
37464632
37461737
37460612
37459378
37457587
37456355
37453293
37451122
37446059
37441189
37440706
37439347
37438966
37431649
 Jeremy Farrar
37193713
37193713
36445971
35768431
35196425
35165453
34927119
34879193
34716320
34650248
34635377
34595018
34480864
34404735
34290438
34290390
34250907
34237296
34113035
34108716
33888633
 Frieda Law
25884513
25884513
24526763
24334944
23416661
22911779
19781387
17044977
16336835
 H Rogier van Doorn
37474237
37474237
37370273
37312047
37230105
37226893
37034632
36998027
36801013
36686271
36581706
36551408
36435844
36424459
36419738
36417035
36387375
36227390
36206776
36176331
36109025
 Beiyan Wu
36466884
36466884
36033509
35425700
34988026
32326888
31865299
25884513
26038441
22040969
21867637
19501064
18718076
18549633
17708801
17147229
17096906
16584600
15482673
 William Ba-Thein
37059972
37059972
37023439
35317814
35192520
33858389
31138869
29925360
29877173
29141717
27741941
27102190
25884513
25148526
24334944
23416661
22911779
19915327
19891731
19498301
18926921
Yifei Fu
37475363
37475363
37475042
37065781
36671052
36605803
36596781
36558243
36494895
36217650
36185749
36004755
35919372
35764608
35697665
35251907
35119084
34436866
34369096
34307363
28196637
 Lifeng Pan
37400498
37400498
37384704
37301868
37200917
37165562
37008941
36857448
36690833
36588115
35767907
35294289
34389544
34330769
34075030
33979649
33876242
33692357
33634751
33440964
32934080
 Qiao Sun
37463548
37463548
37451436
37212392
36866807
36609961
36405986
36405086
36251536
36227651
36084732
35974468
35932368
35808118
35795312
35771091
35472971
35388022
35256004
35247215
37323705
 Weiping Zhu
37219912
37219912
37039263
37023248
36858851
36827847
36820062
36577756
36560519
36421017
36276059
36083116
36065073
35925804
35866521
35842447
35729157
35691781
35582431
35485950
35310343
 Linying Zhu
37303664
37303664
36593503
35990428
35795460
33538385
31271748
28680421
28303890
28196637
27800029
27367010
27005546
25822885
25335780
22425957
18646276
 Chuchu Ye
36560519
36560519
34497077
33463732
33270473
32657548
32121519
31710904
31569475
30684745
30017609
29995561
28196637
28098539
27943329
27317431
27005546
25822885
22883260
21569723
21569721
 Caoyi Xue
36509511
36509511
34403292
33463732
32381124
30323290
29483945
28196637
28098539
27800029
25822885
25335780
 Yuanping Wang
37154518
37154518
37149964
37126162
36921657
36777628
36608499
36560519
36386125
36352851
36309289
36267540
36096262
36091592
35774302
35677364
35360739
35308242
34818773
34537280
34534827
 Qing Liu
37485875
37485875
37481747
37465353
37460562
37460335
37459750
37451755
37445165
37441686
37428436
37421528
37407586
37401964
37398933
37397527
37395046
37394065
37393762
37392407
37391429
 Ping Ma
37437884
37437884
37426065
37368682
37357671
37314138
37295329
37283977
37271331
37260501
37220545
37195212
37184871
37180575
37174701
37149721
37120221
37087226
37018853
37017025
36985349
 Huifang Qiu
37194137
37194137
37098520
36781508
35083573
31178047
25822885
25369461
 Srinand Sreevatsan
37440893
37440893
36422582
36239465
35118153
34498929
34498927
34355356
34137637
34016049
32741531
32390963
32321814
32187882
31868300
31634642
31634349
31362370
31251828
31096976
30962227
Safak Goktas
36580019
36580019
32637916
30238498
27894981
27800148
21991517
 Mumtaz Cem Sirin
35477227
35477227
34889189
32744459
32711928
32069258
27800148
27058337
21500722
Monika Jevšnik
 Andrej Steyer
37283926
37283926
37110383
36985353
36557771
36557645
34730843
31176029
30176848
30036977
29552005
29178883
29025940
28726618
27698149
27374907
27276177
27171141
26569289
25938747
25663146
 Marko Pokorn
37354239
37354239
37255317
37185174
36985353
36866956
36756304
36689005
36638404
36538525
36377567
36269427
36243780
36240431
36178539
35921337
35880542
35796793
35046001
34862345
34752936
 Štefan Grosek
37307377
37307377
37214586
37131309
36985353
36740819
36638404
36597568
36143930
35776664
35172834
35052821
35046164
34928992
34577442
34081190
34051705
33985014
33983274
33967559
33940964
 Franc Strle
37261350
37261350
37209716
37185174
36985353
36909473
36522270
36116832
35889002
35746738
35657098
35318928
35075993
34862345
34606609
34557857
34286689
34277474
34256207
34209373
33920166
 Lara Lusa
37189125
37189125
37127679
36985353
36078725
35318928
35202399
34574605
34277474
33920166
33562267
33412819
33412818
33112926
32722090
32169053
32088016
31683598
31121969
30878258
30407698
 Miroslav Petrovec
37376518
37376518
37033037
36992221
36985353
36638404
35891511
35642439
33920821
33838303
33601964
33178625
32998772
32766383
32687031
32381072
32277022
32088016
31357521
30553778
29944781
 Oliver Schildgen
37285063
37285063
36574907
35669098
35664836
35339503
35062216
34452325
34416257
34229622
34214517
34019463
33918104
33863474
33855064
33773991
33466537
33429831
33213555
32897895
32737190
Eeva K Broberg
37012081
37012081
35451364
34763752
34746078
34013874
33888523
33006301
32794443
32156327
32046815
31944604
31870905
31595876
31088600
30401013
29409569
16546713
16250892
15542666
15196670
 Matti Waris
37358372
37358372
37225867
37209691
37093085
37064222
37009280
36967681
36560734
36171547
36163516
36148959
35597507
35488185
35481830
35448522
35353361
35080443
35045784
34807515
34668741
 Kari Johansen
35142401
35142401
35137512
35119149
35106885
34915976
33928901
31660536
29659149
29409569
29287683
29260605
29125681
28893473
28402808
25052448
24484415
24404128
23246544
23174196
21854312
 René Snacken
 Pasi Penttinen
37018033
37018033
37012081
36323422
35142401
35137512
35119149
35106885
34622760
34596019
33818348
33446304
32624252
32586885
32258201
32197059
31944604
31796152
31660536
31595876
31328711
