Michael G Argenziano
37215957
37215957
37142563
36865302
36243020
35732128
35484611
34818553
36284916
34151678
34083350
33396668
32511507
32471884
23117314
 Samuel L Bruce
34083350
34083350
32511507
32471884
32202494
29589844
27435631
 Cody L Slater
34083350
34083350
32511507
32471884
 Jonathan R Tiao
35513317
35513317
34398095
34083350
32511507
32471884
 Matthew R Baldwin
37294143
37294143
36448205
35997501
35467698
35446789
35380942
34905515
34543591
34441819
34341789
34126018
34125696
33927016
33765436
33315210
33298583
33227237
33154590
33004237
32925259
 R Graham Barr
37470492
37470492
37425716
37351609
37268414
37263750
37217548
37202153
37199731
37199719
36977360
36914875
36790913
36746961
36711663
36707189
36702996
36690926
36602845
36599095
36477530
 Bernard P Chang
36923965
36923965
36754732
36669911
36592534
36592367
36408353
36324797
36127540
35921024
35861760
35505927
35302460
35249665
35079731
35061045
34984412
34918181
34723346
34400405
34245649
 Katherine H Chau
37380225
37380225
35367168
35367049
35353119
34483095
33663731
33516690
33312903
32511507
32471884
32441856
32432652
32408979
31711153
31066860
30829416
28797024
26888209
26577896
24942201
 Justin J Choi
37443416
37443416
37382500
36952085
36739706
36480457
36454201
36327865
35756895
35277828
35167610
34997392
34741892
34646911
34641741
34491306
34247320
34131192
34100231
33984883
33894109
 Nicholas Gavin
36976611
36976611
36669911
35914207
35492001
34810075
33676790
33012341
32962902
32616284
32511507
32501486
32471884
32356955
32354529
31992301
31753278
31753277
29880410
29763535
27908509
 Parag Goyal
37478895
37478895
37410623
37403029
37318420
37294244
37260084
37251229
37247753
37186680
37185634
37172035
37100487
37019746
37003081
36993687
36972280
36948539
36926994
36923367
36878055
 Angela M Mills
37348746
37348746
37313983
36922265
36205680
35848885
35717274
35543712
35492001
34860436
34642645
34187613
33676790
32851144
32704586
32511507
32471884
32407561
32354529
31637349
31593525
 Ashmi A Patel
32511507
32511507
32471884
 Marie-Laure S Romney
32511507
32511507
32471884
32356955
23657809
 Monika M Safford
37410623
37410623
37403029
37378472
37341980
37330205
37184581
37147587
37122490
37099412
37082942
37061162
37052867
37003081
36993687
36972280
36817226
36815290
36807850
36800060
36792277
 Neil W Schluger
35969590
35969590
35895414
35235818
35156046
35100099
35085469
35050357
34784493
34590041
34543582
33362262
33282203
33165545
32716633
32673059
32511507
32471884
32379955
32275978
32255413
 Soumitra Sengupta
37203669
37203669
33709066
33706377
33186458
32511507
32471884
31694054
25617209
24691532
20351897
18694057
18579843
18368146
18007335
17213496
16330242
16043075
14728314
12225074
11751801
 Magdalena E Sobieszczyk
37440227
37440227
37439063
37385888
37071333
36925721
36713413
36692921
36649543
36610390
36382116
36328002
36106642
36056997
35995954
35921642
35854989
35790190
35642519
35562373
35438522
 Jason E Zucker
36891182
36891182
36862506
36403584
36255273
36056997
35642519
34999821
34428777
34083350
33655278
33380209
32511507
32471884
 Paul A Asadourian
37399484
37399484
37163457
35943952
35582828
35539293
35513321
34963371
34545054
34510059
34210645
34059387
32511507
32471884
32356288
 Fletcher M Bell
32511507
32511507
32471884
 Rebekah Boyd
37425446
37425446
35984363
34972224
34279025
32511507
32471884
31856664
31176798
 Matthew F Cohen
32511507
32511507
32471884
 MacAlistair I Colquhoun
32511507
32511507
32471884
 Lucy A Colville
32511507
32511507
32471884
 Joseph H de Jonge
32511507
32511507
32471884
 Lyle B Dershowitz
35791723
35791723
34562462
32511507
32471884
 Shirin A Dey
32511507
32511507
32471884
30192253
29372399
29164795
 Katherine A Eiseman
35902867
35902867
34123422
33385774
32511507
32471884
 Zachary P Girvin
36752478
36752478
36056945
32511507
32471884
 Daniella T Goni
32511507
32511507
32471884
30625372
30205182
 Amro A Harb
36976348
36976348
34436522
34083350
33749656
32511507
32471884
32303102
32205493
 Nicholas Herzik
32511507
32511507
32471884
 Sarah Householder
36202507
36202507
35248030
32511507
32471884
32134961
32014538
28261663
27595140
 Lara E Karaaslan
33831046
33831046
32511507
32471884
 Heather Lee
36976863
36976863
36551655
36470920
36138051
35843975
35794943
35651714
35462562
35388081
34859392
34590786
34450044
34423366
34115867
33782526
33706733
33186096
33121346
33114584
32977931
 Evan Lieberman
33845391
33845391
33512753
32511507
32471884
32412412
30684702
30122532
26963380
21802809
20845862
 Andrew Ling
35236936
35236936
32511507
32471884
31883289
30072988
29204529
28215513
22295392
14655270
12489069
 Ree Lu
33086983
33086983
32511507
32471884
30504125
30257067
 Arthur Y Shou
36493681
36493681
32511507
32471884
 Alexander C Sisti
37248315
37248315
32511507
32471884
32322067
21658584
15775869
 Zachary E Snow
36481891
36481891
32511507
32471884
 Colin P Sperring
37215957
37215957
36865302
36864031
34269677
34083350
32511507
32471884
 Yuqing Xiong
37201909
37201909
37161996
36965328
36813166
36151215
36074295
35709678
35325880
35324017
35209922
34536821
34159349
33890621
33844915
33783528
33741330
33606918
33232930
33204321
32932978
 Henry W Zhou
36481896
36481896
35801656
35298320
35243167
34750314
34671463
34077532
32991499
32511507
32471884
 Karthik Natarajan
37479609
37479609
37394267
37333688
37227984
37203669
37181728
37128466
37046000
37034358
37026401
36935011
36921274
36920396
36806690
36683410
36580430
36458881
36415904
36264840
36255273
 George Hripcsak
37364547
37364547
37350899
37328600
37214819
37208468
37128436
37128407
37034358
36935011
36845321
36826399
36746961
36621880
36572279
36518108
36506524
36474423
36369178
36302597
36188566
 Ruijun Chen
37252274
37252274
37074788
36880288
36436476
35814832
35680274
35533093
34383798
34333606
34304580
34083350
33936484
33775125
33749656
33706377
33610813
33434273
33411620
33260271
33102420
César Caraballo
 Megan McCullough
37362384
37362384
37352241
36708309
36518045
36406296
35312466
35298514
35289730
35116208
35109778
34779779
37090015
34678137
34601970
34559093
34175102
34166799
34121525
33992564
33906631
 Michael A. Fuery
37052546
37052546
34854316
34743559
34166799
33997640
33992564
33714748
32997657
28688892
 Fouad Chouairi
37156331
37156331
36889986
36646197
36516178
35006249
34854316
34743559
34644277
34591847
34571040
34534730
34534665
34506639
34431324
34396329
34389855
34166799
34088415
34013736
33997640
 Craig Keating
33476420
33476420
33469595
32997657
 Neal G. Ravindra
36791208
36791208
36681388
36582513
35064122
34969497
34040048
33934542
33891889
33730024
33433624
33300011
33270648
33147444
33012378
32997657
32935108
32838371
32593561
32535119
32511382
 P. Elliott Miller
37387228
37387228
37318422
37204364
37178901
37158165
37156331
36974052
36889986
36871240
36661467
36648933
36646197
36521683
36516178
36458542
36442596
36238193
36029517
35862019
35849410
 Maricar Malinis
37379584
37379584
37085220
36484433
36374789
36345940
35684932
35583664
35412630
35307917
35212363
35184347
35064939
35064737
34988125
34969164
34786341
34544041
34514710
34453519
34412940
 Nitu Kashyap
37128468
37128468
36989915
36828654
36516969
36441366
36170336
36069915
35965473
35947362
34583962
34535009
34529684
34461322
33992566
32997657
31747710
30101337
22195106
 Allen Hsiao
37219901
37219901
37076950
36990854
36914528
36641814
36605620
36423933
35947362
35777918
35654885
34780997
34353651
34125206
33992566
33788846
33147644
33105045
32997657
32950400
32777381
 F. Perry Wilson
37454926
37454926
37423891
37395276
37285157
37273234
37263570
37223847
37198160
37119062
37052546
36976276
36896716
36700910
36670487
36583354
36531891
36493842
36085432
35963817
35948365
 Jeptha P. Curtis
37449567
37449567
37438035
37406870
37339237
37184436
37078339
36963741
36472194
36357014
36284680
36104219
36097450
36007567
35960632
35959677
35766293
35723018
35512918
35512858
35393108
 Matthew Grant
37283215
37283215
37061665
36965946
36900257
36718286
36358772
36307176
36269345
35971380
35760298
35595858
35531900
35299986
35253959
35167402
35105408
34888400
34578190
34448934
34420978
 Eric J. Velazquez
37468186
37468186
37212758
37212600
37210743
37191705
37160576
36796671
36648467
36493842
36223088
36051315
36041913
35947362
35932911
35599207
35476046
35445488
35385798
35272018
35181553
 Nihar R. Desai
37170479
37170479
37042289
37019577
36969953
36924641
36893934
36857997
36709525
36649391
36648933
36644876
36577629
36576372
36525668
36516178
36493842
36443632
36357140
36267039
36085432
 Tariq Ahmad
37486324
37486324
37396319
37371534
37346013
37265586
37052546
37041092
37019577
36889986
36754608
36739841
36726997
36695188
36671755
36644876
36634565
36561781
36537533
36516178
36493842
 Chiara Lazzeri
37388386
37388386
37310945
37124973
37103895
37019701
36946717
36879554
36461895
36300313
35856066
35733227
35722971
35404312
35120777
34937675
34798571
34722170
34538743
34369428
34260098
Jeremy A. W. Gold
37347923
37347923
37347805
37338176
37279517
37274390
37167192
37142095
37053126
37003477
36968955
36806646
36715156
36675840
36602932
36580418
36331124
36327164
36320193
36283187
36264836
 Karen K. Wong
37161700
37161700
37053126
36564152
36173766
36171057
35961858
35713923
35034671
34855817
34197283
34097050
33754981
33598716
33537363
32971532
32379729
31327470
32734184
30637056
30237148
 Christine M. Szablewski
35611690
35611690
34399086
34289272
33754981
33537363
33504612
33300579
33031365
32971532
32759921
32701941
32584797
32379729
31625859
28418302
26709840
25043408
 Priti R. Patel
35970421
35970421
35419540
35377396
33793457
33754981
33641684
33557965
33537363
33045256
32971532
32764025
32734247
32734215
32379729
32284161
32163381
32151430
31648799
31546256
31375298
 John Rossow
34780473
34780473
34578394
34571775
34487450
34264951
33754981
33537363
33114609
32984882
32971532
32877559
32379729
31025948
27787493
24533326
 Juliana da Silva
37410158
37410158
37404140
37343056
37307776
37243358
37164253
37140245
37120195
37087771
37030253
37019421
37018532
37016049
37003651
36966995
36877152
36869947
36738258
36656786
36639323
 Pavithra Natarajan
35789379
35789379
35670605
34968374
34499628
34351392
34173328
33754981
33537363
32971532
32971033
32379729
32324415
25122577
24115712
 Sapna Bamrah Morris
37437558
37437558
36703605
36660866
36327164
36264836
35951495
35934016
35670605
35237703
35120982
35093995
35034671
34988259
34968374
34849680
34499629
34499628
34351392
34237048
33861313
 Robyn Neblett Fanfair
36812382
36812382
36779489
36682053
36541646
35873284
35848572
34686283
36777404
34233691
34159857
33754981
33646890
33537363
33351530
33332299
32971532
32748940
32379729
32324723
31425397
 Jessica Rogers-Brown
36893044
36893044
35670605
35240921
34988259
34606398
34499626
34237048
33754981
33537363
32971532
32379729
32091939
26703674
 Beau B. Bruce
37384552
37384552
37209671
36280604
36201372
36166790
35608555
35580244
35259246
35195545
34932459
34788243
34788238
34529512
34462885
34271275
33909072
33871552
33857068
33767955
33754981
 Sean D. Browning
33754981
33754981
33537363
32971532
32379729
 Alfonso C. Hernandez-Romieu
37192216
37192216
36660866
35934016
35419540
35119459
34499629
34499626
34237048
33914727
33882121
33872542
33823119
33537363
32971532
32804790
32497996
32452888
32379729
31667202
31263730
 Nathan W. Furukawa
35791261
35791261
33793457
33646890
32894696
32748940
32379729
32376144
32364890
32324723
32196656
32027559
31730635
30344141
27994106
24311774
21968922
 Mohleen Kang
36089225
36089225
34671666
34295421
33237366
32379729
31060083
28824779
27938776
27895668
26925107
 Mary E. Evans
36921805
36921805
35670605
35658738
35589441
35485928
35257738
33864375
33857209
33751410
33482979
32853193
32763198
32758560
32633599
32472829
32421164
32379729
32053579
31895917
31895915
 Nadine Oosmanally
33754981
33754981
33537363
32971532
32584797
32379729
32099844
31855540
31758182
25763878
24832415
22287427
 Melissa Tobin-D’Angelo
 Cherie Drenzek
36757865
36757865
35235727
35085223
37207114
34662409
34660837
34644188
34399086
34289272
34043610
33900178
33864375
33830980
33754981
33630823
33537363
33504612
33300579
33031365
32971532
 David J. Murphy
37402869
37402869
37131200
37095669
36884247
36865943
36661456
36640713
36553103
36378032
35726982
35485450
35442436
35236722
35158215
35000213
34935405
34783599
34708113
34624203
34464544
 Julie Hollberg
35442436
35442436
33754981
36218452
33537363
32971532
32584797
32379729
30815150
 James M. Blum
36413783
36413783
34559819
34079945
33754981
33643427
33537363
32971532
32940444
32804790
32584797
32511599
32452888
32379729
31928388
31609258
31437248
30296750
30247176
29970159
29343292
 Robert Jansen
37453496
37453496
37032882
36990978
36975523
36939021
36921696
36567445
36477422
36400967
36154165
35705806
35563398
35459278
35430135
35283880
35061308
34782606
34452915
34360920
34316337
 David W. Wright
37171175
37171175
37082956
37079803
37006503
36963114
36932737
35919507
35729177
35533263
35508076
35252108
35161876
34788723
34721274
34363718
34223554
33876162
33690142
33630745
33620405
 William M. Sewell
32971532
32971532
32379729
 Jack D. Owens
32971532
32971532
32379729
26521537
19295039
16262135
 Benjamin Lefkove
33754981
33754981
33537363
32971532
32584797
32379729
23341885
21215310
19620773
18710373
18645030
17678422
17592550
17587572
15576369
 Frank W. Brown
33754981
33754981
33537363
32971532
32584797
32379729
16013910
 Deron C. Burton
35848105
35848105
33537363
32971532
32735202
32379729
31446052
27084287
26581434
26509274
24462406
24343615
24343611
24265484
24265480
22984118
22308579
21768757
21528791
20724687
19817618
 Timothy M. Uyeki
37484765
37484765
37424310
37346095
36949879
36790189
36687432
36610058
36600780
36502434
36284548
36253478
36150508
36082698
36056075
36049214
36030813
35996440
35749582
35141874
35138244
 Stephanie R. Bialek
36327157
36327157
36074486
34910739
32971532
32379729
32100696
31016324
29714163
29557247
29471326
29066580
28209771
28151899
27622686
27402515
27401134
27382600
27180114
26990759
26977081
 Brendan R. Jackson
37279517
37279517
37108910
36968955
36940442
36927602
36910694
36584109
36324324
36320193
36301746
36006889
35980866
35910521
35855002
35809801
35797187
35794945
35737571
35717660
35545229
Tian Gu
37159910
37159910
36942016
36876883
36805423
36540976
36403757
35961579
35345912
34780449
34400897
34329693
34319850
34269371
34049920
33988574
33875868
33805886
33619270
33115157
33084902
 Jasmine A. Mack
37415598
37415598
36463160
36148337
33805886
33632742
33328057
33084902
32793923
32793920
32506513
32130278
32051534
31929382
 Maxwell Salvatore
37425863
37425863
36626383
35877617
35714183
34529658
34417536
34314196
34098885
33963259
33805886
33303462
33279681
33084902
32991828
32875269
32793923
32793922
32793920
32607504
32587995
 Swaraaj Prabhu Sankar
33805886
33805886
33084902
32793923
32793922
32793920
 Thomas S. Valley
36952016
36952016
36951467
36726705
36587003
36454169
36260769
36007595
35940658
35901314
35793817
35568205
35379644
35357460
35177406
35108571
34847332
34592317
34328403
34062115
33826584
 Karandeep Singh
37397046
37397046
37318786
37044310
37010858
36927631
36895323
36810659
36749160
36256452
36256441
36253029
36087573
35667835
35657729
35638089
35459850
35430013
35373136
35181126
35177406
 Brahmajee K. Nallamothu
37294567
37294567
37256979
37182819
37100561
36939838
36931987
36913495
36857489
36704967
36503277
36442596
36419873
36382963
36323509
36300973
36248629
36170056
36089989
36000415
35763796
 Sachin Kheterpal
37188560
37188560
37124606
37094103
37068889
37014983
37010993
36819667
36687665
36643721
36542393
36520077
36450405
36271344
36197702
35960872
35857304
35839498
35835606
35696684
35691703
 Lynda Lisabeth
37485665
37485665
37313739
37099917
37054958
37046404
37045598
37037176
36961463
36459957
36335753
36244278
36134521
36115141
36056724
35924680
35834174
35690031
35652344
35379756
35361506
 Lars G. Fritsche
37425863
37425863
37113474
37090583
36942016
36835863
36819667
36777998
36777996
36739617
36626383
36415469
36283580
36240765
36152628
35965108
35953562
35877617
35726068
35710628
35614343
 Bhramar Mukherjee
37454540
37454540
37436712
37392070
37346757
37323925
37279208
37188560
37090583
37066239
37034792
37004857
36962545
36942016
36876883
36846211
36835863
36824903
36752637
36747865
36724304
Simon de Lusignan
37479286
37479286
37479283
37478103
37419525
37414035
37347268
37327029
37243797
37217539
37202870
37140052
37130611
37105747
36906152
36829359
36824392
36702574
36695484
36689337
36669966
 Jienchi Dorward
37461582
37461582
37120720
37001536
36962407
36944089
36796353
36575700
36566761
36250382
36126185
36094486
35440469
34713545
34610939
34388395
34329624
34192070
34145016
34119064
33704086
 Ana Correa
36959048
36959048
36937116
36680578
36383807
35997548
35947587
35830144
35595782
35123734
34944328
34730619
34287454
33386496
33206772
32800589
32777050
32663202
32422204
32416442
32299555
 Nicholas Jones
37419958
37419958
37419957
37307453
37290898
37230774
37230079
37218285
37186142
37131322
37071733
37042503
36922598
36862476
36785511
36682467
36646142
36604128
36589523
36572758
36543554
 Oluwafunmi Akinyemi
35869795
35869795
35343907
34557791
34337817
34004222
33605892
33218318
33077508
32858068
32763192
32661009
32570648
32484782
32422204
32299719
32240095
 Gayatri Amirthalingam
37478103
37478103
37384376
37336224
37256125
37124763
37080224
36990479
36924787
36916856
36851236
36735222
36534462
36383727
35959786
35858775
35836002
35803693
35720281
35659543
35475292
 Nick Andrews
37453440
37453440
37414791
37383247
37318811
37285378
37251335
37214873
37088964
37085049
37080224
37055303
37045683
37028454
36924787
36851236
36824392
36797259
36797097
36773896
36690561
 Rachel Byford
37479286
37479286
37327029
36906152
36695484
36534462
36197912
36073472
35861678
35786634
35405169
34990709
34405555
34004222
33739255
33605892
33557927
33462361
33218318
33112762
33077508
 Gavin Dabrera
37246147
37246147
37123814
37100176
36938806
36852580
36529456
36241977
36027903
35952712
35642474
35593163
35512232
35426357
35364023
35305296
35249272
35245941
35184201
35131679
35115075
 Alex Elliot
37479286
37479286
37155231
36919204
36774928
36534462
36495915
36063828
35742342
35562817
35486809
35409559
35314468
35082977
34886084
34749838
34740346
34737671
34405555
33739255
33605892
 Joanna Ellis
37012081
37012081
36824392
36824313
36538577
36063828
35960819
35585686
35531630
35233517
35115075
34990709
34873592
34405555
34400220
34386740
34296676
33942500
33870248
33870245
33739255
 Filipa Ferreira
37337422
37337422
37327029
37138643
37047407
36920577
36906152
36893841
36890580
36829359
36828184
36819384
36756030
36748018
36675763
36589169
36531910
36410419
36347499
36073472
36066268
 Jamie Lopez Bernal
37453440
37453440
37414791
37383247
37336224
37100176
36990479
36938806
36924787
36577202
36534462
36529456
36509743
36436536
36410008
36381141
36180428
35623379
35596946
35426357
35343907
 Cecilia Okusi
37327029
37327029
36534462
35960819
35909058
35861678
35605170
35405169
34004222
33605892
33306032
33112762
33077508
32858068
32484782
32422204
32240095
 Mary Ramsay
37453440
37453440
37409902
37386081
37356443
37336224
37331429
37318811
37259803
37085049
37055303
37028454
36924787
36916856
36706963
36577202
36534462
36509743
36436536
36410008
36381141
 Julian Sherlock
37130611
37130611
36906152
36162867
36048754
35584817
35486809
35405169
35361613
35343907
34990709
34934176
34825165
34622200
34557791
34468322
34312163
34042727
34042680
34004222
33939619
 Gillian Smith
37067448
37067448
36967315
36534462
36495915
36063828
35929640
35778553
35742342
35568493
35486809
35409559
35343907
35314468
35305085
35243043
35204145
35082977
34927074
34918135
34740346
 John Williams
37410766
37410766
37333287
37333212
37329881
37318217
37310982
37261717
37230884
37228424
37204454
37180542
37166550
37138747
37130611
37072534
37059625
37038310
36915055
36909542
36890533
 Gary Howsam
36695484
36695484
36534462
36302671
35584817
35405169
35361613
35343907
34990709
34557791
33605892
33557927
33077508
32858068
32661009
32484782
32422204
32393503
32240095
 Maria Zambon
37478103
37478103
37296153
37031689
37012081
36996872
36916856
36824313
36646142
36534462
36463902
36454718
36243024
36089104
36030813
35988572
35960819
35952703
35768083
35603265
35585686
 Mark Joy
37327029
37327029
37130611
36829359
36695484
36604823
36451705
36371664
36272418
36244382
36073472
36048754
36003039
35861678
35852840
35813092
35786634
35746918
35605170
35584817
35577349
 F D Richard Hobbs
37478103
37478103
37439218
37075078
36974678
36935200
36785511
36624489
36566761
36534462
36510220
36347531
36335970
36272418
36240168
36239137
36184768
36180455
36048754
35970827
35960819
