Chaolin Huang
37321233
37321233
37197655
36964546
36737007
36669700
36563943
36504959
36465627
36377589
36276838
36188433
36059472
35958873
35807717
35784642
35419371
35234623
35116556
34950119
34876996
 Yeming Wang
37434854
37434854
37369282
37337997
37321233
37026906
36828006
36716195
36478734
36188433
36093094
36045658
35748704
35611349
35568052
35355793
35345417
35317717
35234623
35155477
35074630
 Xingwang Li
37388929
37388929
37329905
37324081
37083265
37071534
36750637
36746345
36702236
36699448
36468021
36409451
36291307
36060150
36009934
35492695
35365808
35341173
35222513
35170409
35154615
 Lili Ren
37409968
37409968
37378522
37321233
37275765
37252111
37246325
37218108
37218019
37196129
37191515
37182102
37179120
37153704
37115917
37092817
37059987
37037791
37030459
37027968
37026872
 Jianping Zhao
37473504
37473504
37346551
37255213
37237310
37194612
37163068
37142578
37117273
37111842
37110567
37059987
37056936
37042826
37025008
37022025
36946608
36850124
36809694
36754276
36752798
 Yi Hu
37479200
37479200
37467367
37458833
37452727
37449971
37444234
37431434
37429528
37416771
37409118
37401413
37389238
37386359
37358680
37348164
37340201
37339215
37328779
37308490
37291975
 Li Zhang
37486420
37486420
37486153
37485882
37484525
37483523
37480014
37478270
37478238
37477378
37475116
37471667
37467977
37467357
37466874
37465924
37463493
37463246
37463001
37462709
37462215
 Guohui Fan
37321233
37321233
37204755
37056988
36795456
36226154
35990949
35928619
35883052
35513826
35473747
35433747
35401364
35385369
35155477
35074630
35001555
34872515
34583675
34534435
34222179
 Jiuyang Xu
37321233
37321233
36804909
36625734
36187745
35155477
35074630
34454673
34326192
34246397
33734013
33428867
33421381
33403736
33271074
33079200
33010835
33007478
32840287
32675205
32635916
 Xiaoying Gu
37321233
37321233
36744132
36619810
36316630
35898809
35755062
35697052
35678952
35611349
35602490
35568052
35563622
35458712
35345417
35219375
35155477
35131324
35074630
35054949
34950055
 Zhenshun Cheng
37448884
37448884
37186434
37074394
36925352
36907990
36863160
36852973
36497185
36044099
35755062
35428349
35355710
35332684
35108608
35002722
34873151
34539392
34517383
34315392
34152707
 Ting Yu
37482887
37482887
37385099
37375414
37340824
37340423
37335900
37333592
37329852
37328300
37284884
37270965
37261895
37257812
37256919
37243666
37243598
37218529
37202601
37189163
37181910
 Jiaan Xia
34454673
34454673
34379989
34355001
33522958
33167955
32631393
32200645
32187464
32167524
32105632
32007143
31986264
31368243
28224433
 Yuan Wei
37479506
37479506
37476942
37460872
37456304
37455079
37454562
37449493
37446537
37443030
37442135
37439870
37437160
37417966
37406171
37400468
37393818
37393242
37357223
37355762
37349531
 Wenjuan Wu
37457964
37457964
37390248
37374444
37325938
37296408
37290709
37241626
37240006
37232012
37216181
37186513
37182966
37179940
37170112
37121413
37110584
37055743
37054536
37018476
36845019
 Xuelei Xie
32187464
32187464
31986264
 Wen Yin
37483815
37483815
37455967
37418941
37379354
37378895
37312398
37308837
37264314
37233394
37223541
37190838
37187773
37186377
37182404
37167072
37161054
37113063
37029335
37016525
36976061
 Hui Li
37486036
37486036
37482605
37481223
37480786
37479889
37479639
37478758
37478188
37477105
37475506
37475064
37475063
37475062
37474742
37471657
37471643
37471263
37471187
37467387
37467131
 Min Liu
37485264
37485264
37483026
37481960
37481677
37480702
37480159
37479016
37478186
37477156
37474454
37474052
37468556
37467841
37466365
37466201
37464421
37457699
37456564
37452495
37451839
 Yan Xiao
37468005
37468005
37466749
37466158
37440308
37439923
37439787
37429558
37420156
37418854
37385357
37378522
37357387
37354441
37348568
37334070
37328934
37303679
37295640
37282788
37277052
 Hong Gao
37477228
37477228
37474867
37444310
37441493
37432892
37431213
37333963
37330093
37327511
37315670
37313579
37308423
37296072
37275647
37270931
37266413
37262161
37262156
37262146
37259829
 Li Guo
37485903
37485903
37481785
37480605
37480526
37479824
37479654
37478939
37475514
37458226
37454306
37453509
37447607
37441984
37440909
37439340
37437082
37434235
37427716
37423159
37422272
 Jungang Xie
37056936
37056936
36754276
36578523
36437626
36309899
35785161
35550579
35309511
35168451
35083875
35035670
34746180
34690806
34497752
34368225
33949204
33814982
33666250
33407543
33326955
 Guangfa Wang
37353059
37353059
37294146
37283786
37231445
37201123
37156734
36929680
36882820
36847254
36752798
36693330
36317759
36317750
36176735
36108598
35948453
35911750
35813714
35748174
35713422
 Rongmeng Jiang
37457852
37457852
36409451
36342811
35399246
35186107
35153846
34632732
34618327
34592958
34586608
33024057
32660627
32606209
32535730
32431566
32333248
32217104
32180140
32069255
31986264
 Zhancheng Gao
37480410
37480410
37059987
37029178
37004351
36863991
36844402
36805609
36677496
36646189
36601290
36550436
36514799
36474604
36357898
36201141
36176576
36120657
36070516
36003191
35966877
 Qi Jin
37442390
37442390
37425654
37423564
37376391
37376028
37370851
37367904
37356723
37351901
37210522
37187363
37186156
37185577
37156388
37142314
37142105
37061639
37060338
37032908
37030892
 Jianwei Wang
37480201
37480201
37480037
37473466
37468667
37464378
37443810
37440652
37425654
37424033
37423037
37409968
37397530
37386638
37381783
37378522
37371833
37349329
37340583
37337770
37323087
 Bin Cao
37484947
37484947
37452512
37415817
37369282
37356123
37349777
37348518
37330196
37321233
37318116
37307441
37302027
37245814
37241471
37228658
37196009
37154704
37153610
37149249
37126843
Yan Deng
37484020
37484020
37469156
37446501
37414112
37362323
37350944
37341830
37303047
37290480
37290415
37287461
37223486
37218647
37206101
37178387
37171889
37155995
37150515
37083119
37081130
 Wei Liu
37486293
37486293
37486127
37485249
37483732
37483544
37482216
37481642
37480842
37480824
37479883
37479446
37478666
37477905
37477531
37476544
37475699
37475073
37474525
37471311
37471173
 Kui Liu
37447143
37447143
37432567
37415713
37413892
37390401
37310231
37288356
37230221
37228630
37221763
37214676
37209099
37165405
37085915
37073508
37033217
37016988
36991687
36969005
36922738
 Yuan-Yuan Fang
37424797
37424797
37404003
36979192
36795477
36598679
35963949
35900687
35893334
35716343
35647168
35513760
35269884
35134114
34768288
34398420
33997941
33993395
33686961
33583279
33480056
 Jin Shang
37418789
37418789
37415092
37350299
37305570
37280774
37234808
37230975
37157016
36855117
36834898
36756185
36729175
36717773
36703132
36698192
36618948
36601003
36597627
36589853
36569195
 Ling Zhou
37485661
37485661
37457340
37456000
37455958
37427487
37423279
37417462
37415620
37406816
37347389
37298781
37285261
37284741
37270672
37263334
37206133
37192421
37105982
37091620
37063508
 Ke Wang
37485000
37485000
37477529
37475310
37471051
37458297
37453002
37452381
37452198
37447347
37440217
37439476
37436613
37431044
37431008
37423931
37423306
37420964
37396654
37385310
37385005
 Fan Leng
37483214
37483214
37458611
35450631
35337526
34364597
32345144
32209890
29597315
 Shuang Wei
37252972
37252972
37080277
36977362
36916181
36847422
36843138
36731795
36709909
36703553
36680394
36638784
36593875
36584441
36429116
36074232
35986707
35951164
35846768
35814829
35795546
 Lei Chen
37482167
37482167
37479203
37478070
37473535
37470038
37469031
37467590
37455734
37449220
37443102
37441500
37439635
37438282
37438270
37437715
37434054
37433772
37431636
37429051
37427580
 Hui-Guo Liu
37465819
37465819
37415620
36157538
35963949
35731442
33993395
32209890
32118640
32044814
30411173
30074205
28437280
28190165
27412517
26996481
26898509
26315086
26265609
26223916
26200444
 Pei-Fang Wei
36382560
36382560
Manoocher Soleimani
37200479
37200479
36901725
36856735
36336066
36142537
35893120
35881515
35601831
35525634
35216358
34216539
34110521
33536341
33514305
33054763
32893663
32726161
32380787
31658361
31561575
Luwen Wang
37243773
37243773
37077221
36966125
36925453
36226351
35923224
35817794
35765030
35703292
35633910
35378789
35065293
34951978
34676022
34660695
34602490
34427634
34276405
34180140
34061368
 Xun Li
37469390
37469390
37463966
37449121
37442867
37442529
37437411
37394982
37314123
37311103
37285942
37279532
37262362
37255848
37247129
37243773
37234775
37232144
37192624
37170002
37169559
 Hui Chen
37484972
37484972
37482915
37482265
37481850
37481583
37481142
37480658
37479012
37478589
37475323
37471003
37468393
37465165
37464826
37462007
37460917
37458432
37454886
37449164
37442186
 Shaonan Yan
37370366
37370366
36635697
35037097
32251805
32229732
20128960
19669264
15567742
14628358
12753712
 Dong Li
37486750
37486750
37486353
37482144
37481678
37480636
37477368
37474975
37470691
37469042
37466949
37465101
37453157
37453035
37449045
37443810
37441606
37437628
37433801
37433783
37433306
 Yan Li
37486153
37486153
37486017
37486003
37481781
37480435
37480001
37479526
37478258
37475629
37474989
37471338
37470817
37470380
37470321
37470187
37469253
37469162
37466709
37466430
37465570
 Zuojiong Gong
37443080
37443080
37077221
36966125
36506748
36226351
35923224
35765030
35633910
35065293
34951978
34676022
34660695
34396571
34276405
34180140
34061368
33909683
33883923
33431796
33318565
Xiao-Wei Xu
36992601
36992601
35908635
35853240
35680806
35029093
34817732
34662283
34303609
34222485
34095025
33093629
32608726
32210430
32075786
31871940
31477524
31396034
31319688
31204565
30519500
 Xiao-Xin Wu
36680710
36680710
36329446
34844617
34303609
33203355
33093629
32450532
32267217
32213556
32075786
31559514
30539875
30355918
30235711
30151008
29858958
29617693
29343809
28903457
27413717
 Xian-Gao Jiang
35932973
35932973
35148485
35071512
34327212
33268103
32075786
 Kai-Jin Xu
36151023
36151023
33843160
33833065
32443291
32213556
32075786
30089437
29337651
26645972
26361838
25915177
25692413
25621975
25607773
25308359
17349167
16677148
15908329
15593386
 Ling-Jun Ying
32592903
32592903
32075786
21492507
 Chun-Lian Ma
34128861
34128861
33594193
32553881
32075786
27702635
 Shi-Bo Li
33218423
33218423
33167900
32075786
29790233
26550147
23006433
21205470
18067786
17407706
16381637
 Hua-Ying Wang
37271788
37271788
35875417
34085796
33888127
32075786
31641482
30793209
30131908
27399120
26045992
26038133
25117915
24351835
24260405
23644919
22169518
21868322
21488214
20646447
20065761
 Sheng Zhang
37485386
37485386
37470416
37456720
37453553
37448513
37441236
37439118
37422687
37420410
37417927
37405518
37398457
37395473
37394483
37384415
37381357
37379293
37372233
37351109
37349326
 Hai-Nv Gao
35098177
35098177
33594193
33536460
32277591
32075786
26535889
26482389
25462187
25328390
23697469
23251460
20939118
 Ji-Fang Sheng
36246814
36246814
35737855
34215497
33843160
32893534
32748578
32641121
32618658
32425008
32425002
32075786
29664746
29334786
26666939
26361838
25915177
25753630
25553110
25182636
25034855
 Hong-Liu Cai
32425003
32425003
32075786
19930887
 Yun-Qing Qiu
36470909
36470909
32618658
32213556
32075786
24632756
24339194
23983378
23983374
20487645
18710633
17948942
17554617
16624118
16409787
 Lan-Juan Li
37433872
37433872
36361574
36151023
35978827
35098177
34844617
34303609
34222485
33959221
33810987
33728315
33594193
33203355
33186134
33177795
33093629
33067215
32902336
32902232
32641121
