Guangming Ye
35964413
35964413
34983429
34676099
34517383
34336884
33840589
33543548
33336592
32621617
32508038
32371416
32360881
32330112
32320740
32283140
32243607
32171867
32105304
32020836
31642790
 Zhenyu Pan
37481850
37481850
37315582
37170286
36815894
36813043
36743417
36483807
36443279
36419319
36169754
36045532
35883192
35611196
35573954
35505325
35464750
35268069
35216736
35068385
34928373
 Yunbao Pan
37396514
37396514
37243775
37151882
36643321
36618352
36443279
35874739
35873027
35367669
35352939
35242027
35170993
34980470
34856977
34712741
34336884
34330887
34285538
34234102
34150910
 Qiaoling Deng
37125807
37125807
35722368
35657146
34583228
34336884
33910173
32898693
32508038
32283140
32243607
32215589
32171867
31532563
30214298
29113381
28938656
28658310
28529585
28301518
 Liangjun Chen
37478481
37478481
37349301
37308156
37288479
36966258
36964904
36881878
36869216
36746299
36677392
36235265
36053250
35903349
35639417
35352939
35301130
35170993
35128549
35128548
34896583
 Jin Li
37484525
37484525
37482150
37476694
37475381
37470948
37470211
37470066
37468484
37467951
37459304
37458350
37443372
37439207
37429966
37428452
37422973
37419810
37415947
37415549
37408696
 Yirong Li
37304367
37304367
37243775
37221574
37203350
37054942
36849062
36842372
36818805
36700656
36677392
36654782
36644442
36612077
36556130
36473925
36443279
36267947
36178671
36155499
36103138
 Xinghuan Wang
37393350
37393350
37355053
37271807
37269493
37231763
37105989
37095549
37024456
36989746
36969760
36875068
36733358
36733309
36699941
36613500
36473621
36468030
36277150
36235311
36103400
Yuanyuan Xing
37368410
37368410
37020952
36828238
36428432
36290707
36277987
36222748
36157186
35990827
35873687
35685543
35645838
35222538
34795512
34462629
33832160
35424339
33458804
32870466
32183934
 Pingzheng Mo
36966258
36966258
35415847
35319336
33256876
32928248
32839868
32818208
32616030
32531713
32330112
32282986
32279081
32227123
32183934
32173725
25712792
25218771
23290041
20938809
 Yu Xiao
37486641
37486641
37480756
37479892
37478758
37478163
37466680
37460083
37458857
37446420
37441517
37435439
37434064
37431725
37424805
37422398
37415073
37400160
37398474
37393350
37384729
 Oiu Zhao
32183934
32183934
 Yongxi Zhang
36999419
36999419
36966258
36866550
36799172
36237173
35517808
35415847
34712709
34649091
34625887
34539392
34171164
34132367
36046433
33256876
33074039
32928248
32839868
32766541
32766161
 Fan Wang
37482335
37482335
37481893
37480540
37480031
37473568
37470412
37459777
37450268
37445705
37431813
37424630
37423834
37420841
37397372
37395757
37395235
37390231
37387262
37381492
37381286
Kelvin Kai-Wang To
37340427
37340427
37112634
37068258
37060743
37045873
36992395
36949763
36897907
36706582
36596904
36592163
36591327
36493789
36482706
36465098
36445095
36423128
36357955
36354024
36278515
 Owen Tak-Yin Tsang
36103567
36103567
36103496
35398786
35262035
35234870
35095881
35083867
34915551
34718428
34419925
34089541
33991510
33765681
33500101
33144203
32835326
32821939
32791036
32788292
32784770
 Wai-Shing Leung
36103567
36103567
36103496
35398786
33778795
33500101
33350913
33144203
32791036
32788292
32745770
32618497
32511317
32501535
32426212
32401715
32396628
32347204
32248675
32213337
32047895
 Anthony Raymond Tam
37112634
37112634
36949763
36637475
36596904
36465098
36357955
36304475
36278515
36103567
36016336
35874954
35762834
35679093
35398786
35355604
35271728
35234870
35146925
35131374
35095881
 Tak-Chiu Wu
36819269
36819269
36620146
36359571
33765681
33675655
32562544
32539986
32401715
32213337
32047895
29531736
28322697
27704006
27619106
23825355
23136091
 David Christopher Lung
37122119
37122119
35811422
35765578
35740153
35739650
35261729
35234870
35183827
35178548
35140711
34984442
34961854
34849654
34611629
34498683
34419925
34406358
34396958
34259364
33858933
 Cyril Chik-Yan Yip
37403902
37403902
36482706
36445095
36357955
36084644
36052220
36016336
35811422
35762834
35737809
35234870
35178548
34943453
34915551
34718428
34498683
34406358
34309648
33956593
33918447
 Jian-Piao Cai
37279466
37279466
37112634
37084889
37068258
36992395
36857860
36726760
36662861
36591327
36564389
36529763
36195094
36145288
36084644
36052220
35943779
35938726
35922005
35874959
35874954
 Jacky Man-Chun Chan
35398786
35398786
35271728
35262035
35234870
35095881
35083867
34984442
34915551
33500101
32896705
32788292
32511317
32426212
32396628
32213337
32047895
24321705
 Thomas Shiu-Hong Chik
36103567
36103567
35398786
35095881
33778795
33500101
33144203
32788292
32511317
32426212
32396628
32213337
32047895
 Daphne Pui-Ling Lau
35398786
35398786
35095881
34309648
32756996
32396628
32213337
 Chris Yau-Chung Choi
35398786
35398786
33500101
32788292
32511317
32426212
32396628
32213337
32047895
 Lin-Lei Chen
36992395
36992395
36706582
36493789
36296339
35880656
35750868
35398786
35373159
35330686
35234870
35084295
34951565
34943453
34915551
34715237
34451768
34419925
34309648
33230504
32916926
 Wan-Mui Chan
37060743
37060743
36493789
36445095
36357955
36195094
36052220
36016336
35880656
35750868
35739650
35737809
35271728
35234870
35187006
35135441
34961854
34951565
34915551
34689086
34498683
 Kwok-Hung Chan
37112634
37112634
36992081
36706582
36357955
36314829
36314802
36304475
36195094
36016336
35891286
35874954
35762834
35750868
35578759
35545127
35418598
35414865
35398786
35285250
35254121
 Jonathan Daniel Ip
37060743
37060743
36493789
36445095
36357955
36016336
35750868
35739650
35737809
35271728
35234870
35187006
35135441
34961854
34951565
34915551
34689086
34498683
34419925
34309648
33851214
 Anthony Chin-Ki Ng
33956593
33956593
33918447
33778795
33230504
33193285
32916926
32849329
32840608
32784770
32756996
32501535
32401715
32276333
32213337
32132196
32132187
 Rosana Wing-Shan Poon
36706582
36706582
36482706
35880656
34943453
34498683
34419925
33918447
33845058
33778795
32916926
32539986
32516739
32501535
32482633
32459137
32213337
32132187
32047895
31986261
31960460
 Cui-Ting Luo
34696477
34696477
33230504
32213337
24642564
24482356
24356906
24007984
 Vincent Chi-Chung Cheng
37429411
37429411
37223243
37086890
36985239
36677420
36482706
36465098
36445095
36423128
36357955
36289955
36278515
36063397
36016336
36009945
35880656
35811422
35810057
35765578
35762834
 Jasper Fuk-Woo Chan
37403902
37403902
37279466
37158848
37148585
37122119
37101119
37090592
37083859
37072051
37068258
37045873
36992395
36857860
36851564
36662861
36411276
36195094
36145288
36084644
36039901
 Ivan Fan-Ngai Hung
37301910
37301910
37216959
37112634
37080530
37073724
36949763
36913693
36769690
36714113
36706582
36596904
36592163
36591327
36522341
36493789
36482706
36465098
36423128
36423020
36357955
 Zhiwei Chen
37457966
37457966
37454109
37430328
37408811
37356936
37328514
37287891
37244464
37217516
37202488
37199996
37185852
37170497
37169182
37163947
37156574
37148585
37138582
37116070
37114251
 Honglin Chen
37467799
37467799
37466793
37424692
37379527
37311641
37303521
37299050
37269925
37261719
37260134
37244622
37221201
37212652
37199304
37194138
37122119
37112634
37062798
37060733
37045873
 Kwok-Yung Yuen
37474466
37474466
37435542
37279466
37223243
37158848
37122119
37113328
37112634
37101119
37090592
37083859
37068258
37045873
36992395
36857860
36706582
36697369
36662861
36591327
36529763
Chek Meng Poh
34867943
34867943
34837161
34716845
33961735
33628442
32711254
32483236
32346093
32218786
32153590
32127444
29281764
29113976
27533014
27217330
26562622
26046849
25772948
25156726
24316071
 Guillaume Carissimo
37212320
37212320
36566875
35941158
35798143
35039441
34867943
34837161
34716845
34568853
34294905
33961735
33752798
33628442
33326034
33067472
32711254
32483236
32477364
32346479
32105779
 Bei Wang
37477120
37477120
37467817
37465685
37465508
37465083
37436687
37435915
37428554
37428351
37407614
37392275
37352714
37346341
37331938
37321243
37308444
37301854
37276397
37252318
37193694
 Siti Naqiah Amrun
37212320
37212320
36483199
35941158
35039441
34994081
34867943
34837161
34716845
34568853
34133128
34095336
33961735
33628442
33511240
33495757
33067472
32864128
32822564
32711254
32483236
 Cheryl Yi-Pin Lee
36925680
36925680
36566875
36483199
35039441
34867943
34837161
34716845
33961735
33628442
33495757
33067472
32822564
32711254
32483236
32391022
32346479
31015278
30665948
29530643
28422757
 Rhonda Sin-Ling Chee
36566875
36566875
34867943
34837161
34716845
34262564
34095336
33961735
33922370
33628442
33495757
33067472
32711254
32483236
32477364
29890088
 Siew-Wai Fong
37465685
37465685
37212320
37147421
37125085
36483199
36451833
36305052
36016852
35941158
35694804
35543372
35039441
34994081
34867943
34837161
34716845
34697298
34568853
34262564
34095336
 Nicholas Kim-Wah Yeo
37465685
37465685
37212320
36305052
35941158
35039441
34994081
34867943
34837161
34716845
34568853
34095336
33961735
33628442
33511240
33067472
32711254
32483236
 Wen-Hsin Lee
37398040
37398040
37244989
37198165
37044090
36865101
36717721
36434005
36288706
36263063
36131022
36068229
35947674
35867800
35647713
35293276
35235790
35165281
34311574
34158344
33974910
 Anthony Torres-Ruesta
37212320
37212320
37125085
36305052
36064780
35039441
34994081
34867943
34837161
34716845
34568853
33961735
33922370
33628442
32711254
32483236
32477364
32346479
31773780
30665948
 Yee-Sin Leo
37465685
37465685
37212320
37200264
37171431
37125085
36788516
36602046
36483199
36451833
36200239
36047521
36031146
36018588
36016852
35941158
35708626
35651103
35637337
35602886
35475686
 Mark I-Cheng Chen
36945675
36945675
36483199
35522470
35078426
35033034
34746899
34623327
34611200
34554228
33933241
33609075
33495757
33452131
33152271
33087479
33044319
32711254
32668444
32483236
32330439
 Seow-Yen Tan
37212320
37212320
36926748
36483199
36195753
36056775
35854360
35233568
35024370
34994081
34867943
34826623
34697298
34262564
34095336
33961735
33840632
33820944
33778792
33752798
33628442
 Louis Yi Ann Chai
37440245
37440245
36969979
36923462
36730801
36640851
36350438
36135621
36004314
35977379
35773329
35753213
35702878
35236664
34826623
34436195
34216133
34213735
34208638
34173590
34073588
 Shirin Kalimuddin
37437017
37437017
37328522
36969244
36801619
36513697
36483199
36443317
36172383
36056775
35981059
35876869
35854360
35639676
35005566
34867943
34837161
34826623
34716845
34688232
34395716
 Shirley Seah Gek Kheng
32483236
32483236
 Siew-Yee Thien
35884100
35884100
35224611
33039952
32860880
32594267
32483236
32328771
31583099
30198512
 Barnaby Edward Young
37465685
37465685
37331509
37212320
37147421
37125085
36880819
36781153
36602046
36483199
36453218
36451833
36349400
36056775
36016852
35941158
35708626
35477923
35320058
35150879
35134143
 David C. Lye
37440245
37440245
37331509
37328522
37280047
37219944
37212320
37206623
37201540
37147421
37125085
36986395
36924786
36781153
36602046
36483199
36471699
36451833
36442063
36389747
36349400
 Brendon John Hanson
34161386
34161386
33974910
32699850
32483236
22043017
20422027
 Cheng-I Wang
37465685
37465685
37425360
37218902
37200264
37125085
36451833
36305052
36016852
35941158
35694804
35299256
35293276
34994081
34933891
34697298
34568853
34158344
33974910
33961735
33628442
 Laurent Renia
37465685
37465685
37456919
37389337
37238706
37212320
37147421
37125085
36853725
36697369
36604204
36592146
36566875
36483199
36478252
36451833
36440480
36386653
36305052
36211953
36207567
 Lisa F. P. Ng
37465685
37465685
37212320
37208376
37147421
37125085
37024497
36853725
36697369
36566875
36483199
36451833
36305052
36186648
36064780
35941158
35857576
35710572
35708626
35694804
35543372
Wei Zhang
37485595
37485595
37484667
37482217
37481882
37480646
37480248
37479708
37478946
37477897
37477276
37476166
37475869
37475632
37475309
37474935
37474626
37474589
37469566
37469556
37469210
 Rong-Hui Du
33870851
33870851
33196399
32907886
32269088
32255382
32224074
32065057
30901224
29625260
26049867
25828246
24637412
24570113
22931802
22792330
22363712
22199006
22118979
21813663
21762706
 Bei Li
37486249
37486249
37478600
37454511
37454080
37384751
37369895
37278206
37251941
37231366
37207561
37183322
37169492
37158666
37150253
37147057
37144520
37144430
37130873
37112591
37098481
 Xiao-Shuang Zheng
37334745
37334745
35420442
35277473
34960752
33201410
33199918
33196399
32065057
32015507
31824465
31645223
29618817
29190287
 Xing-Lou Yang
37143369
37143369
37139567
36688655
36526073
35993737
35680114
35632647
35585799
35443747
35343762
35277473
35234633
34960752
34700373
34696392
34263709
33900543
33835391
33830436
33713597
 Ben Hu
37432832
37432832
37402326
37149586
36918974
36803605
36688655
36127260
35904977
35680114
35650436
35373168
35343762
35197601
35055272
34953663
34696392
34676099
34570681
34431700
34323371
 Yan-Yi Wang
36874417
36874417
36856422
35973990
37193132
35131869
35089988
34799425
34494529
34035218
33199918
33110251
32878999
32772249
32767210
32636454
32561706
32374277
32238587
32065057
32049744
 Geng-Fu Xiao
35603493
35603493
35084181
33199918
32737471
32234474
32065057
32015507
31444469
29409147
23830445
22823483
22284509
22117089
21943430
20723972
19748895
19635360
17415669
15266305
15087043
 Bing Yan
37483544
37483544
37479536
37478578
37469190
37467758
37423156
37422623
37393828
37385203
37364387
37355323
37335543
37327504
37327479
37315411
37305951
37275895
37262026
37257861
37254951
 Zheng-Li Shi
37334745
37334745
37139567
37037812
36803605
36786573
36688655
36662861
36526073
36448798
36409074
36220993
35993737
35945197
35852351
35680114
35585799
35443747
35420442
35343762
35279413
 Peng Zhou
37475409
37475409
37474683
37469744
37468482
37461046
37451102
37440279
37439154
37431633
37423723
37415309
37407578
37391403
37390265
37379593
37377371
37372438
37372363
37365608
37362927
