Kai Liu
37485977
37485977
37485963
37481805
37480003
37478980
37468474
37468192
37463860
37455502
37451219
37442345
37436585
37430125
37426975
37426215
37422684
37414857
37413979
37408357
37406950
 Ying Chen
37485348
37485348
37483987
37483863
37482165
37481914
37478768
37477658
37476618
37475442
37468932
37466153
37464139
37462677
37461148
37460812
37460100
37458701
37456783
37454960
37454270
 Ruzheng Lin
32379667
32379667
32171866
29112364
 Kunyuan Han
33788449
33788449
32171866
32149120
31541462
30699097
30570016
29471107
26994873
26804443
26591368
24229621
Tao Guo
37482310
37482310
37443179
37420310
37416884
37408389
37390106
37385459
37361906
37353980
37340527
37331532
37313132
37313044
37309604
37308749
37305965
37298949
37298858
37238093
37233442
 Yongzhen Fan
37354826
37354826
37284070
37054908
36573725
36515250
34844599
34123873
33589409
33411686
33330541
33219594
32995859
32936268
32242895
32219356
30024531
33867576
26965536
26835615
26367699
 Ming Chen
37486120
37486120
37484972
37480607
37478957
37477650
37474274
37469242
37468683
37468393
37465498
37459451
37455409
37450055
37432568
37426385
37421550
37420993
37414309
37413900
37410917
 Xiaoyan Wu
37473494
37473494
37439695
37431082
37427728
37418592
37405826
37394763
37380324
37379910
37354826
37349695
37343720
37330866
37329600
37329595
37310705
37300722
37280629
37274268
37269698
 Lin Zhang
37486737
37486737
37484263
37483942
37483616
37481738
37480116
37478851
37473846
37473595
37466365
37466214
37462323
37460532
37457569
37457452
37457345
37456250
37455282
37454248
37452462
 Tao He
37481520
37481520
37455632
37421225
37415780
37393695
37386794
37379599
37370524
37368798
37361232
37354826
37351133
37339730
37332538
37327631
37260148
37246225
37210380
37199801
37175207
 Hairong Wang
37486326
37486326
37478628
37439338
37423037
37354826
37334851
37330498
37293404
37275604
37269810
37261264
37250212
37244036
37178381
37148307
37059028
36914714
36897191
36738971
36705923
 Jing Wan
37481526
37481526
37454450
37441810
37441702
37409787
37387536
37316079
37270947
37246247
37222119
37220935
37181701
37132329
37120239
37107641
37057732
37048270
36988463
36972181
36961405
 Xinghuan Wang
37393350
37393350
37355053
37271807
37269493
37231763
37105989
37095549
37024456
36989746
36969760
36875068
36733358
36733309
36699941
36613500
36473621
36468030
36277150
36235311
36103400
 Zhibing Lu
37431082
37431082
37405482
37354826
37284070
37086230
37054908
37004300
36634025
36573725
36563053
36483625
36396746
36038225
36008072
36005434
35792496
35497996
35460889
35227297
35111634
Chaolin Huang
37321233
37321233
37197655
36964546
36737007
36669700
36563943
36504959
36465627
36377589
36276838
36188433
36059472
35958873
35807717
35784642
35419371
35234623
35116556
34950119
34876996
 Yeming Wang
37434854
37434854
37369282
37337997
37321233
37026906
36828006
36716195
36478734
36188433
36093094
36045658
35748704
35611349
35568052
35355793
35345417
35317717
35234623
35155477
35074630
 Xingwang Li
37388929
37388929
37329905
37324081
37083265
37071534
36750637
36746345
36702236
36699448
36468021
36409451
36291307
36060150
36009934
35492695
35365808
35341173
35222513
35170409
35154615
 Lili Ren
37409968
37409968
37378522
37321233
37275765
37252111
37246325
37218108
37218019
37196129
37191515
37182102
37179120
37153704
37115917
37092817
37059987
37037791
37030459
37027968
37026872
 Jianping Zhao
37473504
37473504
37346551
37255213
37237310
37194612
37163068
37142578
37117273
37111842
37110567
37059987
37056936
37042826
37025008
37022025
36946608
36850124
36809694
36754276
36752798
 Yi Hu
37479200
37479200
37467367
37458833
37452727
37449971
37444234
37431434
37429528
37416771
37409118
37401413
37389238
37386359
37358680
37348164
37340201
37339215
37328779
37308490
37291975
 Li Zhang
37486420
37486420
37486153
37485882
37484525
37483523
37480014
37478270
37478238
37477378
37475116
37471667
37467977
37467357
37466874
37465924
37463493
37463246
37463001
37462709
37462215
 Guohui Fan
37321233
37321233
37204755
37056988
36795456
36226154
35990949
35928619
35883052
35513826
35473747
35433747
35401364
35385369
35155477
35074630
35001555
34872515
34583675
34534435
34222179
 Jiuyang Xu
37321233
37321233
36804909
36625734
36187745
35155477
35074630
34454673
34326192
34246397
33734013
33428867
33421381
33403736
33271074
33079200
33010835
33007478
32840287
32675205
32635916
 Xiaoying Gu
37321233
37321233
36744132
36619810
36316630
35898809
35755062
35697052
35678952
35611349
35602490
35568052
35563622
35458712
35345417
35219375
35155477
35131324
35074630
35054949
34950055
 Zhenshun Cheng
37448884
37448884
37186434
37074394
36925352
36907990
36863160
36852973
36497185
36044099
35755062
35428349
35355710
35332684
35108608
35002722
34873151
34539392
34517383
34315392
34152707
 Ting Yu
37482887
37482887
37385099
37375414
37340824
37340423
37335900
37333592
37329852
37328300
37284884
37270965
37261895
37257812
37256919
37243666
37243598
37218529
37202601
37189163
37181910
 Jiaan Xia
34454673
34454673
34379989
34355001
33522958
33167955
32631393
32200645
32187464
32167524
32105632
32007143
31986264
31368243
28224433
 Yuan Wei
37479506
37479506
37476942
37460872
37456304
37455079
37454562
37449493
37446537
37443030
37442135
37439870
37437160
37417966
37406171
37400468
37393818
37393242
37357223
37355762
37349531
 Wenjuan Wu
37457964
37457964
37390248
37374444
37325938
37296408
37290709
37241626
37240006
37232012
37216181
37186513
37182966
37179940
37170112
37121413
37110584
37055743
37054536
37018476
36845019
 Xuelei Xie
32187464
32187464
31986264
 Wen Yin
37483815
37483815
37455967
37418941
37379354
37378895
37312398
37308837
37264314
37233394
37223541
37190838
37187773
37186377
37182404
37167072
37161054
37113063
37029335
37016525
36976061
 Hui Li
37486036
37486036
37482605
37481223
37480786
37479889
37479639
37478758
37478188
37477105
37475506
37475064
37475063
37475062
37474742
37471657
37471643
37471263
37471187
37467387
37467131
 Min Liu
37485264
37485264
37483026
37481960
37481677
37480702
37480159
37479016
37478186
37477156
37474454
37474052
37468556
37467841
37466365
37466201
37464421
37457699
37456564
37452495
37451839
 Yan Xiao
37468005
37468005
37466749
37466158
37440308
37439923
37439787
37429558
37420156
37418854
37385357
37378522
37357387
37354441
37348568
37334070
37328934
37303679
37295640
37282788
37277052
 Hong Gao
37477228
37477228
37474867
37444310
37441493
37432892
37431213
37333963
37330093
37327511
37315670
37313579
37308423
37296072
37275647
37270931
37266413
37262161
37262156
37262146
37259829
 Li Guo
37485903
37485903
37481785
37480605
37480526
37479824
37479654
37478939
37475514
37458226
37454306
37453509
37447607
37441984
37440909
37439340
37437082
37434235
37427716
37423159
37422272
 Jungang Xie
37056936
37056936
36754276
36578523
36437626
36309899
35785161
35550579
35309511
35168451
35083875
35035670
34746180
34690806
34497752
34368225
33949204
33814982
33666250
33407543
33326955
 Guangfa Wang
37353059
37353059
37294146
37283786
37231445
37201123
37156734
36929680
36882820
36847254
36752798
36693330
36317759
36317750
36176735
36108598
35948453
35911750
35813714
35748174
35713422
 Rongmeng Jiang
37457852
37457852
36409451
36342811
35399246
35186107
35153846
34632732
34618327
34592958
34586608
33024057
32660627
32606209
32535730
32431566
32333248
32217104
32180140
32069255
31986264
 Zhancheng Gao
37480410
37480410
37059987
37029178
37004351
36863991
36844402
36805609
36677496
36646189
36601290
36550436
36514799
36474604
36357898
36201141
36176576
36120657
36070516
36003191
35966877
 Qi Jin
37442390
37442390
37425654
37423564
37376391
37376028
37370851
37367904
37356723
37351901
37210522
37187363
37186156
37185577
37156388
37142314
37142105
37061639
37060338
37032908
37030892
 Jianwei Wang
37480201
37480201
37480037
37473466
37468667
37464378
37443810
37440652
37425654
37424033
37423037
37409968
37397530
37386638
37381783
37378522
37371833
37349329
37340583
37337770
37323087
 Bin Cao
37484947
37484947
37452512
37415817
37369282
37356123
37349777
37348518
37330196
37321233
37318116
37307441
37302027
37245814
37241471
37228658
37196009
37154704
37153610
37149249
37126843
Pavan K. Bhatraju
37457915
37457915
37292692
37273234
37248708
37205332
37178093
37103955
37099286
37045721
36790189
36600780
36567786
36519995
36284548
36209335
36201483
36050993
35986336
35919517
35710995
 Bijan J. Ghassemieh
32227758
32227758
28137488
26890477
26866439
 Michelle Nichols
37139815
37139815
36689592
36634397
35962619
35951660
35819393
35759418
35415905
35355265
35198212
35144922
35105185
34887656
34840187
34767317
34284943
34197215
33913767
33470991
33350708
 Richard Kim
37483311
37483311
37454724
37406335
37359413
37358854
37340635
37243592
37230754
37224609
37210030
37195343
37192792
37165897
37146218
36967405
36942492
36932910
36803080
36796089
36738333
 Keith R. Jerome
37466213
37466213
37214809
37207227
37199630
37165032
37162835
37126090
37074875
36951943
36809468
36712077
36695358
36693927
36519118
36352021
36272098
36178789
36146679
36095012
36069983
 Arun K. Nalla
33655324
33655324
33655319
33006983
32556287
32535397
32511328
32444880
32405257
32269100
32227758
28536375
26512949
23441133
22984561
22511755
22177802
21945852
21855541
21813510
21455571
 Alexander L. Greninger
37466213
37466213
37346095
37279602
37214809
37183889
37165832
37162835
37099299
37099295
37097146
36940224
36913789
36878012
36856712
36802755
36798414
36797293
36763666
36732066
36711914
 Sudhakar Pipavath
37444527
37444527
37285083
37205332
37127203
36786906
35830884
35610068
35608267
34903059
34848676
34739887
33964516
33874973
33183067
32470156
32227758
31862440
31793991
31670294
31115618
 Mark M. Wurfel
37336058
37336058
37273234
37248708
37205332
37178093
37099286
37094100
37018921
36975209
36821369
36791309
36790189
36600780
36567786
36519995
36108888
36050993
35608267
35486077
35350814
 Laura Evans
37459888
37459888
37395055
37164574
36928012
36790189
36632444
36600780
36519991
36284548
36043503
35985343
35726987
35667747
35608267
35587274
35587214
35579918
35481878
35471939
35213552
 Patricia A. Kritek
36729002
36729002
36258878
33870323
33870317
33870282
33870281
33734938
32306488
32227758
32216877
32140601
33870265
33870264
31661296
31636831
31523994
31139732
30800944
30779527
29716910
 T. Eoin West
37457570
37457570
37020544
36877019
36814569
36570973
35994523
35961351
35852993
35608267
34909698
34848676
34727111
34478439
34394091
33986070
33874973
33602702
33593842
33534772
33221351
 Andrew Luks
37000143
37000143
36847809
36721497
36201281
35544405
35212006
35081281
34468285
33978479
33870282
33870281
33617754
33563458
33196294
33183067
33136114
33034744
32735170
32721248
32579436
 Anthony Gerbino
37424566
37424566
36781101
35311225
33204543
32227758
23588364
23304996
18071023
11744671
 Chris R. Dale
32227758
32227758
 Jason D. Goldman
37352211
37352211
37278994
37193826
37180102
36969241
36864666
36817759
36694448
36679852
36454570
35658503
35547855
35484176
35216672
35212363
35123660
34788328
34514710
34489601
34480861
 Shane O’Mahony
 Carmen Mikacenic
37336058
37336058
37205332
37125997
37099286
36821369
36600780
36567786
36519995
35608267
35486077
35157553
34909698
34812186
34767537
34758269
34754946
34740959
34652268
34593707
34526076
Nanshan Chen
36719280
36719280
34861398
34379989
33522958
33167955
33078367
32632816
32187464
32007143
28276680
 Min Zhou
37480625
37480625
37477756
37455170
37451017
37432144
37408805
37406883
37406357
37403923
37394676
37393420
37391563
37389546
37388220
37384959
37378311
37371903
37367994
37353022
37336074
 Xuan Dong
37392534
37392534
37300490
37177218
37175284
36992480
36968480
36851575
36773438
36747238
36735969
36734916
36618330
36505276
36462642
36443688
36354585
36311432
36282820
36121241
36076167
 Jieming Qu
37461235
37461235
37403923
37311354
36910077
36868960
36827175
36777445
36708692
36669778
36574216
36466682
36463140
35941654
35930458
35863486
35863038
35835754
35830201
35710264
35619189
 Fengyun Gong
36118035
36118035
35797981
35235711
33421381
33172477
32187464
32007143
31010740
29754146
29270742
29246288
28714412
28325280
26629169
24765205
24649102
24219865
23090643
22886968
22684551
 Yang Han
37483090
37483090
37482682
37475042
37469778
37467939
37464984
37457937
37455278
37449071
37446962
37445936
37439148
37434184
37420701
37408037
37406748
37395372
37382407
37381948
37381058
 Yang Qiu
37393175
37393175
37332943
37298501
37273686
37254422
37185836
37184875
37165434
37104090
37032786
37023933
37019233
37001614
36943280
36883266
36870574
36822310
36807706
36801296
36778059
 Jingli Wang
37476915
37476915
37282965
36948796
36522374
36400273
36184090
36155627
36057301
35983360
35905881
35687677
35276235
35104378
34802422
34705513
34599631
34559072
34557227
34148283
33529894
 Ying Liu
37486235
37486235
37486143
37485926
37485569
37484777
37484718
37483389
37481563
37481151
37481091
37480813
37480065
37479565
37479187
37478665
37478133
37476195
37476154
37471209
37470451
 Jia'an Xia
34355001
34355001
32631393
32200645
32167524
32105632
32007143
31368243
28224433
 Xinxin Zhang
37480000
37480000
37468937
37467419
37458289
37457357
37455295
37442051
37370596
37364134
37361265
37355354
37354639
37353750
37347215
37310396
37303803
37270171
37259071
37257517
37254084
