Luciano Gattinoni
37437112
37437112
37345856
37326646
37315321
37311259
37116437
37081517
37000017
36884050
36848321
36661447
36604202
36571571
36511508
36481694
36470747
36173324
36130787
36006451
35866650
 Davide Chiumello
37441345
37441345
37405546
37311259
37266791
37116437
37010706
36867727
36780055
36604202
36571571
36498759
36470747
36450394
36301541
36294319
36079109
35906414
35803726
35797827
35726028
 Sandra Rossi
37177544
37177544
36862343
36675426
37386571
35545974
35545973
35468806
37386557
35301840
35037639
34843645
34825929
37386668
34520863
34331210
34328129
34128119
33855979
33470800
33389519
 Silvia Coppola
37405546
37405546
37311259
37266791
37010706
36867727
36604202
36571571
36294319
36006451
35797827
35714453
35456186
35455729
35327531
34952476
34928455
34915911
34905078
34884358
34830728
 Massimo Cressoni
36031643
36031643
34825929
34666011
34594233
34204911
33954825
33439790
33089348
32579036
32228035
31774352
31015390
30985210
30908313
30261898
30048331
29808974
29345967
29161936
29149418
 Mattia Busana
37345856
37345856
37311259
37116437
37000017
36848321
36470747
36194684
36173324
36130787
35768129
35608503
35340133
35132021
35044966
34915916
34907979
34905078
34825929
34670808
34594233
