Hae-Sung Nam
37287206
37287206
37271750
36512564
35129315
34730319
34626249
34525500
34342185
33845535
33308626
33098254
32489848
32141245
31625294
31560378
31161122
30740299
30606960
30535953
29656631
 Mi-Yeon Yeon
29129042
29129042
28516865
28223175
 Jung Wan Park
35132834
35132834
34811978
34789276
34198562
34146624
34024660
33754512
33350186
32780793
32114721
31583864
31444927
30996231
30927433
30873279
29129042
28516865
28223175
27940937
27354896
 Jee-Young Hong
37211465
37211465
37031886
36751055
34735521
34442208
31776872
30505420
29270613
29164048
29129042
28774162
28516865
26841887
26657552
26524956
25139168
24159538
24159516
23580064
19815874
 Ji Woong Son
36949748
36949748
36849638
36508316
35897746
35166085
35060543
34784454
34409891
33503946
33422052
33285743
33283556
33251387
32919305
32358353
31776833
31723906
31691131
30774023
29963180
Michael D. Christian
36581248
36581248
36494171
35169585
35145562
34499878
34446076
34061211
33597217
33596933
33455622
33438975
33351183
33337749
33208195
33181230
33034689
32971074
32805237
32697491
32514598
 Mona Loutfy
37368938
37368938
37289725
37267270
37243146
37019076
36997255
36919583
36851731
36411243
36338461
36337608
36246433
36207757
36075492
36013243
35887575
35818863
35775280
35672043
35499522
 L. Clifford McDonald
37406047
37406047
37130620
37070976
36949879
36757874
36719248
36701254
36336542
36301805
36208202
35867681
35856710
35818797
35590159
35419540
35228262
34802478
34662287
34518840
34412728
 Kenneth F. Martinez
34660544
34660544
33241768
27027845
21253984
18658281
15179360
12650548
 Mariana Ofner
15030699
15030699
 Tom Wong
37330139
37330139
37288553
37072340
36786511
36752449
36685101
36660200
36575808
36417178
36358001
36221809
36213881
36094912
35673927
35650230
35492840
35490083
35067598
35043404
35000099
 Tamara Wallington
28416652
28416652
26954698
20959733
17001055
15752456
15234824
15200807
15175437
15030699
11898945
 Wayne L. Gold
37432085
37432085
37429625
37011935
36632417
36492291
35766916
35636482
35222826
35180037
35165135
34860695
34758047
34580147
34462294
34342636
33782172
33720321
33511234
33444593
33106311
 Barbara Mederski
17592106
17592106
16470249
15809906
15752456
15615985
15200807
15030699
12771068
12734147
 Karen Green
36632417
36632417
35468942
35315326
33874932
33122675
32986836
32869855
32188585
31345638
30616737
30124197
29683794
29623063
29566004
29548608
29284435
29269437
29140429
29125689
28950924
 Donald E. Low
37477039
37477039
37424395
36808472
36515818
36196591
36138318
35766609
35616747
35233634
34596746
34160587
34009322
33822916
33177354
33150488
33118060
33074888
32681374
32591791
32541217
Wei Liu
37486293
37486293
37486127
37485249
37483732
37483544
37482216
37481642
37480842
37480824
37479883
37479446
37478666
37477905
37477531
37476544
37475699
37475073
37474525
37471311
37471173
 Fang Tang
37382261
37382261
37301180
37290905
37278381
37270826
37266952
37193761
37145881
37139075
37082115
37075770
37058082
36942608
36940480
36910228
36896191
36873213
36848140
36837366
36835709
 Sake J. De Vlas
37347783
37347783
37329898
37207981
37196017
36880190
36800979
36661311
36508458
35961358
35859423
35763498
35687493
35394996
34662751
34624032
34534205
34474806
34310602
34307724
34115760
 Caspar W. N. Looman
32397149
32397149
31280299
31200654
30107556
29570868
29348185
29137908
29024995
28935485
28810823
28684073
28529667
28457023
28449332
28369947
28332222
28196844
27891189
27576483
27511181
 Jan Hendrik Richardus
37142318
37142318
36800979
36572006
36525390
36139959
36095018
36067195
35794656
35648735
35501699
35358894
35241001
35239656
34898634
34688497
34635534
34590688
34543282
34478354
34474806
Mark Loeb
37459636
37459636
37441353
37423763
37260261
36962671
36959636
36791069
36705921
36702617
36685324
36601560
36534400
36456018
36442064
36400089
36396301
36309019
36228641
36228639
36084120
 Allison McGeer
37441353
37441353
37406717
37346094
37335754
37327633
37308158
37130587
37079304
37073374
37072874
36999314
36942534
36912833
36912329
36905145
36870336
36756847
36756631
36749075
36632417
 Bonnie Henry
36507788
36507788
36369700
35531384
35473549
35438175
35149971
35084500
35081425
34388358
34244723
33826423
32721564
32124189
32000850
31922460
31869359
31605958
31204158
31204156
31166621
 Marianna Ofner
37424230
37424230
33419730
28108116
27989927
27609410
26852177
24171696
23392627
20502660
18044384
15752456
15200808
15200807
15030692
 David Rose
37441203
37441203
37378082
37310957
37176767
37151036
36907985
36848636
36848428
36824806
36762862
36655557
36343511
36340284
36263759
36129072
36128445
30969578
35790797
35755224
35690139
 Tammy Hlywka
15030692
15030692
 Joanne Levie
15030692
15030692
 Jane McQueen
15030692
15030692
 Stephanie Smith
37471071
37471071
37454053
37441614
37441353
37309296
37252624
37217184
37198899
37192652
37183997
37121899
37100783
37079304
37039424
36995730
36926511
36863563
36859321
36813500
36800566
 Lorraine Moss
27977707
27977707
23078120
20215608
19922661
16757722
15207056
15030692
14994948
12729262
12505889
 Andrew Smith
37478970
37478970
37449062
37435883
37426943
37414239
37410292
37410287
37406204
37396829
37390548
37343545
37330348
37327979
37327798
37308937
37306306
37273312
37257181
37245852
37236747
 Stephen D. Walter
37077125
37077125
36628522
36150550
35818759
34893634
34747027
34222771
34210723
34161623
34036521
33839240
33799361
33394206
33141834
32942056
32298777
32290817
32143862
31990061
31740536
Janet Raboud
37073374
37073374
36577960
36401610
36150077
36075492
35919763
34175944
33221269
33022315
32419657
32342504
32147300
32106792
32097251
32071142
31917750
31634186
31490959
30873953
30730358
 Altynay Shigayeva
37308158
37308158
36962695
36283495
34787495
33372989
29140429
26602266
26354970
24973312
24561988
24099873
20966108
20966105
20502660
18190317
15829207
 Erika Bontovics
22338326
22338326
20502660
19339469
18923766
16350862
 Martin Chapman
37468039
37468039
37391020
37228609
37188369
37186333
37101130
36547386
36459330
36304076
35861678
35799831
35750357
35726817
35605170
35569245
35386981
35343817
34508578
34457128
34246447
 Denise Gravel
29941432
29941432
27834161
27600052
27213039
26782274
26407250
26015790
25545311
25026632
24915227
24442080
24421830
24405855
24400070
24176768
23739072
23349739
23073484
22961025
22575285
 Stephen Lapinsky
36894256
36894256
36514792
35914736
35878805
35857245
35321901
35148698
34939139
34768020
34699138
34534620
34438068
34427297
34394713
33343690
32799912
32301773
31775866
31445613
31441937
 Mark Loeb
37459636
37459636
37441353
37423763
37260261
36962671
36959636
36791069
36705921
36702617
36685324
36601560
36534400
36456018
36442064
36400089
36396301
36309019
36228641
36228639
36084120
 Shirley Paton
22225643
22225643
20502660
18418495
18044384
17326753
17110969
16798699
16671028
16465642
16276960
15809906
15616316
15153927
15047521
12888761
12517012
12195352
12083232
 Donna Reynolds
37247879
37247879
37156553
37043550
36627178
36223159
34152710
33875467
33875459
33388083
33203404
31740537
31443711
30660199
30587234
25285126
24985159
23966556
22691430
21807056
20502660
 Damon Scales
37405813
37405813
37085046
37041014
37028905
36856636
36790198
36754880
36736487
36610663
36519986
36445799
36342151
36286084
36251422
36216432
36176725
36060453
36004553
35791008
35778320
 Sandy Shen
20502660
20502660
18684095
18551118
17502725
17492590
16880167
16632459
 Andrew Simor
37059224
37059224
36338454
36337595
36337359
35249564
34006036
33122675
32869855
32818423
36338181
32447283
32432674
32054539
31937397
31846487
31813967
31549165
31501180
31465264
31221563
 Thomas Stewart
37406426
37406426
37156670
37128264
37094121
36856616
36807465
36763856
36755543
36733993
36633838
36561174
36299427
36269852
36156738
36055061
35859171
35780813
35780466
35671050
35656334
 Mary Vearncombe
29844230
29844230
28011604
27834161
27765295
27378510
26571234
26190387
23997780
23910934
23266384
23221192
23073484
22575285
24294284
20502660
19933816
19697537
18945520
18175244
17491572
 Dick Zoutman
28105882
28105882
25366018
24773787
24679559
23608542
21546123
20502660
20464330
20130728
20022406
20022405
19697536
19217188
18834747
18538700
16150741
15954487
15685127
15532351
14993178
 Joel Mark Montgomery
