John H Beigel
37433788
37433788
37333252
37289541
37206623
37036397
37034641
36947462
35898343
35891697
35818363
35798000
35617986
35081298
35081293
34672949
34671773
34454432
34385356
34353998
34031659
 Pablo Tebas
37463049
37463049
37070542
36727840
36536105
36442063
36351430
36202799
35979886
35975297
35968737
35953331
35818363
35730977
35536669
35348047
35320704
35207719
35079784
35076699
35026142
 Marie-Carmelle Elie-Turenne
37040308
37040308
34841250
34223394
33000066
32697489
31735660
31582360
29108799
28522352
24205441
23445771
22943391
22632126
20426580
 Ednan Bajwa
36521262
36521262
36258171
34165010
33400890
30985215
30876654
30455077
29787304
29138899
28856588
28624388
28522352
28441231
28032130
27768389
27757516
27506755
27605253
27525994
27330812
 Todd E Bell
28522352
28522352
19925612
19821752
 Charles B Cairns
37423492
37423492
37327781
36411010
35952496
34501419
34363718
34242620
33938716
32706559
32618697
32166263
31631046
29210755
28522352
27811598
29953758
27580434
27157454
26791949
26707358
 Shmuel Shoham
37131659
37131659
37129285
37070102
36987595
36925381
36824860
36809542
36740590
36603694
36603033
36530631
36344141
36329567
36314809
36268708
36063397
35854988
35579509
35443020
35353960
 Jaime G Deville
36049477
36049477
35732186
35489377
35195573
33252495
32150005
32006006
29347903
29227466
28522352
27322719
26042486
24067561
23958810
23363826
22330046
22121380
21098522
20829400
20705627
 Eric Feucht
33853694
33853694
33427131
28522352
20539193
19888623
19683114
19509635
19267223
 Judith Feinberg
37266986
37266986
37261240
37150144
36755229
36546533
36534999
36370741
36362628
36343431
35969400
35965395
35956065
35883197
35839224
35770037
35743584
35731368
35696682
35440923
35033798
 Thomas Luke
37478503
37478503
37471568
37394780
37300971
37218899
37205496
37041324
36661240
36328459
36219871
35848780
35669950
35567512
35476443
35459832
35106573
34911556
34746119
34641729
34631576
 Kanakatte Raviprakash
34069575
34069575
32518668
32184032
31582360
31279565
30616930
30134892
29363446
29329957
28624584
28522352
28468884
27831541
27532807
26888429
26458805
26117150
24914538
24874668
24715294
 Janine Danko
35324972
35324972
29363446
28522352
26149862
23284613
23032166
21777640
21315764
21111785
19266397
17457175
17195324
16875084
 Dorothy O'Neil
20952691
20952691
17693748
 Julia A Metcalf
31157663
31157663
29427230
29308409
28522352
27880829
26979060
24896094
23678164
23468921
22448211
21385447
21214377
20622529
20235638
20196651
19726501
19432547
19129459
18456875
18448620
 Karen King
37441421
37441421
37418415
37148982
36449994
36041978
35973185
35942931
35735446
35486492
35414596
35249528
35165042
34931041
34629067
34377934
34091374
34054019
33832852
33743587
32941956
 Timothy H Burgess
36757946
36757946
36652247
36442063
36356586
36275868
36267247
36251675
35899278
35873301
35608504
35380448
35203111
35198647
35141345
35134203
35047649
34981057
34909439
34901299
34877361
 Evgenia Aga
37099295
37099295
36993419
36877848
36467293
35176755
34398236
34127579
34117753
31582360
30085241
30024859
29879542
29333522
28522352
28431010
27740537
26910502
26763968
26588174
26333941
 H Clifford Lane
37441774
37441774
37349033
37348524
37275364
37213438
37179012
37026003
36796971
36730407
36580481
36516078
36448028
36104754
36037469
36028577
36001716
35969864
35963234
35939810
35938597
 Michael D Hughes
37279602
37279602
37227925
37199401
37099295
37068272
36993419
36930628
36802755
36729692
36719546
36661240
36658128
36604746
36467293
36378539
36344770
36301549
36289399
36210483
36197875
 Richard T Davey
37474251
37474251
37383244
37289541
36725433
36442063
36415460
36394404
35202354
34467402
34379740
34268520
34125574
33831133
33655255
33367731
33306283
32511445
32427334
32053790
31963118
 Joseph Quinn
37461624
37461624
37309872
37307836
37252677
36873923
36821177
36605257
36520937
36371232
36209948
35986676
35969014
35808984
35779041
35725575
35573689
35487023
35448464
35213382
35204098
 Yan Jiang
37485804
37485804
37483544
37481947
37481418
37452452
37449924
37442551
37429258
37429008
37426809
37425404
37389112
37367010
37366863
37365430
37364020
37355640
37345941
37343585
37342912
 Robyn Hoelle
35450592
35450592
34813438
37426300
29341955
25671018
24851188
24851187
24826356
24205441
24106552
23445771
15919561
 Nicole Iovine
37383244
37383244
37381584
37227729
37039791
36401796
35780155
35617986
34772673
34718467
34672949
34223104
33754137
33306283
32426751
31924388
31439371
29534156
29444247
28774993
28348794
 Robert Shawn Wills
 Socorro Pata
 Monique Huggins
35304892
35304892
33219552
 Belinda Manukian
28840943
28840943
 Carrie Holland
27330812
27330812
 Kelsey Brait
34424096
34424096
34235459
34151287
33533193
33400890
33165621
 Taylor Hunt
36367093
36367093
32176345
31198541
25356668
23394078
 Christopher Stowell
32080877
32080877
31131442
31090093
31076407
31070258
30709560
30241180
28410307
28333704
28259520
28027790
27602671
27532507
27302626
27232383
26637812
26314936
26176390
26003002
25989465
 Amy Slater
36608433
36608433
36563473
34836084
34371312
34129105
33475925
33288655
33285385
33166875
33015543
32728942
32191132
32086189
31907699
31790960
31450163
30870744
30831334
30359869
30144484
 Mary Townsends
 Eugenia B Quackenbush
31834923
31834923
31631046
30512122
30459950
26791949
 Yara A Park
37204246
37204246
37190781
36730468
36480499
36093583
35797471
35486492
35398001
35085413
33720316
33063037
33030779
32696551
32449953
32063103
31783402
31696530
31645275
31309091
31173529
 Paul Gaither Jordan
26439658
26439658
 Cherie Blanchet
 Kevin Chronowski
32994333
32994333
 Kathleen Alvarez
34181458
34181458
28802766
23535731
 Darin Ostrander
37379584
37379584
37035495
36925381
36345940
34966840
34741800
34251742
33693551
33490381
33284498
33220125
32949093
32701209
32541558
32427721
30855688
29947471
29684106
29507971
27601609
 Terry Woessner
 Sandra Thoman
31840276
31840276
24689681
21214585
14692963
 James Lin
37453767
37453767
37437804
37317522
37315697
37196190
37158276
37061086
37004068
36998092
36812312
36750497
36706903
36662641
36597645
36423893
36403586
36388374
36321403
36186125
35914964
 Alyssa Ziman
37131659
37131659
36971055
36971017
36897771
36815517
36550639
35904145
35808950
35748692
35580621
35405021
35352362
35128658
34865065
34859437
34782422
34778986
34739730
34697811
34697808
 Kavita Shankar
33516073
33516073
 Tom Blok
30971414
30971414
26170309
 Don Batts
 Bob Beck
34351476
34351476
26799652
20221347
 Gail Massey
25567960
25567960
 Carol Bradley
37261417
37261417
36862569
33436136
27584891
27584885
25474657
25393135
25144948
22955214
12830123
 Patricia Carey
36776115
36776115
36033136
35399910
32106111
28671277
27917465
26826054
26559398
26247570
26126598
25823522
23617531
23530950
23111862
22804695
22778041
22535678
22460662
22132090
22014071
 Jenifer Baer
 Eva Moore Whitehead
 Sharon Kohrs
19770624
19770624
 Robert Giulitto
 Christina Schofield
35470232
35470232
34704330
33980262
33893210
33738323
33449110
33296270
32898271
32588899
32207528
32195118
31778201
31585850
31425515
30785191
30690493
30561578
30455911
29670775
27965904
 Mary Fairchok
36285797
36285797
36275868
33893210
32588899
30915948
30226131
29684211
29566007
29477403
29350887
28115671
27378367
27062998
26729246
26562321
25959151
25728083
23684816
23288925
26619166
 Susan Chambers
34140222
34140222
33813838
31625948
29747610
27498384
23773508
22938537
20650679
20583215
20499111
19220859
18996789
18400005
18095534
16962465
16279405
15812752
15754349
15711957
14635764
 Cindy Baker
37150904
37150904
36930644
36270125
35439308
34882797
34527280
34480357
33951087
32733171
32470001
31368840
27885042
26330185
24014354
22327275
22076684
15518621
15502799
14513533
12848401
 NULL RN
8079858
8079858
 Michelle Parker
37131813
37131813
36602151
36460344
35909178
34951319
34462341
33964271
33929950
33781787
33179023
33169140
32387440
32087139
32024558
31639674
31628203
31431498
30882857
30811323
30226785
 Marta Harshbarger
 M Hong Nguyen
37289087
37289087
37251705
37066226
36819900
36445082
36328637
36256451
35615296
35611348
35386295
35345665
35325089
35311523
35067241
34992845
34888961
34877364
34821423
34805426
34631917
 Mary Ellen Carey
20881664
20881664
19543064
 Julie Paronish
31279259
31279259
28267779
 Frank Cornell
36494017
36494017
35660812
34840088
33283202
32634163
30448457
29915217
29703965
29627865
27632640
26927008
25433360
 Jim Cramer
11808484
11808484
 Diana Lynn Pakstis
30628529
30628529
 Michael G Ison
37370204
37370204
37351456
37150240
37141401
36942560
36809306
36791160
36748658
36413505
36354250
35969003
35899968
35883256
35835913
35674237
35665721
35598293
35565336
35469360
35378753
 Richard Wunderink
37470277
37470277
37429434
37195462
37182534
37147690
37104035
37012484
37012080
36856712
36773112
36669500
36646082
36628676
36472425
36457059
36171440
36116810
36095143
35869779
35696591
 Marshall Glesby
37302794
37302794
37126820
37005979
36945413
36934200
36931242
36375131
36201225
35980785
35802662
35471420
35022578
34997392
34710157
34698505
34662867
34646911
34589822
34504336
34399058
 Kirsis Ham
27077672
27077672
23593417
17014060
 Valery Hughes
22512926
22512926
20123266
18193496
 Melissa Cushing
37390858
37390858
37244835
37026999
36564060
36528125
36377099
36122486
35834523
35732023
35648100
35633145
35323982
35253365
35233546
35213468
35090739
35022578
34904250
34504336
34499052
 Cheryl Goss
32897885
32897885
32810307
32128175
31975382
30873513
30747437
30203845
29203176
28528916
26919388
26459962
26456540
24735171
24611697
21177903
 Joanne Grenade
 Pauline K Park
36688507
36688507
36376112
35953441
35818363
35796152
35617986
34694761
34589715
34422343
34351722
34351721
34089739
33818393
33726819
33643427
33208679
33165621
33017106
32768079
32492354
 Lena M Napolitano
37314843
37314843
37246300
37010969
36661448
36328639
35953441
35920316
35319543
35213443
35172355
33793166
34589715
34422343
33818393
33740996
33643427
33630420
33267678
33208679
33201771
 Krishnan Raghavendran
37290846
37290846
37079432
37024759
36596930
36480131
36266111
36197656
35520392
35233841
35217888
35194169
34649070
34645565
34589715
34141529
33972153
33968819
33907897
33643427
33145608
 Robert C Hyzy
37387585
37387585
37227729
37137711
37052436
37052435
36854911
36812500
36650593
35607967
35522445
35485590
35413279
35372841
34351722
34351721
33731609
33714051
33372747
33354676
32568901
 Robertson Davenport
35815725
35815725
34748664
34424578
34407339
33951026
31254313
30758856
29776631
28485045
28370131
28043127
27601087
27092461
26954456
26932153
26864981
26463664
25793525
25557356
31051754
 Kristin Brierley
26192398
26192398
25149055
 Theresa Downs
35815725
35815725
24136681
18631162
 Michelle Ng Gong
37364280
37364280
37326646
36778909
36773367
36053664
35773197
35709825
35667748
35533185
35435803
35308462
35219277
35152936
34910228
34286609
33816518
33555780
33357147
33165621
33049156
 Joan Uehlinger
34631871
34631871
34273121
33846558
33665881
33521251
33476300
33300012
33003401
32987729
31900191
28840191
25548984
29043123
23720018
19192256
18482178
15371687
12702171
12559012
12097532
 Michael Lin
37429962
37429962
37287756
37163029
37157903
37122464
37102459
37070629
36918066
36847694
36759751
36507897
36467294
35993178
35927271
35885411
35862028
35846353
35830815
35816743
35803292
 Janice Fritsche
 Tondria Green
37486709
37486709
37486132
37485618
37484566
37483359
37483110
37482066
37481918
37480976
37480369
37479706
37479591
37479302
37479107
37478454
37478409
37478066
37475681
37475667
37475109
 Bruce McLeod
30033894
30033894
23390518
22578370
21122023
19951311
19630040
17898570
16377548
16188674
16056027
12874820
12378547
12378546
 Deena Patel
29437734
29437734
18363629
14682812
 Mary F Bavaro
30691524
30691524
28290932
26117150
23793671
24917725
22825269
22610457
22223813
21816297
19615306
16974211
15916283
12149175
11915016
 Robert Deiss
37375850
37375850
35997543
35723270
34704330
33901215
33296270
32588899
31778201
30925113
30917666
30915948
30785191
30691524
30690493
30561578
30537970
29315115
27936092
27532498
27378367
 Carolyn Brandt
34678054
34678054
33445976
28987439
21606540
21371580
21325137
21148532
17263654
15486846
12559781
 Stephanie Cammarata
30691524
30691524
26117150
22845485
19700138
 Allan Kremp
23884257
23884257
23337167
20614313
 Karine Hollis-Perry
11818921
11818921
 Tahaniyat Lalani
36757946
36757946
36652247
36577783
36442063
36356586
35873301
35618152
35608504
35380448
35141345
35075147
34981057
34909439
34901299
34494100
34430673
34331541
34117878
33980262
33893210
 Susan Banks
36476103
36476103
35702751
33981191
33485714
33269774
32848524
31941659
26854933
25273557
25265739
24945959
24945958
27820143
21448287
18820457
18256200
16813503
 Jacqueline Johnson
37051924
37051924
36609850
35065784
34825415
34644471
34299271
34023623
33960552
33606312
33339260
33207295
32745556
32667655
32169380
31922663
31430294
31040316
30306015
30169439
30036112
 Jason Maguire
36087588
36087588
35164991
34961633
34215452
32681472
28010246
27244061
26072151
25483360
24694929
23926139
23647926
23199489
22147794
21722243
21606540
21371580
21148532
20370920
20367478
 Janet McNiff
30355673
30355673
 Leslie E Rigg
 Anuradha Ganesan
37483895
37483895
37285474
37105760
37105643
36757946
36652247
36577783
36442063
36403584
36356586
36110787
35899278
35873301
35818363
35617986
35608504
35512377
35470232
35380448
35300038
 Irma Barahona
21876213
21876213
20515419
19072098
 Steven Spencer
37246637
37246637
36668713
36065608
35903406
35294316
34109982
33269795
33243275
31671172
30938579
26527633
26361054
25994695
24958589
24642382
24354476
23872349
23654360
23536363
23344461
 David Stagliano
35189586
35189586
33499465
28599039
28523894
26186560
25596098
25459362
18398386
17468663
 Timothy Burgess
36757946
36757946
36652247
36577783
36442063
36356586
36275868
36267247
36251675
35899278
35873301
35608504
35380448
35203111
35198647
35141345
35134203
35047649
34981057
34909439
34901299
 Daniel Talmor
37166425
37166425
37024938
37014964
37014462
36963965
36841494
36796189
36730796
36719457
36701820
36688507
36419634
36239747
36057666
35973716
35868844
35833958
35798633
35475882
35341072
 Monique Mohammed
29939778
29939778
20660321
20598100
19951323
17483302
 Valerie Banner-Goodspeed
37157813
37157813
37154066
37062350
37014462
36963965
36798752
36694330
36682611
36661449
36227771
36153214
36129891
35973716
35900078
35798633
35764202
35708572
35588052
35492258
35433315
 Robert Salata
37351455
37351455
37217165
37188437
37084170
36824916
36774938
36673546
36604746
36494144
36310795
36179278
36125299
36104248
36039892
35743539
35687192
35632513
35453240
35311529
35289688
 Robert Finberg
37274537
37274537
36893269
36065065
35891350
35675811
35617986
35290796
35145305
35045267
34888401
34618691
34293929
33930819
33495478
33306283
32445440
32413319
30992428
30723129
30428049
 Jennifer Wang
37474244
37474244
37469658
37453736
37453101
37428480
37425745
37402854
37368037
37347715
37344102
37340104
37333382
37295619
37276150
37274537
37272304
37269799
37263309
37205878
37192302
 Karen Longtine
27267310
27267310
20711070
20100086
18588934
 Jaclyn Longtine
27267310
27267310
20100086
18588934
 Mellissa O'Neil
 Philippe R Bauer
37199554
37199554
36628662
36603956
36137351
35960275
35295789
34996564
34928960
34696738
34605775
34461380
34381030
34218846
34192060
34046636
33872917
33851175
33673913
33523609
33153629
 Ognjen Gajic
37466643
37466643
37455464
37431943
37295880
37273949
37226483
37186248
37157813
37085850
37028977
37007579
36972378
36870069
36818750
36763355
36759395
36729758
36724023
36692665
36648390
 Suanne M Weist
24573184
24573184
24203062
22992702
20682842
 Jonathan Sevransky
37486186
37486186
37415141
36853612
36790189
36778909
36661458
36600780
36297099
36284548
36259061
35838258
35715504
35612454
35500527
35485591
35308462
35254142
34643578
34605781
34599691
 Mona Brown
29588353
29588353
29038277
28526374
27419080
 John Roback
37465682
37465682
37398319
37367252
37363865
37287128
37213426
37167972
37015925
36798414
36794568
36638399
36519703
36511813
36485081
36483398
36426572
36324804
36268063
36197988
36084206
 John Oropello
37486677
37486677
36479444
35640895
34259453
33160549
33145559
32796183
31774029
30688716
29983224
29256894
28863012
28529913
27652209
27575774
27083042
27077024
26608426
26262950
25767929
 Bridget Twohig
28159645
28159645
27064124
26608426
25520825
 Jeffrey Jhang
34472116
34472116
34386899
34334702
34013020
33963565
33810899
33795830
33247020
33142304
33125158
33104179
33015652
32934372
32839624
32798271
32511655
32511562
30498492
28833250
26660053
 Rahgu Seethala
37486534
37486534
37486533
37257452
37022512
37018766
36949375
36746884
36504010
36272768
35968528
35876443
35864811
35715530
35667947
35646204
35594555
35482915
35271726
35175560
34870795
 Wilbur H Chen
37466221
37466221
36916782
36907197
36373096
36042229
35616717
35465983
35402869
35202354
34978547
34793441
34708664
34465472
33949661
33928899
33822577
33744049
33505681
33485646
33122444
 Magali Fontaine
37396895
37396895
36971017
36924403
35808950
35770742
35763062
35748490
35610747
35037607
34912832
34796962
34258783
34258774
34181247
34125181
33941569
33893156
33880789
33743799
33688640
 Kapil Saharia
37393920
37393920
37023025
36963628
36695703
36695690
36695611
36517603
36508446
35731912
35537186
35505864
35418022
35410523
35301181
34956207
34905269
34068377
34016288
33154008
32046661
 Jennifer Husson
36345940
36345940
36254510
35537186
35505864
34750294
34578412
34453519
34099328
33277801
33150966
32701209
31675457
31408588
31173815
30824387
30184310
29536030
 Roberta DeBiasi
37473994
37473994
37366529
37279751
36997691
36446920
36402122
36312284
36150781
36006250
35670605
35169809
35116027
35024862
34968374
34889874
34799633
34607617
34462035
34348808
34181987
 Jurran L Wilson
31760392
31760392
27840023
27542733
26663363
25622235
 Valli Ree Criss
 Jocelyn Voell
37383244
37383244
34379740
29329957
28929521
25830322
24186906
19569973
18205997
16652279
15958846
 Susan Leitman
34309028
34309028
33760230
32243619
31415245
30605731
30444537
30423480
29728700
28211956
27448805
27167356
26243387
25943566
25857209
25212424
25209879
25143186
24916507
24319245
24244025
 James Wade Atkins
 Hemaxi Patel
34272154
34272154
20220048
 Traci Paige
35852065
35852065
32324039
30908075
 Cathy Cantilena
36370385
36370385
36181424
35301751
34089610
33758897
31388150
31308544
30444537
22304422
 Donald Siegel
37224816
37224816
37011008
36477542
36394989
36350986
36332195
36169155
35858951
35478372
35349631
35314843
35110735
34788233
34591562
34286305
34242007
34176993
34156874
34035355
33547459
 Faye DeMuth
34788233
34788233
 Craig H Fletcher
31332158
31332158
25504278
23384104
12806293
 J Peter R Pelletier
37395199
37395199
35304892
34430129
33031157
30768787
30172359
26691349
 Hassan Alnuaimat
35874306
35874306
35620675
34476657
33738096
33718496
33343878
32816196
32655855
31699236
30860859
30128541
30126314
29626975
29588353
29168664
29038277
28912909
28889887
28868178
28779703
 Michelle Pourde
Arvind Gharbharan
37248664
37248664
36809473
36561181
36007870
35867699
35546145
35076699
34767118
34293119
34135028
34045486
28299618
27897414
 Carlijn C. E. Jordans
36695464
36695464
35796730
35138722
34767118
34293119
34102218
34045486
33993276
 Corine GeurtsvanKessel
37337587
37337587
37270109
37261212
37248664
37231290
37198189
37088096
37080227
36798087
36657480
36608645
36560665
36524126
36507223
36481703
36402141
36354032
36301821
36257333
36075232
 Jan G. den Hollander
37392435
37392435
36608645
36462966
36402141
36301821
36117237
34098235
34045486
33720552
26485437
24929751
21266513
20335289
19861085
19704267
17827141
16556632
16120867
15905679
15807872
 Faiz Karim
36007870
36007870
35652730
35280599
34625911
34053316
34045486
33326732
33188420
33077247
32449962
31669684
30734497
30729031
29329899
29088583
28968906
28830675
28229544
28177871
27012661
 Femke P. N. Mollema
36225743
36225743
34045486
33993276
29868174
19712031
 Janneke E. Stalenhoef – Schukken
 Anthonius Dofferhoff
34640576
34640576
34045486
33201791
30660617
30527953
26102531
17395686
 Inge Ludwig
34045486
34045486
33945289
26599962
24795837
24307538
24211036
21509873
20865296
20128795
19724232
18491961
 Adrianus Koster
35365860
35365860
34045486
 Robert-Jan Hassing
37149240
37149240
35172611
34791074
34293119
34104968
34045486
33899226
33312999
32901794
32512291
31523978
30756003
29671174
29563001
27132191
26960438
26625301
24655478
22943277
22357400
 Jeannet C. Bos
37309251
37309251
34045486
33951156
30917981
29522167
29202789
29112711
28703719
24568650
24130098
 Geert R. van Pottelberge
34045486
34045486
24232707
21037022
20920344
20307269
19811388
19201711
19096002
 Imro N. Vlasveld
35736354
35736354
34045486
33068758
28470023
 Heidi S. M. Ammerlaan
36608645
36608645
36402141
36301821
35922102
34627499
34045486
33779419
33031834
32698043
30660617
29777055
28661015
28546336
25694654
22396430
21719473
21719471
19246507
19231978
 Elena M. van Leeuwen – Segarceanu
 Jelle Miedema
35643466
35643466
35594703
35316570
35048953
34949705
34531219
34183524
34054876
34045486
34044401
33156462
33110452
33068525
33062933
32657837
32445186
31651327
31622413
30760543
30567932
 Menno van der Eerden
37263749
37263749
35534798
35086832
34962725
34045486
33713005
33688175
33431879
33277340
33010444
32723393
32554759
32353898
31974920
31449361
31393073
31203097
30635292
30443554
29164144
 Thijs J. Schrama
35177626
35177626
34045486
33795484
 Grigorios Papageorgiou
37010512
37010512
37000348
36881296
36875647
36608645
36402141
36301821
36007870
35921542
35869843
35093534
35045295
34970920
34102658
34073045
34045486
33656518
32061920
32038471
31816120
 Peter te Boekhorst
36105914
36105914
36073515
35921542
34941989
34363011
34235398
34226147
34045486
33932725
33570633
32420612
32246478
31730713
31448223
31427260
30442723
30309877
29980572
29773572
28336242
 Francis H. Swaneveld
36716825
36716825
35296077
34045486
33073359
 Yvonne M. Mueller
37012057
37012057
36921041
36608645
36402141
36301821
35177626
35022277
34045486
33931637
33596640
33007259
32851167
32678841
32579593
31998326
30366100
30111569
29563914
29507875
29358931
 Marco W. J. Schreurs
37470032
37470032
37311646
37015822
36932139
36930145
36904179
36750254
36734401
36704908
36515466
36481703
36228374
36030246
36018390
35988409
35875984
35464346
35280599
35276990
35276832
 Jeroen J. A. van Kampen
36921041
36921041
36507832
36347497
36305171
35255136
34863783
34762662
36247820
34361882
34193302
34045486
33993276
33931637
33862215
33813108
33507309
33431879
32887284
32752001
32632160
 Barry Rockx
37419283
37419283
37363258
37363242
37363223
37306574
36807371
36560779
36538650
36298652
36058935
35896553
35891358
35787236
35737747
35670284
35442976
35361968
35255100
34672091
34499051
 Nisreen M. A. Okba
36823022
36823022
35853863
34162739
34045486
34043806
33772778
33731724
33577765
33356979
32641684
32632160
32591408
32540902
32471334
32409714
32366817
32325037
32303590
32267220
32260186
 Peter D. Katsikis
37327673
37327673
37198662
37012057
36921041
36608645
36480208
36402141
36352099
36301821
35947077
35746657
35477960
35177626
35022277
34741119
34643608
34045486
33931637
33007259
32851167
 Marion P. G. Koopmans
37432120
37432120
37428085
37363259
37363251
37363242
37165456
37154754
37100150
37088096
37061395
37056741
36898404
36852195
36846152
36796689
36680252
36680055
36657480
36640441
36581271
 Bart L. Haagmans
37359531
37359531
37154754
37072183
37012235
36895554
36857443
36856426
36823022
36657480
36257333
35858586
35853863
35787236
35779493
35739576
35737747
35725735
35695453
35637337
35471062
 Casper Rokx
37454762
37454762
37392435
37199566
37083439
36921041
36809473
36695464
36608645
36605197
36561181
36402141
36347497
36305171
36301821
36007870
35969465
35796730
35769632
35640596
35615294
 Bart J. A. Rijnders
37395254
37395254
37248664
37105693
36921041
36905147
36809473
36642232
36608645
36402141
36301821
35869843
35546145
35489606
35177626
35150881
35113647
35076699
35076698
34999607
34793394
Anup Agarwal
37486010
37486010
35076699
35076698
34607865
34287194
33818467
33766185
33727324
33093056
32986096
32611927
32362645
32362643
32362642
31268000
30761228
29916437
28217703
26908666
35517842
 Aparna Mukherjee
37335860
37335860
37071959
36926782
36812258
36795272
36384482
36380335
36336903
36328357
35946230
35843834
35443627
35395777
35076699
35076698
34855068
34837363
34837361
34837360
34643570
 Gunjan Kumar
37404920
37404920
37335860
37273442
37250326
37243068
36993043
36993032
36795272
36469776
36110794
35968058
35946237
35946230
35873606
35847132
35843834
35694067
35076699
34851069
34713684
 Pranab Chatterjee
37383668
37383668
36977524
35773680
35588754
35238356
35170456
34607865
34112649
33906988
33822232
33766185
33093056
32811799
32801227
32801225
32773429
32773427
32773425
32773423
32773419
 Tarun Bhatnagar
37193348
37193348
37116929
37056073
36816535
36621943
36510881
36468600
36289478
35939442
35843496
35816497
35757827
35562730
35436666
35336918
35258122
35018308
34968773
34965276
34890407
 Pankaj Malhotra
37474001
37474001
37470909
37454759
37439892
37417073
37404274
37393146
37383548
37362405
37362403
37354501
37346770
37324565
37304488
37304472
37304469
37291989
37287566
37192731
37186500
 Anup Agarwal
37486010
37486010
35076699
35076698
34607865
34287194
33818467
33766185
33727324
33093056
32986096
32611927
32362645
32362643
32362642
31268000
30761228
29916437
28217703
26908666
35517842
 B Latha
36837784
36837784
36474489
35635500
34607865
33639072
32015947
31989911
31960771
31734448
31560224
31167575
30479725
29417027
29174446
29151634
28954384
28618985
28129718
25259408
27616795
 Sunita Bundas
37006984
37006984
34607865
 Vivek Kumar
37470603
37470603
37470591
37467359
37449089
37421717
37398752
37389366
37383790
37356964
37355843
37322184
37292232
37275095
37269502
37252498
37234430
37222858
37209197
37208237
37207774
 Ravi Dosi
34607865
34607865
33942747
33686973
33223664
32798340
32553326
25810665
 Janak Kumar Khambholja
 Rosemarie de Souza
37449696
37449696
35830023
35598132
34607865
33958335
33835886
32798339
31911740
31311221
28671150
28405984
29897698
25540968
22557826
22555893
 Raja Rao Mesipogu
36926783
36926783
 Saurabh Srivastava
37467865
37467865
37431285
37366153
37346363
37326755
37315723
37275039
37268278
37194005
37150812
37009379
37003379
36988279
36963313
36958539
36958476
36907495
36796555
36702974
36690130
 Simmi Dube
37124428
37124428
35939442
34965276
34607865
34189890
34170654
29224090
28323952
26313215
26308294
26141615
25870188
25869240
25557731
25305282
25303491
25260537
24771091
24414173
24009261
 Kiran Chaudhary
35101627
35101627
35069136
33867746
33250595
33223863
32425391
32327326
31894103
31670152
30938796
 S Subash
24596720
24596720
 S Anbuselvi
34035612
34035612
25288054
 V Rajendran
37478411
37478411
37453521
37402616
37318201
37266779
37097402
36997516
36906211
36844521
36838092
36838079
36816669
36702188
36548786
36445509
36179884
36179883
36110738
36103285
36089084
 A Sundararajaperumal
 P Balamanikandan
31267258
31267258
 R S Uma Maheswari
23468800
23468800
23284490
 R Jayanthi
36609897
36609897
35192183
35037501
33411613
32027679
31916747
31536801
31235170
30638396
30448778
29851549
29434060
28701285
27848111
27756944
27169132
26677065
26396878
23873196
23204733
 S Ragunanthanan
37437390
37437390
 Sudhir Bhandari
37449690
37449690
37449687
37354471
36825710
36794635
36610846
36573628
36571095
36540727
36452670
36451947
36213661
36082881
35946182
35768707
35702852
35598128
35438274
35086254
34631494
 Ajeet Singh
37449687
37449687
37275272
37266406
37266085
37196104
37112748
37076034
37049864
37032427
36998895
36952223
36872966
36797682
36714783
36656480
36632599
36632339
36577302
36516185
36481956
 Ashok Pal
26258053
26258053
 Anjali Handa
35516708
35516708
32984147
 Govind Rankawat
37449687
37449687
37354471
36082881
35702852
35598128
35438274
34259173
33790504
32905072
32610873
32602679
 Ketan Kargirwar
37355843
37355843
35719444
 Joyce Regi
 Darshana Rathod
37476436
37476436
37417172
37355843
36719045
36618175
36120642
36089730
35796318
35785931
35782671
35719444
35338041
34966651
34916740
34882192
34846349
34571644
34527410
32643909
32379719
 Edwin Pathrose
35110855
35110855
29657379
29207770
29157899
27790429
 Nirankar Bhutaka
 Mayur H Patel
 Rahul J Verma
26244950
26244950
 Kamal Malukani
37220431
37220431
32354878
30598567
29893345
29798962
29744318
29692596
29355165
27621787
26881548
26539379
26405404
25745297
25097328
24577716
24518732
24214583
23781638
 Shivani Patel
37480377
37480377
37401888
37383342
37364684
37343812
37307219
37243059
37240063
37237022
37228144
37205423
37194456
37193798
32491637
37050946
37034033
37033595
36994277
36923287
36921951
 Apurv Thakur
 Satish Joshi
35881418
35881418
23810167
23089798
17265924
28076232
 Rashmi Kulkarni
37025219
37025219
36883884
36682870
35136743
34654054
31985402
31506588
31064875
30598567
30270482
28713824
28417220
28094219
27440719
27122173
27089418
28677378
25220151
24971653
24971075
 Nilay N Suthar
35848652
35848652
27563588
27044730
 Nehal M Shah
35848652
35848652
 Hemang M Purohit
35848652
35848652
22529461
 Cherry K Shah
 Monila N Patel
17453883
17453883
 Saket Shah
37382802
37382802
37244397
36950481
36708406
36531928
36458064
36372542
36203102
36098051
35867142
35739560
35695142
34906257
34779658
34351026
33927812
33771936
33766997
33273783
32610855
 Smit T Shah
16478400
16478400
 Tehsim Memon
36415359
36415359
 Vishal R Beriwala
 Kusum Jashnani
37122798
37122798
35982885
33078754
32493681
31873936
31550721
28195119
27721299
26875595
26275281
25378856
24648676
23924561
23455827
22121287
21572724
21187583
21045383
20666922
20090262
 Fatema Ezzy
 Simran Agrawal
34287194
34287194
32986096
 Rakesh Bhadade
37449696
37449696
35598132
32798339
31911740
31311221
28764268
28761526
28671150
28405984
27076712
29897698
25425776
25143908
24737258
24106368
22557826
 MN Atish
 Tushar Madke
35598132
35598132
33958335
32798339
 Vikas Kavishwar
36331842
36331842
31570342
31550721
30468313
27510688
26960663
25906539
25657486
24943765
24640220
23661952
21900005
21045461
 Ramesh Waghmare
26259314
26259314
25906539
24640220
24482959
21900005
12800711
 Nitin Valvi
28966492
28966492
28367035
 B Thrilok Chander
34607865
34607865
33072873
31979933
 A Vinaya Sekhar
33072873
33072873
31979933
 Akhilesh Kumar Maurya
36868290
36868290
36708865
36355278
36072559
35947118
34336526
36570699
34132436
33884552
33376861
32835632
32476594
 K Hemanth
26424143
26424143
21455456
 K Nagamani
36513449
36513449
34555571
21931947
18421022
16268603
 K Sudha
37299004
37299004
37182634
36978692
36125123
35159660
35035858
34366576
34363840
33549672
33482524
33080358
31698636
30638396
28551438
28472686
28185930
28174087
26952703
26538955
25300546
 T Ravi Chandra
35916666
35916666
 K Tushara Rao
 J Vyshnavi
37275111
37275111
36171943
36032932
36032823
34725000
31807120
23983297
 Rashmi Upadhyay
35232354
35232354
34079676
33575395
30413750
27625464
26165901
25814802
25477361
25371437
25085948
23257648
 Shalini Bahadur
34607865
34607865
34596329
28772003
28332304
27279691
27217681
26881681
26458655
25190981
25177566
24794324
24705517
21572718
20859522
20667788
19842393
 Rambha Pathak
37039218
37039218
36993083
34322424
33354023
32953916
32509666
32154308
31303690
30220845
29540970
28827869
27843844
27625442
27366719
26322778
24179899
24027741
21966151
23785884
23289042
 Shikha Seth
37291775
37291775
36879933
36877672
36119197
35261838
34759703
34131541
33767566
33592686
33489531
33409063
27721643
26225345
23833529
23029827
23024518
22808355
 Rakesh Gupta
37434718
37434718
37356030
37348159
37273559
37165686
37082388
37033580
37024358
36998645
36934663
36877672
36756341
36714949
36683411
36662309
36660403
36598926
36591580
36577183
36572323
 Rita Saxena
35939442
35939442
34965276
24262448
17566887
 Preksha Dwivedi
34781657
34781657
33723658
31858912
31022057
 Reeni Malik
34280846
34280846
31516228
23833401
19008580
17883149
15471126
15025342
15022940
 Deepti Chourasia
 Jaya Lalwani
33767496
33767496
33390676
31198502
26712981
21712878
21224972
20882170
17879507
 UM Sharma
37451831
37451831
37126127
37121351
37090438
36864851
36323878
36234665
36071074
35545293
34997595
34797497
34767620
34439147
33991479
33839567
33670571
33455485
32795137
32717409
32473302
 JL Marko
37082967
37082967
33958719
29953031
29712741
 Amit Suri
37077053
37077053
35870368
34607865
18552687
19675758
19675751
16765181
16698385
16548730
16391438
16075153
16040090
15992882
27407480
28790724
28790716
 Vijay Kumar
37483837
37483837
37482156
37453025
37451577
37449089
37441387
37427194
37425093
37423035
37421530
37417549
37398875
37398868
37385308
37380989
37374937
37362707
37362123
37350525
37350313
 Rajnish Kaushik
37056840
37056840
33223863
30294133
19616766
19059618
18451984
15246656
14993654
14963128
 Parul Kodan
37323725
37323725
36695269
36482946
36082900
35966176
35435350
34974056
34826383
34719599
34707019
34541719
34430160
34396610
34297323
34221930
33732476
33642491
33390410
33154211
33128859
 Bhabani Prasad Acharya
33282760
33282760
33110836
33102302
31415676
31348808
 Kuldeep Kumar Gaur
 Anubhav Gupta
37395900
37395900
37059694
37006984
36807130
36687553
36387622
35342563
35079261
34792747
34326972
34297323
33867746
33444066
33250595
33223863
32728330
32425391
32327326
31675831
31533440
 Prerna Sachdeva
34908768
34908768
33867746
32425391
32327326
28540891
28528807
 Shruti Dogra
36476574
36476574
36335943
34307221
32031133
31330664
30983813
29937916
29922354
29692595
29442350
24455600
24403771
23766615
22993474
 Aikaj Jindal
37162745
37162745
36734509
36102136
34607865
33162711
29673692
26288426
24348863
 M Joseph John
36467512
36467512
34362874
34091452
33656752
33313471
32837051
30127581
30046755
29726078
29673692
29622893
29622870
29530635
28474594
27408348
27076726
26770957
26576524
25548447
25118751
 Avtar Singh Dhanju
 Ranjana Khetrepal
 Neeraj Sharma
37450062
37450062
37383134
37378110
37363037
37349364
37308093
37296806
37279402
37273329
37272896
37265678
37219429
37217482
37181145
37022088
37012764
37008496
36937110
36925767
36909300
 Neetu Kukar
35516708
35516708
32984147
32792771
26229347
 Divya Kavita
34660381
34660381
 Rajesh Kumar
37485521
37485521
37485403
37485032
37458154
37443120
37427893
37418197
37417199
37409646
37404802
37398778
37390516
37368643
37351857
37343455
37316507
37315855
37313050
37312762
37288373
 Rajesh Mahajan
36662633
36662633
36029277
35754672
35663648
35522834
35102932
34912692
34912685
34092844
33487898
31543582
31303705
30856020
27687424
27687423
27185730
27185688
27041268
26440440
25954652
 Gurpreet Singh
37359395
37359395
37358863
37351088
37336199
37332445
37303354
37274545
37198075
37155425
37152698
36987488
36976225
36969449
36958539
36947874
36938438
36917357
36895658
36845220
36812096
 Jaspreet Kaur
37417164
37417164
37379232
37361240
37338287
37289818
37225682
37128673
37116833
37052191
37038509
36968941
36862145
36827665
36818941
36778047
36725060
36699554
36651985
36541743
36505586
 Raminder Pal Singh
 Rajni Bassi
28596659
28596659
 Swapneil Parikh
36438034
36438034
36135811
35309488
34772636
34490316
34194420
33858931
33844696
33768104
 Om Shrivastav
37378767
37378767
34607865
34379420
33995121
33558857
33132570
31143864
29313276
28966494
 Jayanthi Shastri
37378767
37378767
37171852
37115804
36713977
36680289
36438034
36326035
35843834
35461911
35398410
35368471
35336868
35238369
35238366
35238354
35211985
35157945
35075682
34999210
34772636
 Maherra Desai
32699502
32699502
 Shreevatsa Udupa
33858931
33858931
33844696
 Varun A Bafna
 Vijay Barge
34607865
34607865
32768017
 Rajendra Madane
 Sheetal Yadav
37346791
37346791
37289365
37266080
37257756
37014567
36776176
36400900
34825025
30078965
23504481
 Sanjeev Misra
37378942
37378942
37362128
37325312
37273074
37032230
37006984
36913920
36879727
36708551
36684498
36660166
36618255
36582579
36427099
36247496
36174458
36148177
36060159
35975857
35843496
 Archana Bajpayee
37006984
37006984
36387622
35904836
35100564
34812224
34792747
34607865
30692793
28970694
23867188
23736924
22790265
 M K Garg
 G K Bohra
 Vijaylakshmi Nag
37251844
37251844
34067745
30448333
 Puneeth Babu Anne
37006984
37006984
34747831
33069216
 Mohd Nadeem
32984190
32984190
32509681
22642822
 Pallavi Singh
37483837
37483837
37350263
37209728
37206954
37113239
37093081
37055610
36989352
36974465
36877493
36826003
36819796
36813239
36691724
36675193
36620533
36584855
36540607
36506011
36437749
 Ram Niwas
36993056
36993056
36671579
36004928
35315422
34747376
33871343
33776093
33682811
33660246
33506066
33471354
33393643
33304398
33169811
33059412
32869269
32754523
32696629
32447949
32367853
 Niranjan Shiwaji Khaire
37432435
37432435
36926791
36510884
35381811
35266307
33818468
33818467
24497173
 Rattiram Sharma
32088302
32088302
32017306
18785287
 Mini P Singh
37356827
37356827
37251844
37097038
37005272
36926791
36611040
36510884
36384482
36352332
36279515
36156752
35965883
35921029
35818743
35799110
35488689
35411310
35261492
35257382
35144268
 Naresh Sachdeva
37406035
37406035
37275818
37222055
37152002
37123983
36889512
36861582
36777473
36688892
36518249
36457207
36449759
36351798
36249235
36092193
35857132
35856247
35822711
35652510
35534494
 Suchet Sachdev
37362405
37362405
37006973
36625935
35835317
35035128
34177140
34149866
34013981
34013968
33818467
33162719
31496528
31417031
31388251
31360024
31061888
31024201
31024196
30692804
29398812
 Rekha Hans
37188026
37188026
37188009
36687547
36628444
36065827
35835317
35532644
34930853
34316182
34149866
34013981
34013968
33818467
33527338
33173460
32962820
32527615
32196923
32017306
31896913
 Vikas Suri
37400069
37400069
37274588
36926791
36814249
36778618
36715045
36694451
36691955
36611040
36510884
36411717
36279515
36178600
36149125
36119302
35965883
35880294
35856283
35818743
35817494
 LN Yaddanapudi
37058727
37058727
36926791
36510884
35719459
35497704
34887325
34736990
34349392
33818468
33818467
33571916
33490095
33402800
33402610
33271684
33100641
32863647
32832732
32512532
32367857
 PVM Lakshmi
37126654
37126654
36963029
36962491
36751766
36715045
36611040
36609613
36067916
35965883
35921029
35910868
35758288
35704349
35526584
35516680
35512128
35381707
34915352
34889120
34822894
 Neha Singh
37485642
37485642
37485171
37434879
37403007
37399344
37393492
37383015
37377463
37361404
37351693
37329447
37322735
37308566
37304037
37302032
37284389
37279863
37273426
37260665
37252525
 Divendu Bhushan
36618209
36618209
36387740
36352995
36119319
36119176
35928076
35519923
35443480
35425707
34916742
34385221
33838952
32728328
31741841
31360034
31331159
31311227
31304717
30341869
30341849
 Neeraj Kumar
37463063
37463063
37458261
37451582
37434668
37417154
37362891
37361480
37339045
37314632
37313293
37309552
37231182
37216358
37209182
37206204
37179667
37167903
37160278
37148041
37065881
 Muralidhar Tambe
34870133
34870133
34607865
34586055
34332569
34187814
34128766
33651825
32496252
32334554
24748362
23566309
 Sonali Salvi
37143627
37143627
36734902
36528762
36386600
36159243
35836747
35777254
35196173
34946862
33692804
33097028
32955432
32818219
32573318
31736725
31664933
31645362
31235099
30475169
30347953
 Nalini Kadgi
37331496
37331496
27011435
24783101
24320966
 Shashikala Sangle
36734902
36734902
36528762
35909172
35836747
35788753
35777254
35748404
35622406
35495842
35196173
34946862
34375300
34021711
33843656
33676589
33136750
33097028
33083773
32818219
32678033
 Leena Nakate
37331496
37331496
34586055
33313926
30971567
27821987
 Samir Joshi
37255895
37255895
37213941
37069524
36919010
36866131
36452693
35788753
35607538
35568445
34586055
34503927
33083773
33014907
32775217
31283794
30996551
29731583
28479714
28329303
28303828
 Rajesh Karyakarte
37406039
37406039
37397651
37331277
37173394
37143627
36968876
36582115
36514661
36241143
36119300
35664398
34711538
34425246
32743723
12696735
 Suraj Goyanka
 Nimisha Sharma
37351213
37351213
37134101
37026228
36526239
36190253
35618649
34807377
34607865
34089218
33775921
33533152
32193655
31579169
31524134
30948878
30862564
30632120
30395243
30102332
29097776
 Nikhil Verma
37448756
37448756
37388861
37388859
37388204
37366164
37345254
37270111
37236360
37129097
37123991
37101859
37051286
37044300
36945147
36919508
36919504
36898592
36876746
36876745
36811557
 Asim Das
37442616
37442616
37322634
36047183
35923100
35915715
35419027
34971849
34535131
33904816
33891569
33552028
32659327
32648188
32234239
32181435
31931406
31366900
31143008
35516403
30945018
 Monika Bahl
31485015
31485015
31485014
26366760
25969191
25401445
23201805
 Nitya Wadhwa
37345372
37345372
37322634
37296935
37251633
37159588
36946746
36805325
36579417
35681012
35428680
35312132
35305396
34843530
34838183
34785811
34737862
34094994
34038632
34003792
33931016
 Shreepad Bhat
34607865
34607865
34431268
33527804
26259423
18939992
 Shweta Deshmukh
32611681
32611681
 Vrushali Wagh
 Atul Kulkarni
37056088
37056088
36960106
36896361
36896360
36896359
36896357
36876196
36873592
36599688
36042768
35712738
35656042
35656037
35615611
35615610
35416571
35110840
35110831
35027804
35027792
 Tanvi Yardi
 Ram S Kalgud
 Purushottam Reddy
22324155
22324155
17174867
 Kavitha Yevoor
17883160
17883160
 Prashanth Gajula
 Vivek Maleyur
 S Medini
36977711
36977711
36599850
36129279
35837124
35246665
34672423
34257845
33847225
30837982
30661831
30135218
29152576
27336786
26888921
25483351
25440661
25155845
23665454
23588089
21704132
 HN Mohith
31979936
31979936
 Anil Gurtoo
36597661
36597661
34607865
34470198
34189882
33247644
33247642
31299841
30335516
24974443
23481073
23112435
21427497
20660328
12206344
 Ritika Sud
33247647
33247647
33247644
28799323
28598068
25484400
23777034
23481073
19810382
 Sangeeta Pahuja
37188021
37188021
36766473
36199420
35789061
33767540
28970691
28316433
25824705
25177566
25161360
25161350
24794324
23399366
22971538
22971537
21839025
21503907
21427497
21084010
21045429
 Anupam Prakash
37448937
37448937
36994026
36907655
36712006
36597661
35707299
35443532
35443346
35248973
35248972
35225583
35222851
34979240
34827033
34472786
34189882
34149215
33527812
33247647
33247644
 Parijat Gogoi
 Shailja Shukla
33152967
33152967
32219079
29118966
26538723
 D Himanshu Reddy
37006095
37006095
36272391
36032561
35443424
34698413
34607865
34607306
34600752
34041194
33610243
30112314
29843993
29327518
 Tulika Chandra
37140992
37140992
36687541
36265832
35053307
34977259
34349456
33767553
33527482
33162705
33107488
31988148
31896919
31646444
31511637
31473341
31235132
30621514
29195919
28750725
27584786
 Saurabh Pandey
37484436
37484436
37463525
37355501
37286383
37082711
37006095
36934590
36927087
36877833
36762384
36671761
36588599
36345262
35910822
35755707
35722650
35690624
35603185
35592484
35585602
 Pradeep Maurya
36211151
36211151
36060079
35694063
35512198
34967553
33354180
31595119
30070007
28904579
28870564
28248918
27861219
27777245
27625436
27612674
27159892
26694177
23027105
22371623
21272895
 Wahid Ali
37453780
37453780
37392576
37384101
37214122
36803041
36731675
36720415
36655739
36649897
36592840
36431323
36058182
36032561
35945080
35547942
35431474
35345814
35299814
35143900
34884269
 Kamlesh Upadhyay
35680011
35680011
34607865
34460819
32490754
30709372
27809807
26402332
25969659
23852306
 Nidhi Bhatnagar
37188010
37188010
37033756
37019548
36785639
36199392
36152213
36097749
35765257
35136812
35003537
34747804
34600752
34545590
34545579
34321726
34223027
34041138
34035577
33681007
33209755
 Nilima Shah
37397846
37397846
35136256
34385727
30416302
28214790
28031599
27891433
27114628
26997733
25114423
21197513
20656709
20585818
20511195
20464624
20303002
19936615
19619241
19549163
19277837
 Mamta Shah
37287385
37287385
37188010
36872676
36199392
35801006
35392303
35272820
34775681
34486748
34146027
33685814
33542917
33252563
33162721
32941163
34457697
31360008
31092650
30739729
28889730
 Tarak Patel
37188010
37188010
36199392
33162721
31360008
30847281
29637031
29322703
27011681
27011674
26029841
25754140
25722582
24678170
20204127
19634649
18796671
18718505
17867920
17581899
17328649
 Ram Mohan Jaiswal
37378774
37378774
35060351
34673628
34548879
23525023
 Ashish Jain
37477545
37477545
37403859
37374096
37346852
37272163
37217361
37188008
37188007
37161957
37146724
37125584
37006973
36987442
36917710
36873963
36847967
36789465
36742753
36735885
32809353
 Shweta Sharma
37458990
37458990
37348524
37251528
37213438
37206799
37163236
37102489
37033483
37027349
36879389
36744692
36713709
36677588
36655571
36653068
36598771
36586343
36580481
36510898
36505991
 Puneet Rijhwani
36683331
36683331
34933819
34781669
34136322
34046267
27604432
26259313
25024476
22926233
 Naveen Gupta
37335120
37335120
37078484
36862294
36809361
36726663
36505983
36422415
36337590
36234361
36233569
36199306
36189502
36119256
36053461
36000151
35980477
35923261
35796548
35574693
35163205
 Tinkal C Patel
34607865
34607865
20418558
19881188
 Mahesh G Solu
 Jitendra Patel
37377491
37377491
36879461
36862238
36516726
36403335
36369051
35953180
35855254
35290741
35033975
34410411
33611013
32921811
32413802
32210704
31703885
31599650
30692808
29638167
29526229
 Yash R Shah
37312757
37312757
 Mayur Jarag
23542769
23542769
15881039
15471134
 Varsha Godbole
33043379
33043379
32402944
30584946
25302227
12060698
 Meenakshi Shah
36856855
36856855
35680011
33043379
 Rikin Raj
26494710
26494710
 Irfan Nagori
34607865
34607865
 Pramod R Jha
34607865
34607865
25859682
 Arti D Shah
35975349
35975349
30168476
28857226
28726156
28346946
27578933
26789340
26097993
26082665
25990293
25465493
25459085
25100400
24660561
23243354
21369771
 Gowtham Yeeli
 Archit Jain
35070138
35070138
35051879
33766963
 Rooppreet Kaur Gill
37433418
37433418
36424725
35981599
34325580
33659232
32434444
31999029
31486197
31347611
30558495
29436966
31314402
27463999
27096033
26626154
19757261
 KV Sreedhar Babu
 B Suresh Babu
30294589
30294589
 Alladi Mohan
36856615
36856615
36629205
36461862
36388442
35946229
35653381
35632682
35393127
35345066
35259792
33966561
33380697
32539029
32461398
32020999
30084417
29891957
29664037
29578196
28989885
 B Vengamma
31331132
31331132
 K Chandra Sekhar
32548498
32548498
26215348
25542373
24789416
23847405
22308019
20048454
19686978
18379931
15993920
 Srinivasulu Damam
33818797
33818797
 K Narsimhulu
27116226
27116226
 C Aparna
37270606
37270606
35281352
35225941
34109095
32640972
32442461
32201004
32107642
32099876
30937653
30840833
30543781
29900921
28825481
28717943
28033562
26385415
25025665
24147389
23959494
 G Baleswari
 K Ravindranath Reddy
31979652
31979652
 P Chandrasekhar
37351867
37351867
37323601
37204021
37005652
36941022
36919767
36875980
36757322
36752179
36547372
36522828
36345564
36136056
36134048
36106445
36006885
35991800
35656720
35641831
35558663
 Sunil Jodharam Panjwani
34607865
34607865
 Pragnesh H Shah
 Manish Barvaliya
37324461
37324461
37006577
34020215
33170141
32607690
32519281
31007474
29785553
29438297
29204267
28625146
27790458
27117289
26752987
26110296
25859682
25538414
25495498
25276629
25050313
 Kairavi Desai
37155992
37155992
36871917
36563746
35680011
33018498
 Pankaj J Akholkar
 Milind Baldi
34607865
34607865
31031362
31006703
30829260
30825389
30247292
28483116
28144078
28073680
27390463
26709485
25732460
25327100
24339507
24162118
19079810
 Ashok Yadav
37457477
37457477
37362900
37234430
37094480
37018428
36992177
36799201
36606058
36603714
36599872
36587565
36568501
36566688
36426044
36173072
35994308
35918463
35657784
35647359
35593952
 Manoj Gupta
37367288
37367288
37354909
37248380
37230214
37197281
37197235
37180178
37170777
37164871
37155329
37148066
37142985
37114510
37113424
37092110
37092092
37071118
37039219
37025710
36995695
 Nitin Rawat
31873493
31873493
30431202
 Dilip Chawda
 M Natarajan
23543788
23543788
 M Sintha
 David Pradeep Kumar
18270403
18270403
 Fathhur Rabbani
37479782
37479782
37479781
37479428
37473804
37460896
37443311
37428550
37427641
37425881
37425721
37420941
37420787
37413855
37399144
37392576
37391436
37370895
37370889
37351086
37333831
 Vrushali Khirid Khadke
34607865
34607865
 Dattatray Patki
37355817
37355817
 Sonali Marathe
31439175
31439175
21060929
 Clyde D’Souza
 Vipul Tadha
 Satyam Arora
36965848
36965848
36965173
36762629
36762626
36648448
36648446
35357016
35023178
34908748
34697811
34697808
34349450
33865716
33772791
33706207
33578447
32994125
31862428
30692795
30679106
 Devendra Kumar Gupta
36969121
36969121
36742480
36107237
35847572
35817484
35680464
34312132
34175080
33659384
32994125
32922662
32267549
31909199
31444903
31383687
31094679
30078147
29530849
29215331
29197847
 Seema Dua
37042654
37042654
36762629
36762626
35357016
34908748
34697811
34697808
34607865
34344296
33865716
33301776
32994125
31862428
25250236
19805992
17883140
 Nitu Chauhan
37148008
37148008
 Ajeet Singh Chahar
 Joy John Mammen
37304467
37304467
36068859
35594270
35385543
35225160
34986515
34908756
34744346
34607865
33991428
32769239
32004488
27649496
24324291
24014951
 Snehil Kumar
37476432
37476432
36687533
35290670
35080045
34986515
34607865
34177141
34152689
33773810
33127497
32444280
32083382
 Dolly Daniel
37476432
37476432
37448893
36950489
36687551
36687533
35290670
35080045
34607865
34169541
33950379
33931966
33773810
33596809
33359130
33127497
32444280
32174695
32083382
29582787
26729543
 Ravindraa Singh
34607865
34607865
 Venkatesh Dhat
36864864
36864864
 Yogesh Agarwal
12667579
12667579
12145290
 Sohini Arora
25487724
25487724
 Ashish Pathak
37105526
37105526
36864894
36834144
36547272
36329988
36209355
36103719
36041303
35742570
35624398
35573450
35453210
35141523
35127302
35038087
34895193
34862290
34313460
34244744
34176794
 Manju Purohit
37378912
37378912
37218896
36864894
36329988
36209355
36103719
36073662
35742570
35625218
35141523
35140976
34862290
34799577
33836723
33105585
32795288
32130236
31744171
31491900
31040380
 Ashish Sharma
37470687
37470687
37470385
37469923
37463003
37448895
37441439
37437666
37425849
37405875
37388504
37387706
37352400
37309345
37308547
37292185
37251529
37184990
31855347
37141015
37090397
 Jayashree Sharma
36818775
36818775
36199398
36119425
34607865
33107487
30692790
26417159
21938233
 Manisha Madkaikar
37452601
37452601
37304416
37199901
37199216
37131936
37114940
37100582
37071959
37039215
37011542
36818775
36803923
36726895
36696755
36672644
36629190
36624916
36618147
36384482
36380699
 Kavita Joshi
37174116
37174116
37107849
37031311
36292003
36183645
35846551
35479229
35449912
35304507
35057597
34600497
34569568
34431263
34014429
32525465
36132406
31325277
30961518
29132646
28792168
 Reetika Malik Yadav
37199216
37199216
37131936
36380699
36146961
34528161
34514761
34414921
34389889
33746956
33732252
33627877
33391282
33365035
33325540
32875602
 Swarupa Bhagwat
36199398
36199398
36119425
32103817
26417159
 Niteen D Karnik
35438281
35438281
34472782
34345127
34316145
33187031
32978918
32713060
31911742
30405283
30347944
29322719
28792169
28782307
27805327
27608686
29900713
29897699
25422330
25298588
24678153
 Yojana A Gokhale
34607865
34607865
34472782
26259317
25856917
22628940
21751592
22700485
21189704
20621335
19753763
 Leena Naik
35673695
35673695
35510110
34135141
33444484
32684729
32660435
32606497
32317547
31857767
31840433
31611459
30745746
30078976
29504276
29193804
28701833
28556514
28380477
28182068
27997883
 Sangita Margam
21623094
21623094
 Santasabuj Das
36527247
36527247
36383337
35587200
35364279
34238299
32811799
32801227
32801225
32773429
32773427
32773425
32773423
32773419
32773416
32773413
32773411
32736039
32611916
31881961
31013389
 Alka Turuk
36795272
36795272
35946230
35859445
34022338
33515512
32952144
 V Saravana Kumar
36240831
36240831
35588754
34607865
34583334
34370710
34058261
35544228
32611913
31201130
23409828
 K Kanagasabai
32868382
32868382
29514855
27974648
26660439
26637632
20946868
22557205
 R Sabarinathan
35963020
35963020
34259557
34090364
33997363
33025574
32913074
32667057
32470808
32025015
30715511
29527774
23642078
 Gururaj Deshpande
37187744
37187744
36846076
36625386
36576223
36495206
36240831
36170667
36164480
35975349
35968187
35756041
35461911
35415761
35405385
35325194
35325176
35318093
35244698
35192896
35157945
 Sharda Sharma
33654090
33654090
33521604
31624974
31241021
28735047
27931688
27652611
27755980
26823363
 Rashmi Gunjikar
36846076
36846076
33654090
33172818
32952145
30882739
30778012
27628855
23826408
23195573
22272333
20966517
17554030
 Anita Shete
37426033
37426033
37312405
37187744
37185835
37040226
36789762
36625386
36576223
36510890
36423057
36405589
36271515
36179885
36170667
36164480
36119301
35999819
35975349
35963550
35843834
 Darpan Phagiwala
 Chetan Patil
37303414
37303414
37082803
37007322
36654897
36437741
36371688
36261563
36124504
36119157
36110773
36088529
36082171
36037373
35774304
35638318
35348007
35325194
35309880
35235207
34963131
 Snehal Shingade
34543771
34543771
 Kajal Jarande
34543771
34543771
 Himanshu Kaushal
37187744
37187744
36625386
36119293
35398410
34946862
34652440
34607865
34554303
34460819
33654090
32859866
32724103
32611917
32611915
32474556
30288200
28719266
27624408
26503551
25471494
 Pragya Yadav
37459647
37459647
37448801
37426033
37312405
37187744
37185835
37064028
37040226
37030587
36865511
36789762
36625386
36576223
36510890
36423057
36405589
36384482
36339137
36271515
36213661
 Gajanan Sapkal
37251844
37251844
37187744
37162636
36846076
36625386
36576223
36495206
36481121
36240831
36170667
36164480
36124504
36124498
35999819
35975349
35963550
35925959
35835822
35756041
35687988
 Priya Abraham
37392725
37392725
37331496
37269047
37187744
37185835
37131936
36951428
36807683
36800372
36744526
36641983
36630456
36625386
36576223
36495206
36348592
36271515
36179885
36164480
36124504
Ivan FN Hung
36263669
36263669
35545127
33721548
30301327
29722146
28588283
23870196
21248066
 Kelvin KW To
35475949
35475949
35016198
32795776
28588283
28219306
28215118
24637225
26038403
26038430
21248066
 Cheuk-Kwong Lee
36918200
36918200
36767942
36652990
36417666
36134567
35770253
35675702
35296305
35262978
35027105
34954862
34806226
34639841
34545590
34545579
34500454
34464857
34411532
34013981
34013968
 Kar-Lung Lee
27875282
27875282
23450336
21248066
20136415
 Kenny Chan
37461537
37461537
37424023
37341501
36990032
36778505
36459113
36450985
35096646
35013133
34581271
34424407
34322716
33597137
33360407
32929111
32918293
32658404
32284606
32132172
31997717
 Wing-Wah Yan
32401715
32401715
21248066
 Raymond Liu
37456127
37456127
37442779
37255340
37205836
37040657
36898665
36867639
36775966
36746809
36715065
36537250
36455098
36409498
36215686
36191286
36178937
36083836
36037439
36000756
35990177
 Chi-Leung Watt
21248066
21248066
20136415
14582052
 Wai-Ming Chan
37123478
37123478
37012220
36511445
36464056
35813733
35778858
35762834
34992828
34860712
33407925
32791036
32548209
32401715
30982026
30681509
27177587
26668339
24636429
23450336
21996640
 Kang-Yiu Lai
34133851
34133851
29372516
29307973
28801406
25699183
24276111
26039439
26038484
23450336
23424680
21248066
20479037
20136415
 Chi-Kwan Koo
21248066
21248066
20136415
20740176
 Tom Buckley
36729065
36729065
33684029
32547930
32519780
32401172
31610060
31286954
31053351
28454664
28041567
27998490
26953539
23731628
22844974
21248066
21116426
20941392
20136415
19904861
19243778
 Fu-Loi Chow
37429680
37429680
35981883
33407925
23450336
21248066
20136415
 Kwan-Keung Wong
21248066
21248066
17415311
 Hok-Sum Chan
37056684
37056684
29942124
29238182
21248066
18945323
 Chi-Keung Ching
33407925
33407925
21248066
 Bone SF Tang
26038743
26038743
21248066
 Candy CY Lau
28634353
28634353
26038496
21248066
 Iris WS Li
21248066
21248066
 Shao-Haei Liu
28475794
28475794
25247615
25012957
23450336
21248066
20887208
20805752
20202441
12781533
 Kwok-Hung Chan
37112634
37112634
36992081
36706582
36357955
36314829
36314802
36304475
36195094
36016336
35891286
35874954
35762834
35750868
35578759
35545127
35418598
35414865
35398786
35285250
35254121
 Che-Kit Lin
25940465
25940465
25234238
24901840
24699693
23927759
23825586
23521050
23450336
21990967
21248066
21245155
20964521
20675695
18926661
17465455
17371589
16838248
16206270
15372251
 Kwok-Yung Yuen
37474466
37474466
37435542
37279466
37223243
37158848
37122119
37113328
37112634
37101119
37090592
37083859
37068258
37045873
36992395
36857860
36706582
36697369
36662861
36591327
36529763
Y. O. Y. Soo
 Y. Cheng
26088795
26088795
 R. Wong
37481870
37481870
37476964
37474106
37468667
37465999
37457646
37456907
37456144
37453881
37453737
37446658
37446204
37443521
37440930
37440793
37438366
37435097
37430278
37428408
37427479
 D. S. Hui
 C. K. Lee
 K. K. S. Tsang
 M. H. L. Ng
 P. Chan
37486576
37486576
37486214
37484849
37484667
37483593
37482032
37481426
37479571
37478397
37478391
37477998
37477443
37474849
37474340
37474318
37474231
37474105
37469484
37468941
37468654
 G. Cheng
37482263
37482263
37480153
37479717
37479695
37478644
37476375
37475862
37475503
37474861
37474523
37474362
37474253
37474088
37473973
37473703
37471519
37471399
37471210
37470340
37470187
 J. J. Y. Sung
