Rong Chen
37483442
37483442
37474576
37463651
37455530
37454563
37448887
37443931
37440909
37435355
37430323
37429288
37425943
37425365
37424334
37407932
37391732
37364995
37355132
37351679
37333874
 Yuan Zhang
37485534
37485534
37483544
37480221
37479716
37478918
37478768
37478765
37478057
37476052
37475150
37475060
37470001
37463456
37458592
37458515
37458210
37457886
37454713
37453946
37451575
 Lei Huang
37475367
37475367
37474961
37471041
37469278
37465997
37464473
37460100
37443058
37442735
37429372
37424531
37419968
37405600
37390618
37386808
37378076
37372473
37371723
37365498
37362200
 Bi-heng Cheng
32722722
32722722
32180175
29402153
 Zhong-yuan Xia
37389674
37389674
37215098
37146415
36683371
36185204
36029539
35997859
35227001
34551393
34490304
34105058
33996908
33771972
33620678
33531107
33262996
33051404
32952626
32862381
32582983
 Qing-tao Meng
37152102
37152102
37080813
35659343
34919054
34916327
34490304
33996908
33362568
33324214
33262996
32952626
32582983
32519766
32454250
32342349
32256957
32242315
32215448
32180175
32162211
S. Khan
35153107
35153107
24690271
 L. Jun
12480602
12480602
12297454
 NULL Nawsherwan
 R. Siddique
37429249
37429249
37374567
37323571
37323233
37314535
37264744
37211135
37092577
37049077
36963573
36926053
36920597
36898544
36828631
36714514
36563995
36549866
36448250
36411672
36405015
 Y. Li
31299668
31299668
 G. Han
37485989
37485989
37484292
37482799
37481722
37480609
37480247
37478939
37478845
37478566
37478352
37478300
37477527
37474983
37473574
37470205
37468393
37467940
37467763
37467003
37465993
 M. Xue
37485926
37485926
37485350
37479435
37478740
37478163
37478057
37469009
37467606
37456283
37455755
37455393
37454096
37451590
37450052
37447426
37442459
37442260
37426001
37425363
37420043
 G. Nabi
37384993
37384993
37377980
37273146
37254693
37251854
37184720
37119719
37101503
36988094
36839964
36826121
36529849
36481966
36364279
36276377
36206669
36096273
36033946
35821255
35771876
 J. Liu
34162245
34162245
Xiaoqing Wu
37430178
37430178
37429658
37397187
37391777
37357618
37294615
37275166
37142625
37141338
37138453
37124547
37098587
37090542
37089342
37081464
37071945
36982280
36975799
36904226
36866277
 Ruihong Sun
37479010
37479010
37402861
37061837
36661999
36014182
35644952
35116650
34866173
34602055
32270479
32207255
31621235
29037559
28437737
28120164
27641758
27322208
27000869
26936536
26224010
 Jianpu Chen
35969946
35969946
33053426
32726134
32270479
31166755
 Yuanliang Xie
36568387
36568387
36185057
34789138
34771607
34602055
34484294
34324004
34276798
34238168
33813769
33778561
33778545
33308183
33053426
32913866
32775251
32726134
32661231
32616597
32270479
 Shutong Zhang
37467419
37467419
36998274
36847335
36845661
36657875
36621932
35992669
35147887
34949154
34789138
34728037
34602055
34238168
34160362
33778561
33162826
32920425
32726134
32661231
32270479
 Xiang Wang
37483805
37483805
37481562
37476379
37470826
37469766
37463551
37460530
37458100
37456002
37451377
37451140
37448527
37448488
37446689
37439340
37432524
37430022
37424170
37418666
37415171
Lian Chen
37479506
37479506
37462154
37407973
37403369
37367109
37348325
37339798
37319128
37265251
37183711
37126761
37041514
37022716
37012183
36985509
36951859
36930961
36882365
36875163
36816379
 Qin Li
37475483
37475483
37469986
37465384
37463822
37462387
37459727
37458415
37453967
37451474
37449914
37446717
37443887
37437834
37437783
37423196
37420579
37416729
37409058
37408373
37406870
 Danni Zheng
37324621
37324621
37009289
36902766
36680929
36573167
36547459
36500154
36354766
36288455
36065526
36057192
36011918
35934115
35914745
35865315
35756484
35755441
35669932
35557848
35463798
 Hai Jiang
37424946
37424946
37395662
37378658
37315719
37299039
37267228
37257711
36794272
36788697
36693039
36660723
36625884
36596012
36545112
36500304
36409814
36375037
36339557
36312964
36238085
 Yuan Wei
37479506
37479506
37476942
37460872
37456304
37455079
37454562
37449493
37446537
37443030
37442135
37439870
37437160
37417966
37406171
37400468
37393818
37393242
37357223
37355762
37349531
 Li Zou
37474742
37474742
37429335
37359953
37304336
37269140
37220549
37172486
37143916
37138259
37101719
37096757
37054554
36944125
36901368
36874793
36870073
36858011
36779540
36758870
36747144
 Ling Feng
37483385
37483385
37468540
37466348
37457093
37443519
37425269
37405607
37330569
37315757
37310833
37309629
37288344
37275371
37235034
37215495
37083919
36966813
36868062
36849899
36845097
 Guoping Xiong
37369077
37369077
37282551
36958940
36938832
36723007
36343093
36058337
35848157
35694169
35513779
35437535
35406016
35321647
35220538
35151929
35103665
35000498
34901129
34859252
34843132
 Guoqiang Sun
37271923
37271923
37128813
37060524
37056856
37037297
37033783
37006942
36948563
36938832
36933008
36929025
36921027
36889411
36855288
36829486
36787938
36607586
36600662
36581952
36572390
 Haibo Wang
37480966
37480966
37461717
37457012
37455619
37447863
37438419
37437732
37409261
37406691
37391716
37389867
37375263
37373423
37340281
37339837
37332985
37327662
37314111
37312411
37311639
 Yangyu Zhao
37479506
37479506
37403369
37128813
37121272
37062116
37049439
37022716
36986113
36966813
36951859
36916345
36824406
36607164
36582520
36313754
36250079
36149818
36103411
35846290
35799589
 Jie Qiao
37452360
37452360
37403343
37400924
37400575
37395872
37378293
37374744
37348478
37345481
37311505
37298057
37296779
37294710
37267061
37252832
37233789
37228708
37200549
37188983
37183920
Jie Yan
37486249
37486249
37474299
37466996
37461316
37456870
37443716
37381648
37369984
37348478
37321369
37290364
37288005
37265630
37258625
37257385
37232540
37216502
37204781
37195571
37189329
 Juanjuan Guo
37125034
37125034
36604052
36299991
35942315
35893254
35745243
35402538
35346196
35341008
35282019
35282006
35071136
34947599
34889903
34876109
34557548
34217791
33850202
33827559
33708138
 Cuifang Fan
36982197
36982197
36731680
36572390
36484896
36059660
35991813
35751047
35322808
35151929
34484370
33885666
33643948
33566191
33516697
33462908
33441152
33249229
32776544
32572692
32548045
 Juan Juan
37244638
37244638
36421190
36277725
35986372
35883919
35861482
35348312
34967791
34630817
34389292
34113682
33400389
33353136
32674686
32406482
32335053
31808991
31601318
31578073
31452666
 Xuechen Yu
37450575
37450575
36632873
36374040
36370068
36312556
35917645
35629007
35479098
35071136
34553022
34213377
33937083
33309944
32335053
32161604
32151335
32039036
31488087
31143195
30867416
 Jiafu Li
37454705
37454705
37450819
37410379
37247674
37235225
36739019
36733450
36706410
36643972
36306755
36306747
36181990
36035187
35938673
35388926
35355717
35209354
35178403
35041127
34807085
 Chunyan Li
37469254
37469254
37462988
37459681
37454731
37444292
37436211
37431150
37423289
37418966
37393021
37390578
37382298
37357379
37348355
37341969
37336920
37336271
37314180
37310645
37302793
 Huijun Chen
37478580
37478580
37449919
37382519
37336073
37276212
37275141
37253163
37098082
37043771
36949405
36861936
36860042
36853181
36819282
36721855
36713439
36519361
36484231
36207687
36191857
 Yuan Qiao
37463811
37463811
37356723
37318518
37316021
37310795
36931392
36715567
36687582
36611230
36505338
36199821
36155217
35986875
35968762
35917645
35859774
35716542
35643286
35616308
35557025
 Di Lei
36982197
36982197
36731680
36596116
36528900
36468047
36089851
36059660
35659626
35531067
34639167
34145998
33908777
33516697
33454442
32723102
32504506
32476554
32417427
32335053
32182347
 Chen Wang
37482204
37482204
37478594
37476177
37475736
37475520
37474226
37469180
37468986
37468236
37467750
37460623
37460172
37459517
37457928
37457850
37455937
37451907
37450717
37450109
37449253
 Fengyi Xiao
36557927
36557927
36429218
36428461
35099777
33381124
32473321
32335053
29185455
28441551
 Wencong He
37434035
37434035
37354126
36876077
36625859
36554951
36466540
36398558
36319475
36214695
35916998
35909938
35660663
35378895
35204818
35171016
35081267
34851179
34723628
34617342
34600118
 Qiumei Pang
34263920
34263920
32335053
32275072
32196655
30506691
25227594
25187919
 Xiaoling Hu
37464341
37464341
37442000
37361786
37261267
37251196
37232294
37192973
37094420
37086772
37078000
37072351
36976637
36881611
36808273
36708016
36671886
36605800
36604547
36591187
36356805
 Suqing Wang
37421260
37421260
37257529
37191827
37138569
37066968
36397660
36299994
35990332
35479748
35272121
35076992
34956480
34893010
34805801
34484370
34481255
34435791
34377241
33643948
33503826
 Dunjin Chen
37438660
37438660
37427679
37307441
37244977
37244968
37217731
37161036
37142805
37119592
37022716
36966813
36869608
36757296
36624418
36495656
36435758
36334724
36056002
35790947
35751703
 Yuanzhen Zhang
37368392
37368392
37248651
37154866
37038227
37037937
36909340
36464167
36303086
36299991
36178661
36078169
36035187
35989335
35961521
35745243
35600595
35593475
35590366
35524630
35467265
 Liona C. Poon
37485783
37485783
37428792
37401541
37400500
37377341
37098392
37048032
37021632
37003112
36990308
36949715
36906342
36874460
36739862
36646475
36635083
36635082
36635081
36635079
36534508
 Huixia Yang
37474299
37474299
37468986
37336424
37287743
37244638
37152930
37122528
37026857
36989681
36937287
36914957
36874460
36802507
36777355
36741990
36729357
36589946
36479286
36465614
36421190
