Ning Tang
37458565
37458565
37451788
37444301
37444251
37436838
37394216
37356947
37350946
37349395
37334181
37331323
37311408
37304138
37290134
37199976
37182957
37175730
37154802
37116559
37103758
 Dengju Li
37337136
37337136
37223096
37011912
36799536
36735519
36313145
36163632
36000952
35866832
35780531
35572515
35383885
35089492
34093541
34044841
33495363
33300383
33292593
33251234
33192510
 Xiong Wang
37418977
37418977
37416683
37381487
37355503
37353602
37316489
37310918
37212360
37144516
37064115
37053003
37022915
37011912
36960498
36893114
36863250
36848228
36838695
36838641
36818190
 Ziyong Sun
37337136
37337136
37187534
36702072
36700687
36590586
36581808
36369683
36233840
36233689
36123381
36100403
36003928
35807065
35636821
35607955
35574713
35421504
35401532
35307424
35265633
Yueying Pan
37362323
37362323
36870065
36818335
35588787
34425341
33877558
33213239
33211732
32387924
32170671
32166681
32055945
32025790
30341530
29893367
28437280
28190165
27412517
26996481
26315086
 Hanxiong Guan
36818335
36818335
36716554
35751192
34917630
34652628
33877558
33613933
33213239
32444415
32387924
32181990
32166681
32055945
32025790
30341530
29893367
27101246
25344786
 Shuchang Zhou
37305572
37305572
37105304
36949068
35567901
34404435
34164176
33877558
33869677
33313194
32820210
32414594
32367418
32352310
32235187
32193637
32166681
32134681
32102748
32055945
30341530
 Yujin Wang
37448517
37448517
37421454
37217807
37153082
37109821
37090075
36984024
36975430
36781983
36722660
36601871
36464270
36397632
35754513
35751192
35303485
34917630
34652628
34428056
34404435
 Qian Li
37483725
37483725
37480608
37479855
37478643
37474057
37474008
37468560
37466300
37465161
37463346
37458949
37456755
37454602
37453026
37452782
37449495
37449466
37447029
37446909
37441527
 Tingting Zhu
37464560
37464560
37454457
37453920
37450944
37423100
37415552
37407929
37372406
37371844
37364470
37354735
37346375
37342722
37339964
37323070
37322935
37309994
37265629
37244963
37214298
 Qiongjie Hu
36600966
36600966
36481479
36119045
35978511
35962453
35751192
35342537
34917630
34855641
34652628
34164176
33895744
33613933
33205602
32951493
32396272
32387924
32055945
28747182
24570835
 Liming Xia
37435633
37435633
37310483
37211691
37191078
37179904
37105044
36971695
36966364
36915316
36870065
36814131
36776256
36738118
36624416
36586762
36481479
36386376
36244548
36217741
36169691
Kaiyuan Sun
37481623
37481623
37216529
37194205
37006709
36776461
36646700
36380354
36263065
36205530
36172128
36090701
36032973
35898339
35765564
35638937
35611330
35537471
35298900
34695837
33931645
 Jenny Chen
37464136
37464136
37432726
37429598
37349613
37342111
37292482
37227749
37219524
37146226
37080286
36988275
36906105
36848818
36792014
36791927
36773796
36681663
36598432
36584428
36531876
 Cécile Viboud
37481623
37481623
37461674
37216529
37196173
37098064
36811598
36791146
36701368
36695018
36646700
36561171
36484987
36437905
36380354
36196586
36172128
36032973
35982666
35982659
35968872
Yingxia Liu
37471184
37471184
37459867
37396307
37395346
37245543
37181088
36928222
36874104
36791943
36714132
36681668
36643032
36522750
36427780
36304493
36196429
36085321
35992363
35958248
35928154
 Yang Yang
37484496
37484496
37484402
37483240
37482085
37480062
37479363
37479046
37477517
37474537
37469575
37468661
37468160
37467617
37467489
37465642
37463214
37461061
37461025
37460832
37459867
 Cong Zhang
37483597
37483597
37481687
37453270
37446779
37425365
37425047
37423322
37405956
37402652
37396548
37389760
37384251
37371417
37344564
37333874
37332073
37328119
37316926
37309948
37309604
 Fengming Huang
37481687
37481687
37389760
36808291
36738432
35850629
35332300
35230279
34475780
33875036
33298897
32789637
32678740
34676126
32315904
32272643
32176725
32048163
31822599
30238279
30173426
 Fuxiang Wang
37484496
37484496
37396140
37335061
37245543
37209586
37115815
36928222
36867321
36599289
36522750
36504809
36325114
36230208
36067140
36039848
35928154
35898491
35810071
35804657
35648451
 Jing Yuan
37459867
37459867
37455314
37452841
37451027
37447340
37443478
37427770
37427339
37426001
37425996
37421063
37418988
37403577
37401940
37398698
37396357
37393030
37386882
37382846
37352757
 Zhaoqin Wang
37382506
37382506
36817921
36691434
36441384
36337584
36253713
36174356
35694543
35534212
35196800
35158209
35114338
35069497
37192986
34975844
34925356
34708638
34668726
34659440
34547490
 Jinxiu Li
37433053
37433053
37282879
37087791
36999968
36994536
36947594
36680735
36675227
36655131
36619759
36610167
36602650
36597826
36249210
36217738
36137419
36093486
36030746
35982418
35883026
 Jianming Li
37434083
37434083
37367832
37367448
37355194
37337302
37328753
37305554
37298328
37294054
37256231
37166431
37158456
37153892
37078315
37050869
37035815
36968461
36949042
36944374
36905349
 Cheng Feng
37475958
37475958
37447932
37436093
37428465
37422464
37418550
37416802
37406538
37403642
37399880
37398114
37377453
37361064
37342222
37341517
37327865
37313579
37304008
37280128
37265255
 Zheng Zhang
37486153
37486153
37486121
37470432
37470320
37469235
37458397
37457721
37435056
37427811
37423037
37420952
37420624
37418718
37415241
37409966
37408679
37403400
37400367
37396140
37391039
 Lifei Wang
37437740
37437740
37358471
37310773
37306955
37298640
37277864
37274036
36985555
36852496
36749260
36730435
36729825
36614447
36584638
36510124
36455023
36342274
36204886
36163619
36149481
 Ling Peng
37484525
37484525
37414912
37397385
37258438
37207165
37186846
37180750
37165679
37154865
37083129
37068993
37025768
36915458
36876579
36866750
36866708
36815673
36745793
36733836
36653312
 Li Chen
37486135
37486135
37483485
37482046
37479063
37478287
37473895
37473506
37470228
37467737
37467452
37465101
37463240
37459046
37458071
37456860
37456719
37454958
37452634
37452291
37451813
 Yuhao Qin
37389760
37389760
36808291
35801455
33568062
33298897
32676969
34676126
32176725
32048163
31822599
31301332
30900166
30238279
29604636
29390640
 Dandan Zhao
37451421
37451421
37422643
37408364
37389760
37373469
37355613
37347642
37314858
37313303
37312747
37296274
37253101
37221696
37191749
37165735
37131693
37107579
37098372
37073172
37049190
 Shuguang Tan
37100904
37100904
36511654
36366430
36130828
35418471
35332300
35309324
35228696
34693228
34671221
34551288
34139177
33859203
33833762
33536425
33335073
33235207
33063473
32839442
32482145
 Lu Yin
37480410
37480410
37475448
37468529
37452057
37446739
37445150
37444227
37439190
37437119
37399962
37366969
37305390
37299092
37296729
37286115
37278381
37266137
37253224
37249639
37248514
 Jun Xu
37484941
37484941
37475484
37475338
37464965
37460073
37454112
37448088
37436388
37435771
37429258
37427332
37425067
37420159
37406526
37406091
37403381
37394925
37387207
37383352
37379955
 Congzhao Zhou
37485728
37485728
37389760
37324530
36808291
36738432
36656854
36639816
36298815
36123352
35974417
35924777
35676282
35590460
35467499
35349344
35081353
35043010
34727518
34549983
34373447
 Chengyu Jiang
37481687
37481687
37458288
37389760
36949230
36808291
36738432
36677229
36466920
36085147
35598407
35383402
35332300
35189885
35085676
34976938
34607170
34562215
34553787
34507107
34439530
 Lei Liu
37483430
37483430
37481946
37481151
37478720
37478163
37477871
37475708
37463541
37463020
37461770
37461391
37461207
37449199
37448746
37441237
37438872
37436938
37434986
37432456
37426132
Adam Bernheim
37080956
37080956
36889632
36868033
36503014
35958514
35926316
35623119
35534124
35090709
34671777
34612681
34498003
33928257
33826359
33778588
33601125
33560192
33516703
33091307
33015866
 Xueyan Mei
37080956
37080956
36868033
36204533
36139616
35945277
35732742
34612681
34493665
32511559
32442030
32427924
32427651
32077789
32017661
29600078
 Mingqian Huang
37244253
37244253
37080956
37068229
36868033
36865298
36608598
36449060
36204533
35457043
35283480
35111616
35082601
34786189
34706391
34174443
33815640
33311863
33072234
33014734
32953927
 Zahi A. Fayad
37316112
37316112
37296722
37291433
37227360
37212179
37143859
37080956
36868033
36697134
36522465
36503014
36481079
36316593
36204533
36139616
36125123
36031706
35981827
35945277
35915324
 Ning Zhang
37481136
37481136
37479448
37478352
37478243
37473972
37468981
37466915
37459587
37457301
37451097
37446292
37440828
37439868
37436839
37434678
37426531
37422009
37421622
37419225
37414308
 Kaiyue Diao
37093501
37093501
37014335
36840896
36804314
35845492
35642161
35586659
35120436
35059803
34668596
33307197
33088901
32872020
32511559
32427924
32385842
32215692
32170130
35960677
32077789
 Bin Lin
37454495
37454495
37449800
37445879
37434689
37370633
37348747
37329672
37224912
37088235
37078997
37043684
37033615
37026451
36972197
36967513
36965995
36946503
36925508
36908075
36896738
 Xiqi Zhu
37231990
37231990
36819246
36531073
36060598
35429190
35264852
35260059
34854519
34795883
34712196
33162793
32077789
28912425
27312587
26875710
26015617
25916932
24647353
24553880
24312938
 Kunwei Li
37283932
37283932
37148352
36796659
36765850
36648963
36615326
36166943
36078380
34837794
34806658
34642508
34615616
34612502
34453574
34341737
34175821
34058647
33858739
33848612
33505992
 Shaolin Li
37460926
37460926
37423275
37355559
37284121
37268841
37040949
36905221
36816587
36814033
36571604
36407434
36402414
36078380
35979964
35804973
35749504
35733770
35305763
35303665
35250862
 Hong Shan
37470182
37470182
37466648
37392683
37375039
37321327
37250155
37215991
37209953
37192555
37145165
37067505
36875610
36861200
36852185
36812312
36797661
36620304
36183166
36076805
36067000
 Adam Jacobi
37262963
37262963
37212179
37080956
36868033
36503014
36204533
35926316
34274283
34171741
33928257
33896592
33778588
33601125
33516703
33437774
33082082
33015866
32913564
32871424
32690987
 Michael Chung
37483106
37483106
37379582
37356968
37272217
37262963
37080956
37056625
36993772
36963095
36962187
36868033
36780354
36730996
36728968
36572030
36503014
36305180
36187721
36159724
36157710
