Roland Brian Büchter
 Melanie Messer
37172263
37172263
37019755
36231618
35522312
35022721
34604708
34214156
33775167
33395396
32439423
31523223
31337450
29792224
29357867
28496396
28369348
27829401
29425422
27501671
29413029
Garumma Tolu Feyissa
37064827
37064827
36823562
36090597
35615600
35185132
34799523
34491922
34171891
34077048
33886645
33681241
33536001
33186362
32848492
32813360
32753990
32563243
32555633
32530940
32442201
 Craig Lockwood
37264922
37264922
36600676
36570389
36545902
36419261
36378852
35489640
35462048
35462046
35429608
35249998
35220383
34491921
34289963
34061050
33973346
33875004
33786486
33570327
33570321
 Mirkuzie Woldie
37268946
37268946
36797722
36735689
36411746
36341475
35177939
34794824
34716145
34466041
34027707
34027685
34022856
33982748
33822943
33782023
33606733
33116699
32976508
32848480
32798142
 Zachary Munn
37282722
37282722
37264462
37132046
37114317
37005692
36918977
36882947
36876403
36727247
36683451
36632760
36605026
36571838
36545902
36476419
36441078
36378852
36241378
36179936
36121230
 Jerome A. Singh
37347876
37347876
37217222
36962919
35851759
35248422
34910846
34902308
34320970
34161052
33958395
33948020
33727699
33306980
33264543
33198649
33069443
33012862
32915223
32719731
32492144
Sabine E. Hanisch
28778839
28778839
26739960
 Conal D. Twomey
28053188
28053188
26847062
26739960
26150142
25849540
 Andrew C. H. Szeto
36106828
36106828
35763394
35345872
35079240
34875206
31233947
30602305
26739960
26173403
24758158
23458060
22711063
19693419
19592434
 Ulrich W. Birner
28778839
28778839
26739960
 Dennis Nowak
37406667
37406667
37336027
37293232
37239224
37148328
37068510
36977470
36958341
36927715
36877242
36858353
36823669
36791790
36612497
36575709
36539958
36476404
36441057
36437663
36399895
 Carla Sabariego
37421891
37421891
37377329
37315942
37099372
37079622
36846198
36805180
36476629
36276189
36127696
35648457
34983659
34872725
34770063
34706878
34256023
34253263
34099049
33853845
33239179
E. Heim
37421414
37421414
37408132
37289888
37159376
37153014
37076921
37050414
37050220
37043451
36760985
36696360
36581344
36467166
36443295
36426943
36286525
36242451
36055635
36018638
35985686
 B. A. Kohrt
 M. Koschorke
7594278
7594278
7901264
 M. Milenova
24996938
24996938
 G. Thornicroft
36095247
36095247
35257121
33622065
31978636
30176952
29362981
28935661
27717265
24638892
23881731
23117817
22951335
22785067
22332150
18560483
17826153
17464789
16512969
16282261
15792287
Marija Pantelic
37480578
37480578
37471432
37128186
36417364
35969597
35842950
35049122
34530649
34279860
33213195
33163796
32886056
32871672
32696105
32438498
31673432
31373916
31101106
30997170
30832613
 Janina I Steinert
37436355
37436355
36812171
36650493
36254593
35969470
35476432
35427512
35144560
35049122
34582447
34385251
34285041
34108753
33834318
33287669
32831169
31179028
30997170
30620919
29771615
 Jay Park
37480522
37480522
37414013
37297096
36750288
36742151
36730857
36590155
36512051
36248143
36183631
36150783
36129990
36015815
35890533
35836010
35819785
35523504
35265327
35165612
35039958
 Shaun Mellors
30997170
30997170
24461042
19297776
 Fungai Murau
30997170
30997170
