Chaolin Huang
37321233
37321233
37197655
36964546
36737007
36669700
36563943
36504959
36465627
36377589
36276838
36188433
36059472
35958873
35807717
35784642
35419371
35234623
35116556
34950119
34876996
 Yeming Wang
37434854
37434854
37369282
37337997
37321233
37026906
36828006
36716195
36478734
36188433
36093094
36045658
35748704
35611349
35568052
35355793
35345417
35317717
35234623
35155477
35074630
 Xingwang Li
37388929
37388929
37329905
37324081
37083265
37071534
36750637
36746345
36702236
36699448
36468021
36409451
36291307
36060150
36009934
35492695
35365808
35341173
35222513
35170409
35154615
 Lili Ren
37409968
37409968
37378522
37321233
37275765
37252111
37246325
37218108
37218019
37196129
37191515
37182102
37179120
37153704
37115917
37092817
37059987
37037791
37030459
37027968
37026872
 Jianping Zhao
37473504
37473504
37346551
37255213
37237310
37194612
37163068
37142578
37117273
37111842
37110567
37059987
37056936
37042826
37025008
37022025
36946608
36850124
36809694
36754276
36752798
 Yi Hu
37479200
37479200
37467367
37458833
37452727
37449971
37444234
37431434
37429528
37416771
37409118
37401413
37389238
37386359
37358680
37348164
37340201
37339215
37328779
37308490
37291975
 Li Zhang
37486420
37486420
37486153
37485882
37484525
37483523
37480014
37478270
37478238
37477378
37475116
37471667
37467977
37467357
37466874
37465924
37463493
37463246
37463001
37462709
37462215
 Guohui Fan
37321233
37321233
37204755
37056988
36795456
36226154
35990949
35928619
35883052
35513826
35473747
35433747
35401364
35385369
35155477
35074630
35001555
34872515
34583675
34534435
34222179
 Jiuyang Xu
37321233
37321233
36804909
36625734
36187745
35155477
35074630
34454673
34326192
34246397
33734013
33428867
33421381
33403736
33271074
33079200
33010835
33007478
32840287
32675205
32635916
 Xiaoying Gu
37321233
37321233
36744132
36619810
36316630
35898809
35755062
35697052
35678952
35611349
35602490
35568052
35563622
35458712
35345417
35219375
35155477
35131324
35074630
35054949
34950055
 Zhenshun Cheng
37448884
37448884
37186434
37074394
36925352
36907990
36863160
36852973
36497185
36044099
35755062
35428349
35355710
35332684
35108608
35002722
34873151
34539392
34517383
34315392
34152707
 Ting Yu
37482887
37482887
37385099
37375414
37340824
37340423
37335900
37333592
37329852
37328300
37284884
37270965
37261895
37257812
37256919
37243666
37243598
37218529
37202601
37189163
37181910
 Jiaan Xia
34454673
34454673
34379989
34355001
33522958
33167955
32631393
32200645
32187464
32167524
32105632
32007143
31986264
31368243
28224433
 Yuan Wei
37479506
37479506
37476942
37460872
37456304
37455079
37454562
37449493
37446537
37443030
37442135
37439870
37437160
37417966
37406171
37400468
37393818
37393242
37357223
37355762
37349531
 Wenjuan Wu
37457964
37457964
37390248
37374444
37325938
37296408
37290709
37241626
37240006
37232012
37216181
37186513
37182966
37179940
37170112
37121413
37110584
37055743
37054536
37018476
36845019
 Xuelei Xie
32187464
32187464
31986264
 Wen Yin
37483815
37483815
37455967
37418941
37379354
37378895
37312398
37308837
37264314
37233394
37223541
37190838
37187773
37186377
37182404
37167072
37161054
37113063
37029335
37016525
36976061
 Hui Li
37486036
37486036
37482605
37481223
37480786
37479889
37479639
37478758
37478188
37477105
37475506
37475064
37475063
37475062
37474742
37471657
37471643
37471263
37471187
37467387
37467131
 Min Liu
37485264
37485264
37483026
37481960
37481677
37480702
37480159
37479016
37478186
37477156
37474454
37474052
37468556
37467841
37466365
37466201
37464421
37457699
37456564
37452495
37451839
 Yan Xiao
37468005
37468005
37466749
37466158
37440308
37439923
37439787
37429558
37420156
37418854
37385357
37378522
37357387
37354441
37348568
37334070
37328934
37303679
37295640
37282788
37277052
 Hong Gao
37477228
37477228
37474867
37444310
37441493
37432892
37431213
37333963
37330093
37327511
37315670
37313579
37308423
37296072
37275647
37270931
37266413
37262161
37262156
37262146
37259829
 Li Guo
37485903
37485903
37481785
37480605
37480526
37479824
37479654
37478939
37475514
37458226
37454306
37453509
37447607
37441984
37440909
37439340
37437082
37434235
37427716
37423159
37422272
 Jungang Xie
37056936
37056936
36754276
36578523
36437626
36309899
35785161
35550579
35309511
35168451
35083875
35035670
34746180
34690806
34497752
34368225
33949204
33814982
33666250
33407543
33326955
 Guangfa Wang
37353059
37353059
37294146
37283786
37231445
37201123
37156734
36929680
36882820
36847254
36752798
36693330
36317759
36317750
36176735
36108598
35948453
35911750
35813714
35748174
35713422
 Rongmeng Jiang
37457852
37457852
36409451
36342811
35399246
35186107
35153846
34632732
34618327
34592958
34586608
33024057
32660627
32606209
32535730
32431566
32333248
32217104
32180140
32069255
31986264
 Zhancheng Gao
37480410
37480410
37059987
37029178
37004351
36863991
36844402
36805609
36677496
36646189
36601290
36550436
36514799
36474604
36357898
36201141
36176576
36120657
36070516
36003191
35966877
 Qi Jin
37442390
37442390
37425654
37423564
37376391
37376028
37370851
37367904
37356723
37351901
37210522
37187363
37186156
37185577
37156388
37142314
37142105
37061639
37060338
37032908
37030892
 Jianwei Wang
37480201
37480201
37480037
37473466
37468667
37464378
37443810
37440652
37425654
37424033
37423037
37409968
37397530
37386638
37381783
37378522
37371833
37349329
37340583
37337770
37323087
 Bin Cao
37484947
37484947
37452512
37415817
37369282
37356123
37349777
37348518
37330196
37321233
37318116
37307441
37302027
37245814
37241471
37228658
37196009
37154704
37153610
37149249
37126843
Jasper Fuk-Woo Chan
37403902
37403902
37279466
37158848
37148585
37122119
37101119
37090592
37083859
37072051
37068258
37045873
36992395
36857860
36851564
36662861
36411276
36195094
36145288
36084644
36039901
 Shuofeng Yuan
37414753
37414753
37090592
37084889
36992395
36851564
36844503
36794676
36726760
36662861
36564389
36495872
36495868
36411262
36259516
36195094
36145288
36084644
36056469
36039901
35943779
 Kin-Hang Kok
36992395
36992395
36314823
36059532
35922005
35880656
35275039
35135441
34849654
34536277
34406358
34134991
34003073
33772013
33727703
33675655
33431849
33420022
33322574
33230504
33205709
 Kelvin Kai-Wang To
37340427
37340427
37112634
37068258
37060743
37045873
36992395
36949763
36897907
36706582
36596904
36592163
36591327
36493789
36482706
36465098
36445095
36423128
36357955
36354024
36278515
 Hin Chu
37301910
37301910
37122119
37068258
36992395
36928316
36857860
36662861
36529763
36411276
36411262
36195094
36145288
36084644
36039901
35943779
35938726
35922005
35874959
35874954
35739114
 Jin Yang
37481362
37481362
37480572
37474995
37461088
37456834
37456733
37455998
37455557
37445714
37437020
37434680
37426142
37421821
37420549
37419511
37417698
37415366
37397372
37393390
37393077
 Fanfan Xing
37463402
37463402
37158848
37101119
36509359
36037832
35572995
35442979
35187006
35034556
33015080
32918365
32234557
31986261
31914937
31277589
30952829
30597630
29942764
29259325
26317788
 Jieling Liu
31986261
31986261
31277589
30617635
23798152
23549803
20940517
20796317
19811360
18855263
 Cyril Chik-Yan Yip
37403902
37403902
36482706
36445095
36357955
36084644
36052220
36016336
35811422
35762834
35737809
35234870
35178548
34943453
34915551
34718428
34498683
34406358
34309648
33956593
33918447
 Rosana Wing-Shan Poon
36706582
36706582
36482706
35880656
34943453
34498683
34419925
33918447
33845058
33778795
32916926
32539986
32516739
32501535
32482633
32459137
32213337
32132187
32047895
31986261
31960460
 Hoi-Wah Tsoi
37112634
37112634
35739650
35398786
34961854
34498683
34419925
34309648
32840608
32835326
32215622
32132196
31986261
31960460
29106348
28613145
27051044
23918408
23623390
22937142
22615319
 Simon Kam-Fai Lo
31986261
31986261
31914937
31277589
 Kwok-Hung Chan
37112634
37112634
36992081
36706582
36357955
36314829
36314802
36304475
36195094
36016336
35891286
35874954
35762834
35750868
35578759
35545127
35418598
35414865
35398786
35285250
35254121
 Vincent Kwok-Man Poon
37090592
37090592
36195094
36052220
35943779
35922005
35739114
35737809
35641502
35534483
35438546
35234870
34815389
34689086
34536277
34134991
33890550
33727703
33657424
33538646
33216851
 Wan-Mui Chan
37060743
37060743
36493789
36445095
36357955
36195094
36052220
36016336
35880656
35750868
35739650
35737809
35271728
35234870
35187006
35135441
34961854
34951565
34915551
34689086
34498683
 Jonathan Daniel Ip
37060743
37060743
36493789
36445095
36357955
36016336
35750868
35739650
35737809
35271728
35234870
35187006
35135441
34961854
34951565
34915551
34689086
34498683
34419925
34309648
33851214
 Jian-Piao Cai
37279466
37279466
37112634
37084889
37068258
36992395
36857860
36726760
36662861
36591327
36564389
36529763
36195094
36145288
36084644
36052220
35943779
35938726
35922005
35874959
35874954
 Vincent Chi-Chung Cheng
37429411
37429411
37223243
37086890
36985239
36677420
36482706
36465098
36445095
36423128
36357955
36289955
36278515
36063397
36016336
36009945
35880656
35811422
35810057
35765578
35762834
 Honglin Chen
37467799
37467799
37466793
37424692
37379527
37311641
37303521
37299050
37269925
37261719
37260134
37244622
37221201
37212652
37199304
37194138
37122119
37112634
37062798
37060733
37045873
 Christopher Kim-Ming Hui
33778547
33778547
31986261
31786568
26784019
 Kwok-Yung Yuen
37474466
37474466
37435542
37279466
37223243
37158848
37122119
37113328
37112634
37101119
37090592
37083859
37068258
37045873
36992395
36857860
36706582
36697369
36662861
36591327
36529763
Qun Li
37456578
37456578
37453641
37448779
37414839
37407557
37404290
37304553
37298726
37263673
37252799
37247670
37225855
37218508
37181565
37178508
37164008
37108155
37082996
37059698
37052235
 Xuhua Guan
37400857
37400857
36031501
35923425
35643410
34819054
34594755
34305400
34043784
33585828
33262488
32702299
32450106
32264846
31995857
31771520
31734699
31485302
31287047
30382120
30217043
 Peng Wu
37481069
37481069
37475444
37458617
37454616
37408516
37399448
37399423
37389735
37382390
37375948
37368235
37363022
37361092
37347115
37345264
37344982
37336460
37303051
37301305
37301195
 Xiaoye Wang
37417837
37417837
37380910
37232480
37196024
37070679
36999402
36899705
36723860
36701048
36699071
36682265
36647544
36645573
36560651
36548836
36542550
36512158
36500009
36495704
36442368
 Lei Zhou
37482887
37482887
37474861
37470708
37456240
37453262
37446426
37435821
37435230
37435207
37434432
37434106
37432866
37426975
37404541
37397532
37392508
37391585
37380477
37367542
37366547
 Yeqing Tong
36699921
36699921
36684898
36658045
36071936
36031501
36002820
35957850
35923425
35662926
35162701
34819054
34594755
34323624
34305400
34128436
33262488
32566098
32377298
32264846
31995857
 Ruiqi Ren
37216651
37216651
36812169
36228091
35161961
34703643
34043784
33537159
33528529
33501949
31995857
34594605
30560778
32288966
29165238
28934462
28880856
28580900
28409054
27977644
27919225
 Kathy S.M. Leung
37105966
37105966
35136039
35128500
34189537
31995857
31992388
31928765
 Eric H.Y. Lau
37448114
37448114
37368235
37247873
37231110
37204790
37094371
37070986
37065584
37043284
37027203
36827972
36822410
36796397
36795061
36777899
36731635
36722802
36680118
36655186
36652990
 Jessica Y. Wong
37368235
37368235
37094371
36856551
36823190
36438907
35914518
35850128
35606895
35322048
35241662
35202535
34800462
34718464
34423821
34333637
34179860
34117868
33406238
32943787
32917290
 Xuesen Xing
31995857
31995857
31878888
31771520
30125283
29604360
28337190
28088586
27465959
26958855
26825892
25975397
25330383
24265477
24257175
24209711
22575136
20668535
19416076
15634458
 Nijuan Xiang
36443103
36443103
34234184
33585828
33537159
31995857
31481020
30125283
29165238
28934462
28409054
27977644
27919225
27762061
27704029
26714539
25975397
25623455
25340624
24928293
24209711
 Yang Wu
37486103
37486103
37484489
37481741
37478936
37475371
37473789
37458401
37457794
37452413
37448584
37442491
37433877
37422388
37418272
37393970
37389804
37382675
37365155
37363388
37342102
 Chao Li
37483596
37483596
37483035
37482693
37478267
37477904
37475855
37474308
37471586
37469766
37466116
37464415
37463966
37463883
37462692
37461228
37460792
37457731
37456162
37452747
37452042
 Qi Chen
37485340
37485340
37484972
37481784
37481613
37480829
37479984
37479856
37478614
37475116
37474888
37470724
37468393
37467273
37464967
37464211
37463894
37460011
37451237
37448017
37444954
 Dan Li
37484676
37484676
37484672
37484662
37482995
37482265
37481886
37481071
37478834
37478707
37478237
37478120
37476182
37475700
37474791
37473868
37471134
37470024
37464139
37462818
37456760
 Tian Liu
37463212
37463212
37458677
37451544
37450315
37408668
37376783
37375842
37344350
37337722
37332841
37317515
37254716
37235202
37217063
37208769
37198376
37194187
37163293
37163137
37154317
 Jing Zhao
37485915
37485915
37482002
37478468
37474898
37464353
37463531
37458054
37458027
37455613
37455076
37454749
37448533
37448490
37446601
37444892
37443055
37441022
37440910
37440229
37436846
 Man Liu
37459472
37459472
37409297
37405956
37404755
37403578
37378979
37367654
37323231
37277278
37248022
37201448
37188671
37176455
37162681
37099883
37092869
37086484
37076961
36977807
36959654
 Wenxiao Tu
34594629
34594629
34594828
31995857
30560778
27919225
27491387
27264269
26564634
26564621
25623455
24206646
23803488
23614499
18785485
 Chuding Chen
31995857
31995857
 Lianmei Jin
33407876
33407876
31995857
26564634
26564621
25623455
24969446
24206646
23803488
23614499
23305889
23045496
21569724
21569721
21569720
23908878
21176684
19957637
18785467
15555364
 Rui Yang
37483990
37483990
37481361
37481005
37478577
37470683
37468783
37460179
37452360
37452036
37449563
37444311
37437501
37436938
37424170
37404573
37401505
37400924
37396592
37390917
37379498
 Qi Wang
37486121
37486121
37484218
37483630
37482607
37481952
37481085
37480970
37480469
37479435
37478566
37476856
37476167
37474933
37471146
37469783
37465642
37464564
37463928
37462865
37461357
 Suhua Zhou
35627400
35627400
34746904
34474106
33291431
33003337
31995857
26564623
17900751
 Rui Wang
37486235
37486235
37478280
37478034
37477256
37475070
37474877
37474573
37473808
37469664
37468907
37467798
37467427
37465014
37462735
37462271
37460529
37459541
37457800
37457093
37456301
 Hui Liu
37483609
37483609
37483565
37482813
37482322
37481718
37481052
37480188
37479157
37477507
37476928
37474046
37469444
37469169
37468005
37467965
37466728
37465347
37449542
37448740
37446925
 Yinbo Luo
34331652
34331652
31995857
31347006
31256019
 Yuan Liu
37486750
37486750
37481952
37475741
37465760
37463884
37463571
37459447
37457348
37454458
37453985
37452462
37450343
37449204
37448776
37446859
37445842
37442989
37442449
37441500
37439514
 Ge Shao
37050904
37050904
36602797
35287043
34594618
31995857
 Huan Li
37484938
37484938
37484071
37482482
37469362
37466384
37419985
37408816
37408076
37390992
37385057
37381638
37380018
37364758
37363723
37361741
37339496
37330374
37329508
37327603
37307493
 Zhongfa Tao
37426016
37426016
37061049
36927437
36062068
35192519
34595016
34594906
34594870
33839714
31995857
 Yang Yang
37484496
37484496
37484402
37483240
37482085
37480062
37479363
37479046
37477517
37474537
37469575
37468661
37468160
37467617
37467489
37465642
37463214
37461061
37461025
37460832
37459867
 Zhiqiang Deng
37196682
37196682
37091180
36746559
36685179
36597676
36578505
36565404
36456672
36423461
35938542
35854455
35847516
35635315
35571094
35532152
35292317
35180724
35069515
34920755
34823533
 Boxi Liu
36851170
36851170
35193532
34594805
33591933
33468078
32955258
32806158
31995857
 Zhitao Ma
37127639
37127639
37087237
36401515
35932613
35770013
35668948
33948741
32109262
31995857
29937938
29803806
27499733
27007778
24378591
23936003
23764470
 Yanping Zhang
37452280
37452280
37382225
37379231
37345793
37331416
37307919
37298885
37280660
37278900
37222562
37215767
37209700
37166499
37154092
37145078
37112925
37091569
37049822
37033952
37020730
 Guoqing Shi
37453026
37453026
37363316
37050023
37015577
37011901
37009172
37009170
36921618
36894152
36809282
36434124
36426291
36312405
36312059
36284539
36230179
36222583
35934406
35892457
35525590
 Tommy T.Y. Lam
37310875
37310875
37002233
36978313
36918174
36694817
36678384
35982671
35536868
35394420
35136039
34189537
33723452
33359440
32360499
31995857
29207441
27216777
26678874
23800182
22171260
 Joseph T. Wu
37231110
37231110
37181718
37105966
37070986
36918174
36822410
36765349
36763451
36652990
36638825
35136039
35132397
35076003
35027105
34942104
34886945
34802277
34802267
34454783
34388389
 George F. Gao
37479708
37479708
37436839
37400857
37394992
37384968
37383151
37337102
37225729
37209704
37209677
37166301
37123450
37100904
37094153
37094126
37086726
37041173
37035020
37019149
37019110
 Benjamin J. Cowling
37448114
37448114
37397875
37377964
37368235
37307005
37287979
37204790
37204309
37197288
37141907
37105966
37094371
37086890
37031688
37002942
36913693
36880191
36856551
36848558
36827972
 Bo Yang
37486723
37486723
37485882
37485644
37481642
37479014
37475508
37475258
37474946
37474253
37469017
37468193
37462125
37461144
37459759
37452432
37449071
37441122
37438744
37432487
37428848
 Gabriel M. Leung
37448114
37448114
37310875
37289232
37204309
37181534
37105966
37094371
36898549
36823190
36804941
36796397
36780911
36652990
36643735
36638825
36521506
36438907
36435844
36417445
36403618
 Zijian Feng
37008826
37008826
36868258
36602797
36562546
36394386
36284540
36262839
35608748
35301803
34996486
34954956
34881371
34854864
34853010
34719883
34689201
34594958
34594940
34594927
34594909
Nanshan Chen
36719280
36719280
34861398
34379989
33522958
33167955
33078367
32632816
32187464
32007143
28276680
 Min Zhou
37480625
37480625
37477756
37455170
37451017
37432144
37408805
37406883
37406357
37403923
37394676
37393420
37391563
37389546
37388220
37384959
37378311
37371903
37367994
37353022
37336074
 Xuan Dong
37392534
37392534
37300490
37177218
37175284
36992480
36968480
36851575
36773438
36747238
36735969
36734916
36618330
36505276
36462642
36443688
36354585
36311432
36282820
36121241
36076167
 Jieming Qu
37461235
37461235
37403923
37311354
36910077
36868960
36827175
36777445
36708692
36669778
36574216
36466682
36463140
35941654
35930458
35863486
35863038
35835754
35830201
35710264
35619189
 Fengyun Gong
36118035
36118035
35797981
35235711
33421381
33172477
32187464
32007143
31010740
29754146
29270742
29246288
28714412
28325280
26629169
24765205
24649102
24219865
23090643
22886968
22684551
 Yang Han
37483090
37483090
37482682
37475042
37469778
37467939
37464984
37457937
37455278
37449071
37446962
37445936
37439148
37434184
37420701
37408037
37406748
37395372
37382407
37381948
37381058
 Yang Qiu
37393175
37393175
37332943
37298501
37273686
37254422
37185836
37184875
37165434
37104090
37032786
37023933
37019233
37001614
36943280
36883266
36870574
36822310
36807706
36801296
36778059
 Jingli Wang
37476915
37476915
37282965
36948796
36522374
36400273
36184090
36155627
36057301
35983360
35905881
35687677
35276235
35104378
34802422
34705513
34599631
34559072
34557227
34148283
33529894
 Ying Liu
37486235
37486235
37486143
37485926
37485569
37484777
37484718
37483389
37481563
37481151
37481091
37480813
37480065
37479565
37479187
37478665
37478133
37476195
37476154
37471209
37470451
 Jia'an Xia
34355001
34355001
32631393
32200645
32167524
32105632
32007143
31368243
28224433
 Xinxin Zhang
37480000
37480000
37468937
37467419
37458289
37457357
37455295
37442051
37370596
37364134
37361265
37355354
37354639
37353750
37347215
37310396
37303803
37270171
37259071
37257517
37254084
Fengxiang Song
36662150
36662150
35832184
35095719
35029212
34256743
34232804
34054425
33390894
33209422
33196374
32631212
32442756
32373235
32297985
32217649
32027573
31492294
29850142
28790821
28413514
 Nannan Shi
36780671
36780671
36613117
36547608
36472911
36160412
35910390
35910363
35847214
35636170
35368750
35356643
34882462
34825269
34712197
34604251
34256743
34247780
33776751
33771151
33732886
 Fei Shan
37474690
37474690
37434202
37273199
37180833
37116240
37114845
36877996
36714343
36620591
36566193
36514056
36459600
36389319
36387230
36376427
36338639
36314176
36268179
36243807
36228127
 Zhiyong Zhang
37479991
37479991
37478311
37470321
37456034
37453936
37447099
37439087
37423660
37402970
37393297
37372346
37355371
37349536
37348191
37343875
37339798
37325184
37267546
37261126
37256833
 Jie Shen
37469705
37469705
37451912
37451386
37433398
37424480
37418963
37409682
37407536
37405499
37401993
37385785
37375758
37374643
37365056
37348197
37340449
37328753
37327642
37325495
37296316
 Hongzhou Lu
37484496
37484496
37459867
37331800
37324081
37254144
37245987
37245543
37181365
37100801
37034346
37032074
37026863
37024795
36990764
36937849
36928222
36915970
36782323
36685921
36682801
 Yun Ling
37443424
37443424
37434480
37420335
37415511
37341660
37334841
37329712
37262997
37257299
37249178
37203559
37179192
37111986
37095086
37093185
37067827
37000349
36949347
36924630
36879549
 Yebin Jiang
33196374
33196374
32217649
32027573
30270701
30057047
26290663
26273294
25763841
24705783
24396882
24277888
23821754
23685674
23662102
23576710
23562283
23078688
22613625
21266638
21207022
 Yuxin Shi
37392260
37392260
37387285
37318854
37304906
37193249
37176865
37037249
37031579
36959751
36774341
36662150
36656084
36625741
36575881
36470654
36464364
36389319
36337961
36230547
36215885
