Hai-Xin Bo
36113943
36113943
35836941
34715164
34318576
33868059
33337594
32919351
32658818
32216863
 Wen Li
37482612
37482612
37479639
37475854
37469307
37467781
37465582
37463865
37462970
37462291
37461124
37459268
37457460
37455733
37451001
37450442
37449223
37447170
37446885
37446791
37446183
 Yuan Yang
37485380
37485380
37484545
37478679
37459178
37455937
37453316
37437741
37436980
37436933
37418537
37417622
37414617
37402130
37399716
37398513
37394884
37382494
37379926
37374861
37359014
 Yu Wang
37486471
37486471
37484991
37484531
37484462
37483624
37483487
37482521
37482302
37482265
37480540
37480435
37480188
37480118
37479674
37479063
37478567
37478262
37476821
37474745
37474681
 Qinge Zhang
37350640
37350640
36997507
36988299
36923522
36906613
36587492
36554429
36324116
36206885
36128195
35977150
35850062
35815014
35641826
35633807
35594975
35339571
35313835
35273161
35246000
 Teris Cheung
37437741
37437741
37350640
37270593
37252144
37181891
37181879
37168423
37056363
36991204
36988299
36946424
36923522
36901227
36873201
36873200
36834268
36774316
36767702
36584712
36554429
 Xinjuan Wu
36712546
36712546
36704832
36597469
36585614
36532516
36415220
36402197
36091678
35999509
35971434
35970665
35906851
35836941
35712889
35673110
35551788
35509704
35501209
35293033
35145987
 Yu-Tao Xiang
37437741
37437741
37350640
37308390
37270593
37252144
37247785
37201381
37181891
37181879
37168423
37163943
37086612
37068038
37009113
37001487
36997507
36988299
36937736
36923522
36911118
Haozheng Cai
35437510
35437510
35222428
34658852
34194423
33647885
33123131
32291383
 Baoren Tu
34392610
34392610
32291383
 Jing Ma
37485476
37485476
37465161
37447972
37423651
37423514
37421483
37402744
37398194
37392679
37392306
37373390
37353130
37348221
37338660
37336586
37333356
37315757
37312658
37309956
37306343
 Limin Chen
37479737
37479737
37394585
37359383
37350943
37330989
37314878
37300493
37278764
37249292
37201409
37158648
37129350
37028575
36998425
36973608
36902664
36864456
36862135
36836091
36829536
 Lei Fu
37474308
37474308
37455838
37449319
37447424
37446138
37396684
37389139
37316660
37303805
37301522
37279141
37261929
37261903
37219055
37200096
37153895
37093638
37091870
37086555
37077530
 Yongfang Jiang
37302583
37302583
36845547
36836704
36417098
36411702
36339758
36301018
36138295
35933981
35820364
35484432
35338010
35080256
35027051
34674612
34601848
34580902
34580816
34572712
34392610
 Quan Zhuang
37380987
37380987
37368163
37273870
37052702
37026377
36871016
36639648
36507008
36505404
36261049
36249005
36173038
35673962
35437510
35395646
35314666
35242783
35242775
35237609
35222428
Jinya Cao
37377470
37377470
37138758
36993920
36447203
36339843
33814026
33691663
33243247
33207284
32224612
32058460
31841874
31703657
31154087
29115965
27594155
26712401
25176541
21914396
 Jing Wei
37484431
37484431
37461770
37458126
37451571
37426650
37421335
37408729
37393817
37385734
37383109
37380958
37377470
37364306
37351469
37342442
37333916
37305586
37304113
37282604
37277658
 Huadong Zhu
37477387
37477387
37403381
37308188
37152537
37129505
37102227
37035738
36967797
36916348
36910112
36821412
36749542
36747275
36703122
36680675
36581995
36547451
36466920
36405021
36380329
 Yanping Duan
37471376
37471376
37377470
37309937
37257348
36993920
36963123
36951134
36873225
36803486
36790397
36674317
36231919
36115488
36074717
36069840
35954831
35886438
35791939
35789970
35757908
 Wenqi Geng
37377470
37377470
37181909
36993920
36873225
33814026
33207284
32224612
31154087
 Xia Hong
37469661
37469661
37457836
37377470
37316981
37262224
37219385
37211864
37206357
37194214
37181909
37157336
37140641
37129232
37121574
37114253
37049261
37038777
37026738
36993920
36917067
 Jing Jiang
37456878
37456878
37453368
37430737
37408354
37406984
37406032
37392803
37389334
37372363
37358659
37354531
37352292
37343487
37337043
37322814
37322599
37292151
37290515
37286542
37259689
 Xiaohui Zhao
37480548
37480548
37480288
37399403
37374657
37334707
37248411
37171033
37167868
37121091
37035724
37013423
36997537
36994674
36992015
36934934
36920551
36917732
36916908
36862920
36860522
 Boheng Zhu
36581832
36581832
36447203
36436883
36401390
36346956
36103997
35619612
35361636
34868322
33601384
33152729
32829730
32224612
Wenjun Cao
37275550
37275550
37171362
37087540
37079456
37045305
36903829
36718279
36413744
36367597
36346251
36095617
35969350
35924323
35783194
35711238
35636630
35585849
35495513
35463904
35159867
 Ziwei Fang
35372029
35372029
35261784
34873466
34336674
33659215
33557912
33415010
33347898
32913503
32229390
32112623
31720081
31451090
31127997
30210923
30018708
29970857
29888764
29636868
29312801
 Guoqiang Hou
36898836
36898836
36583476
36271048
36245138
36193069
34328196
34157933
33664657
33347898
32757875
32676460
32329150
32229390
31927306
31570583
31469661
31335644
30882247
30088954
29789690
 Mei Han
37481722
37481722
37354530
37275389
37256945
37198278
37193892
37182735
37160801
37108281
37064675
36992935
36992826
36982666
36981659
36978912
36969270
36896426
36894507
36771110
36768777
 Xinrong Xu
37031875
37031875
36720419
36436569
36299114
36298945
36133311
35473266
35344070
35198094
34846222
33745958
33347898
32509154
32229390
32096911
31781321
30640105
30548361
29371956
31966241
 Jiaxin Dong
37291074
37291074
37220671
37159270
37142964
37013495
36879965
36776460
36773881
36741813
36607332
36560565
36463819
36406578
36343862
36152569
35395133
35284736
35284436
35074389
34752980
 Jianzhong Zheng
37404377
37404377
37317632
37056778
37017679
36834212
36239887
36230613
35998607
35937054
35654587
35546143
35402376
35386258
35189862
35085671
34997672
34594755
34350190
34229378
34179017
Junling Gao
37419124
37419124
37405324
37117750
37080494
36927351
36844226
36805606
36530681
36305251
36242005
36241099
36142085
36118979
36070635
36009303
35936346
35923449
35883870
35742777
35624743
 Pinpin Zheng
37137701
37137701
36909813
36890984
36762262
36494253
36447194
35364398
35152099
34949509
34924381
34627208
34579204
34280115
33988909
33850512
33593779
33467557
33295292
32887401
32316185
 Yingnan Jia
36582382
36582382
36494253
36159281
35655462
35267987
34763684
34627208
34280115
34208862
34135035
33731132
33593779
32539787
32298385
31817855
30782900
29678559
29621986
29021420
28746400
 Hao Chen
37485280
37485280
37484634
37482661
37482016
37481114
37480767
37480562
37479010
37478984
37478760
37478191
37477429
37475363
37475307
37468664
37464983
37464346
37461457
37461053
37460182
 Yimeng Mao
36909813
36909813
36890984
34627208
34579204
34280115
33593779
33467557
32887401
32298385
 Suhong Chen
37278129
37278129
37268258
37241729
36890530
36872276
36727013
36653797
36644440
36456771
36377633
36169685
36126781
36075182
36046829
36043791
36043772
35899110
35531700
35502176
35465000
 Yi Wang
37484810
37484810
37482915
37481228
37480970
37478780
37474491
37469981
37467328
37464338
37463087
37462249
37461418
37461056
37461049
37460011
37456781
37456315
37456002
37454781
37453391
 Hua Fu
37457795
37457795
37254547
37123865
37099258
37070185
36994080
36967878
36820555
36653308
36518725
36494253
36315118
36277762
36185057
36142085
36069177
35905227
35762530
35754466
35696017
 Junming Dai
34959003
34959003
34641264
34627208
34579204
34280115
33593779
32298385
31817855
31670822
31670821
31670820
31670819
31670817
31302350
31272426
31238592
30326561
30095589
30081887
29621986
 Kenji Hashimoto
37482224
37482224
37414494
37407947
37402856
37395219
37198278
37072569
37017434
36972851
36968793
36889434
36881113
36804535
36786865
36732752
36670198
36599350
36597715
36583066
36571897
 Junling Gao
37419124
37419124
37405324
37117750
37080494
36927351
36844226
36805606
36530681
36305251
36242005
36241099
36142085
36118979
36070635
36009303
35936346
35923449
35883870
35742777
35624743
