Tao Ai
37377755
37377755
37354750
37188173
36875523
36873041
36819265
36807457
36763155
36738118
36673774
36670236
36338691
36293752
36281029
36281016
36251468
36205354
35990123
35863281
35854266
 Zhenlu Yang
36798745
36798745
36738118
34631572
33146797
32725336
32524220
32101510
30525413
30495920
29722264
28809111
28066849
 Hongyan Hou
37475855
37475855
37446990
37030283
36986387
36831748
36796470
36724100
36613296
36252472
36233840
36217880
36140672
36134956
36003928
35807065
35803001
35712589
35607955
35493743
35278892
 Chenao Zhan
36873041
36873041
36819265
36807457
36670236
36338691
33712393
33146797
32841294
32763118
32101510
31824171
31348283
30047995
29427791
 Chong Chen
37481619
37481619
37479984
37478685
37460387
37446940
37446457
37438548
37429241
37409552
37409462
37403574
37401460
37397722
37385323
37380917
37364295
37358561
37355667
37355027
37340596
 Wenzhi Lv
37246851
37246851
37241829
37173031
37154999
37003875
36510567
36408884
36153469
35961946
35929909
35910809
35695316
35527993
35242363
35066342
34741749
34671832
34631572
34557410
34432320
 Qian Tao
37442810
37442810
37338465
37335105
37248790
37246420
37223471
37155225
37107000
37106382
37081028
37036714
36987685
36976021
36973744
36881536
36864513
36854755
36851637
36849889
36822968
 Ziyong Sun
37337136
37337136
37187534
36702072
36700687
36590586
36581808
36369683
36233840
36233689
36123381
36100403
36003928
35807065
35636821
35607955
35574713
35421504
35401532
35307424
35265633
 Liming Xia
37435633
37435633
37310483
37211691
37191078
37179904
37105044
36971695
36966364
36915316
36870065
36814131
36776256
36738118
36624416
36586762
36481479
36386376
36244548
36217741
36169691
Harrison X. Bai
37229807
37229807
37204947
36741005
36115105
35810561
35562532
35500497
35364483
35320415
35184218
35072720
35031687
34754064
34551090
34286371
34223954
34174070
34147286
34132473
34098339
 Ben Hsieh
37029686
37029686
35851977
34727303
33773969
33750227
33739635
32460964
32339081
32155105
31921364
31663904
26657044
22555222
21915990
21499685
17188328
16464570
 Zeng Xiong
37207454
37207454
35545415
35168443
34541867
34223954
34109187
33816530
33750227
33372490
32873230
32438718
32386019
32386018
32386016
32386012
32339081
32155105
31437800
30988640
30779430
 Kasey Halsey
35320415
35320415
35184218
35031687
34223954
34132473
34083670
33773969
33750227
33739635
33232868
32460964
32339081
32155105
 Ji Whae Choi
35320415
35320415
35184218
35031687
34223954
34132473
34083670
33773969
33750227
33739635
33386910
32339081
32155105
28541286
 Thi My Linh Tran
36300964
36300964
36115105
35349620
35320415
35184218
35031687
34223954
34132473
34083670
33900434
33773969
33750227
33739635
33052463
32757541
32339081
32155105
 Ian Pan
37034649
37034649
36405815
36115105
35877964
35551307
35018541
35014902
34727303
34689869
34617031
34469211
34328661
34223954
33937836
33937834
33900434
33778590
33750227
33232868
33191851
 Lin-Bo Shi
34389330
34389330
34223954
33750227
33457857
33457789
32339081
32155105
29891367
15587164
12884585
12567572
 Dong-Cui Wang
34223954
34223954
33750227
32339081
32155105
 Ji Mei
37197631
37197631
36791497
36737768
36693826
36660648
36627560
36603848
36210821
36206498
35946524
35904476
35739536
35720302
35616316
35337279
35282062
35232247
35152527
35031181
34971626
 Xiao-Long Jiang
37235032
37235032
37124995
35586046
35035389
34553065
34395892
34223954
34104776
33750227
32339081
32155105
31935112
31772317
31609470
31529418
30513340
30320949
29279604
29175095
28281334
 Qiu-Hua Zeng
34223954
34223954
33750227
32339081
32155105
27229445
17344584
16137035
 Thomas K. Egglin
32155105
32155105
24951191
24777574
23206515
21930104
19380556
18520550
17457624
 Ping-Feng Hu
34223954
34223954
33814922
33750227
32339081
32155105
 Saurabh Agarwal
37301355
37301355
37266657
36569877
36504676
36428626
36387914
36357142
36320942
36232751
36135081
35908620
35761952
35646966
35631350
35205815
35070728
34827010
34823094
34707590
34622192
 Fangfang Xie
37483438
37483438
37474949
37310483
37133873
37063712
37034573
36845420
36816567
36814194
36657408
36647843
36646140
36635619
36574242
36519015
36512354
36356596
36144875
36142481
36092566
 Sha Li
37457059
37457059
37449319
37431237
37381795
37380098
37370027
37315697
37305050
37304241
37301984
37299110
37270074
37267201
37262278
37230052
37229865
37224629
37223557
37221744
37212527
 Terrance Healey
37301355
37301355
37266657
36320942
35810561
35646966
35414568
35320415
35184218
35031687
34775966
34223954
33852357
33773969
32842069
32460964
32155105
32151777
31790677
31247155
31094898
 Michael K. Atalay
37266657
37266657
36357142
36058817
35972359
35761952
35512960
35031687
34549990
34430769
34340201
34317655
34317418
34223954
34195517
34094503
33773969
33750227
32405810
32339081
32232790
 Wei-Hua Liao
37019119
37019119
37019025
36506054
35652509
35031687
34727303
34349618
34264505
34223954
34132473
34098339
34083670
33773969
33750227
33739635
32339081
32155105
31264197
31209809
30585765
Hyewon Choi
37404107
37404107
37315015
37168374
36520181
36512234
36476449
36389741
36203468
35749623
35740248
35570185
35424926
35202935
35195744
35094117
34785237
34692529
34609197
34277039
34097708
 Xiaolong Qi
37467451
37467451
37393747
37322745
37262178
37195892
37141513
37140997
37096512
37085840
37058569
36983735
36942261
36900542
36879365
36864726
36862807
36846717
36845483
36811800
36778694
 Soon Ho Yoon
37222857
37222857
37209462
37183400
37093330
37016984
36929924
36928568
36907592
36880953
36819253
36795468
36648343
36597581
36420119
36283113
36279248
36238884
36106393
36052975
35908455
 Sang Joon Park
37442869
37442869
37252282
37222771
36949396
36748292
36717595
36676499
36584082
36567075
36041491
35948525
35867637
35775971
35743267
35683997
35570797
35533679
35458005
35434848
35296720
 Kyung Hee Lee
37479587
37479587
37439802
37402411
37370120
37351703
37255045
37166341
37164345
37095662
37075305
37054719
36938296
36882795
36806498
36726296
36584446
36515003
36434931
36330497
36238397
 Jin Yong Kim
37256107
37256107
37243520
37105975
36623794
36588420
36585442
36515544
36194886
36088778
36043180
35988369
35818706
35720391
35679534
35601976
35584664
35509964
35405709
35295819
35260320
 Young Kyung Lee
37126544
37126544
36992169
36838505
36795468
36559571
36261189
35908455
35566415
35405709
34941036
34725711
34525350
34166440
34073814
33779633
33779627
33778565
33725957
33401345
36237454
 Hongseok Ko
36231196
36231196
33779633
33779627
33778565
33649381
32659416
32100485
31671129
24624278
24024002
 Ki Hwan Kim
37408333
37408333
37181220
37099081
37065603
36998613
36915254
36657388
36416047
36367404
36230024
36138116
35972648
35669915
35506581
35482090
35474080
35434976
35347508
35347205
35238467
 Chang Min Park
37367443
37367443
37352950
37352778
37323175
37315015
36980397
36931951
36880952
36795468
36788769
36776567
36749213
36744946
36725356
36272372
35832457
35789159
35787198
35699582
35693275
 Yun-Hyeon Kim
37462497
37462497
37191186
36974810
36821380
36818712
36795468
36769615
36579596
36238516
36237352
36219115
36175001
36165791
36086714
35836093
35815698
35668683
35466099
35405709
35150070
 Junqiang Lei
37114522
37114522
36992655
36965180
36881596
36863738
36746744
36731402
36633401
36357054
36200627
36176002
36169239
36109390
36054564
36036278
36007458
35872661
35405709
35369859
35282051
 Jung Hee Hong
37401494
37401494
37093330
36819253
36420119
35743888
35051160
34407600
33806085
33779633
33779627
33778565
33627316
33571270
33555354
33243843
33236542
33169551
32729262
32302345
32230838
 Hyungjin Kim
37479587
37479587
37445667
37323175
37288241
37227659
37209462
37189780
37144518
37126341
37075305
36971013
36928568
36892674
36810558
36795468
36738085
36715638
36575803
36543807
36539721
 Eui Jin Hwang
37428617
37428617
37367443
37315015
36980397
36931951
36788769
36776567
36749213
36744946
36725356
36108077
35832457
35195744
35076301
35070379
34876075
34564966
34487960
34463551
34264351
 Seung Jin Yoo
37372660
37372660
37209462
36932433
36877665
36545424
36420119
36283113
36238874
35864855
35633034
35405709
35355625
35351014
34679127
34527328
34009411
33942138
33878952
33779633
33779627
 Ju Gang Nam
36928568
36928568
36788769
36749213
36744946
36230750
35787198
35670713
35258373
35195744
34264351
34097708
34009411
33942138
33779633
33779627
33778635
33778565
33590320
33555354
33543844
 Chang Hyun Lee
37473811
37473811
37451361
37400543
37347019
37319283
37315576
37111108
37072455
37059969
36984645
36897816
36809260
36738711
36656350
36504043
36437360
36274182
36267579
36238884
36231196
 Jin Mo Goo
37459482
37459482
37428617
37315015
37209462
37075305
37016984
36980397
36931951
36929924
36928568
36880953
36861203
36819253
36795468
36788769
36749213
36744946
36648351
36648343
36238884
Xiaofeng Chen
37463538
37463538
37461124
37448513
37442759
37393837
37377116
37356963
37333974
37264446
37251219
37158066
37098245
37089113
37062513
37047408
37029384
37016543
37009171
36959092
36928180
 Yanyan Tang
37394582
37394582
37313504
37225283
37196389
37159683
37058117
36947706
36899389
36847092
36756159
36635220
36617725
36382614
36369902
36321885
36178201
36174873
36093248
35982902
35875165
 Yongkang Mo
32300971
32300971
 Shengkai Li
37396356
37396356
37354136
37290092
37245461
37144542
37038780
36897978
36880871
36801902
36619765
36527171
36272274
36271719
36222760
35993384
35901212
35858119
35857871
35766345
35646811
 Daiying Lin
37332963
37332963
37264266
37251219
36928180
36915301
36336689
36051922
35602019
34906852
34353099
33514323
33398925
32300971
26452990
25639359
25259860
25242635
 Zhijian Yang
37398441
37398441
37348233
37333190
37325708
37034613
37000186
36824751
36748000
36702211
36385989
36359826
36266475
36235442
36228542
36191994
35832709
35766335
35688112
35681138
35602019
 Zhiqi Yang
37448513
37448513
37264446
37251219
37007932
36928180
36891376
36692059
36460972
36389078
36273200
36105445
35820830
35765112
35602019
35546321
35468398
35427323
35379280
35338017
35185985
 Hongfu Sun
37325650
37325650
37251219
37125656
36647464
36586542
36382930
36351571
36194288
36064695
36016464
35992838
35912182
35772582
35753595
35684012
35645126
35602019
35209855
35101460
34898315
 Jinming Qiu
36174873
36174873
35602019
35301516
33514323
32848546
32492333
32300971
 Yuting Liao
37370099
37370099
37284095
37264446
37127882
37113484
37005907
36929220
36928180
36928099
36915343
36891376
36508279
36483152
36469837
36460972
36460837
36439458
36426361
36384280
36338711
 Jianning Xiao
35602019
35602019
34906852
33514323
32300971
 Xiangguang Chen
37448513
37448513
37264446
36891376
36772560
36273200
36240591
36136460
36032013
35870346
35602019
35504380
35087761
35038210
34960564
34553076
34416465
34391112
34385064
34270249
34126520
 Xianheng Wu
37251219
37251219
36928180
35103828
33514323
32300971
31714645
31081970
29687004
 Renhua Wu
37255748
37255748
37216423
36978258
36937532
36805784
36635220
36599050
36469930
36174873
35380977
35372060
35370619
35301516
34807583
34737921
33815088
33783927
33682787
33644197
33532261
 Zhuozhi Dai
37448513
37448513
37264446
37251219
37061176
37038780
36935592
36928180
36915301
36891376
36744332
36635220
36460972
36273200
36174873
35901975
35602019
35038210
34604024
33815088
33682787
Damiano Caruso
37369725
37369725
37326780
37256353
37240887
36847992
36831414
36765777
36728734
36680702
36672320
36658367
36619303
36611441
36431313
36274570
36140572
36070066
36017517
36010337
36006071
 Marta Zerunian
37369725
37369725
37326780
37240887
37155000
36847992
36765777
36728734
36619303
36611441
36140572
36070066
36010337
35884499
35785153
35717429
35328296
35157241
34381937
34347270
34339955
 Michela Polici
37369725
37369725
37326780
36831414
36728734
36619303
36431313
36140572
36070066
36017517
35884499
35717429
35380224
35328296
35157241
34381937
34347270
34339955
34313468
34072633
34072366
 Francesco Pucciarelli
37369725
37369725
37326780
36672320
36619303
36140572
36070066
35157241
34381937
34347270
34339955
34313468
34072633
34072366
34063937
33044733
32874972
32712222
32243238
30990473
 Tiziano Polidori
37326780
37326780
37256353
36847992
36728734
36619303
36140572
36010337
35157241
35136644
34534998
34381937
34347270
34339955
34313468
34073545
34072633
34072366
34063937
33044733
32874972
 Carlotta Rucci
37326780
37326780
36847992
36010337
35157241
35136644
34381937
34347270
34313468
34072366
34063937
33044733
32874972
32243238
 Gisella Guido
37326780
37326780
36847992
36728734
36619303
36140572
36070066
35328296
35157241
34381937
34347270
34313468
34072633
34072366
34063937
33044733
32874972
32243238
 Benedetta Bracci
37326780
37326780
36728734
36619303
36140572
35157241
34381937
34347270
34313468
34072633
34072366
34063937
33743100
33044733
32874972
32243238
28523890
28219676
27983684
26927060
 Chiara de Dominicis
37239155
37239155
35323177
35216271
35102127
34797489
34313468
33794925
33658032
33379366
33044733
32874972
32443824
32243238
27717235
26646262
25777488
20119680
19640657
17873584
 Andrea Laghi
37369725
37369725
37326780
37296826
37256353
37240887
37168505
37155000
36923371
36847992
36831414
36806568
36765777
36752369
36728734
36672320
36619303
36611441
36431313
36274570
36140572
