Ying Liang
37462113
37462113
37450964
37431968
37416516
37400992
37373055
37370943
37356367
37346341
37345464
37343243
37333013
37287964
37276410
37272671
37255017
37251397
37218180
37212261
37204996
 Jing-Jin Liang
35620096
35620096
34141466
32947360
19563710
 Qing-Tao Zhou
37253666
37253666
32947360
32515918
30855292
28097633
23286470
22054231
21503115
20079228
19080534
18637052
17940567
17673020
16207434
15978198
 Xiao-Guang Li
37378337
37378337
37336517
37331589
37284082
37089097
37088757
37057875
36819238
36798469
36653176
36640714
36620174
36594392
36434959
36241151
36204877
35980140
35792748
35718341
35655826
 Fei Lin
37470889
37470889
37420377
37418424
37409024
37404481
37403268
37375940
37364419
37346077
37305548
37244575
37243730
37236944
37229749
37214302
37207700
37181536
37141329
37134096
37129517
 Zhong-Hua Deng
36180433
36180433
36167254
35620096
34704442
34704423
34141466
32947360
26661529
25388813
24843872
24044224
24044210
 Bi-Ying Zhang
35620096
35620096
33443775
32947360
32586367
27667518
25112080
 Lu Li
37481684
37481684
37477104
37470038
37467289
37465553
37464402
37460713
37456931
37455453
37450769
37447293
37446942
37446934
37446231
37442910
37442329
37439870
37436386
37433948
37427286
 Xiao-Hua Wang
37480451
37480451
37193755
37163904
36870944
36823509
36718608
36571358
36505444
36411661
36267565
36242374
36188529
36182625
36167619
36082076
35997647
35652768
35642834
35591019
35363813
 Hong Zhu
37478850
37478850
37477106
37459972
37454137
37452510
37446983
37441142
37436722
37432207
37431255
37430323
37429388
37414258
37396042
37390121
37389662
37387540
37379166
37364582
37328545
 Qing-Bian Ma
36158514
36158514
36057558
35003424
34412491
33728002
33511171
33195648
33061537
32947360
31667167
31531327
29726987
28639569
27748346
24225209
22613536
22587927
21944181
16086058
 Xiao-Mei Tong
37330470
37330470
37210514
37138099
37073841
36684174
36577163
36285609
36241604
36210927
35844737
35751057
35209977
34911603
34511163
34130777
34130775
33691924
33691919
33327992
33172562
 Jie Xu
37475866
37475866
37475199
37473658
37471313
37470031
37468993
37457938
37455554
37446076
37443196
37441175
37439463
37437962
37437549
37430663
37429512
37429064
37424827
37421224
37405901
 Yong-Chang Sun
35291268
35291268
33685572
33336167
32947360
30628956
28836543
27569224
27064034
24433801
24047804
23786925
23289992
23158269
22336029
22333504
22333469
21569688
21444200
21109235
20979850
 Pei-Fang Wei
36382560
36382560
Xiao-Wei Xu
36992601
36992601
35908635
35853240
35680806
35029093
34817732
34662283
34303609
34222485
34095025
33093629
32608726
32210430
32075786
31871940
31477524
31396034
31319688
31204565
30519500
 Xiao-Xin Wu
36680710
36680710
36329446
34844617
34303609
33203355
33093629
32450532
32267217
32213556
32075786
31559514
30539875
30355918
30235711
30151008
29858958
29617693
29343809
28903457
27413717
 Xian-Gao Jiang
35932973
35932973
35148485
35071512
34327212
33268103
32075786
 Kai-Jin Xu
36151023
36151023
33843160
33833065
32443291
32213556
32075786
30089437
29337651
26645972
26361838
25915177
25692413
25621975
25607773
25308359
17349167
16677148
15908329
15593386
 Ling-Jun Ying
32592903
32592903
32075786
21492507
 Chun-Lian Ma
34128861
34128861
33594193
32553881
32075786
27702635
 Shi-Bo Li
33218423
33218423
33167900
32075786
29790233
26550147
23006433
21205470
18067786
17407706
16381637
 Hua-Ying Wang
37271788
37271788
35875417
34085796
33888127
32075786
31641482
30793209
30131908
27399120
26045992
26038133
25117915
24351835
24260405
23644919
22169518
21868322
21488214
20646447
20065761
 Sheng Zhang
37485386
37485386
37470416
37456720
37453553
37448513
37441236
37439118
37422687
37420410
37417927
37405518
37398457
37395473
37394483
37384415
37381357
37379293
37372233
37351109
37349326
 Hai-Nv Gao
35098177
35098177
33594193
33536460
32277591
32075786
26535889
26482389
25462187
25328390
23697469
23251460
20939118
 Ji-Fang Sheng
36246814
36246814
35737855
34215497
33843160
32893534
32748578
32641121
32618658
32425008
32425002
32075786
29664746
29334786
26666939
26361838
25915177
25753630
25553110
25182636
25034855
 Hong-Liu Cai
32425003
32425003
32075786
19930887
 Yun-Qing Qiu
36470909
36470909
32618658
32213556
32075786
24632756
24339194
23983378
23983374
20487645
18710633
17948942
17554617
16624118
16409787
 Lan-Juan Li
37433872
37433872
36361574
36151023
35978827
35098177
34844617
34303609
34222485
33959221
33810987
33728315
33594193
33203355
33186134
33177795
33093629
33067215
32902336
32902232
32641121
Pavan K. Bhatraju
37457915
37457915
37292692
37273234
37248708
37205332
37178093
37103955
37099286
37045721
36790189
36600780
36567786
36519995
36284548
36209335
36201483
36050993
35986336
35919517
35710995
 Bijan J. Ghassemieh
32227758
32227758
28137488
26890477
26866439
 Michelle Nichols
37139815
37139815
36689592
36634397
35962619
35951660
35819393
35759418
35415905
35355265
35198212
35144922
35105185
34887656
34840187
34767317
34284943
34197215
33913767
33470991
33350708
 Richard Kim
37483311
37483311
37454724
37406335
37359413
37358854
37340635
37243592
37230754
37224609
37210030
37195343
37192792
37165897
37146218
36967405
36942492
36932910
36803080
36796089
36738333
 Keith R. Jerome
37466213
37466213
37214809
37207227
37199630
37165032
37162835
37126090
37074875
36951943
36809468
36712077
36695358
36693927
36519118
36352021
36272098
36178789
36146679
36095012
36069983
 Arun K. Nalla
33655324
33655324
33655319
33006983
32556287
32535397
32511328
32444880
32405257
32269100
32227758
28536375
26512949
23441133
22984561
22511755
22177802
21945852
21855541
21813510
21455571
 Alexander L. Greninger
37466213
37466213
37346095
37279602
37214809
37183889
37165832
37162835
37099299
37099295
37097146
36940224
36913789
36878012
36856712
36802755
36798414
36797293
36763666
36732066
36711914
 Sudhakar Pipavath
37444527
37444527
37285083
37205332
37127203
36786906
35830884
35610068
35608267
34903059
34848676
34739887
33964516
33874973
33183067
32470156
32227758
31862440
31793991
31670294
31115618
 Mark M. Wurfel
37336058
37336058
37273234
37248708
37205332
37178093
37099286
37094100
37018921
36975209
36821369
36791309
36790189
36600780
36567786
36519995
36108888
36050993
35608267
35486077
35350814
 Laura Evans
37459888
37459888
37395055
37164574
36928012
36790189
36632444
36600780
36519991
36284548
36043503
35985343
35726987
35667747
35608267
35587274
35587214
35579918
35481878
35471939
35213552
 Patricia A. Kritek
36729002
36729002
36258878
33870323
33870317
33870282
33870281
33734938
32306488
32227758
32216877
32140601
33870265
33870264
31661296
31636831
31523994
31139732
30800944
30779527
29716910
 T. Eoin West
37457570
37457570
37020544
36877019
36814569
36570973
35994523
35961351
35852993
35608267
34909698
34848676
34727111
34478439
34394091
33986070
33874973
33602702
33593842
33534772
33221351
 Andrew Luks
37000143
37000143
36847809
36721497
36201281
35544405
35212006
35081281
34468285
33978479
33870282
33870281
33617754
33563458
33196294
33183067
33136114
33034744
32735170
32721248
32579436
 Anthony Gerbino
37424566
37424566
36781101
35311225
33204543
32227758
23588364
23304996
18071023
11744671
 Chris R. Dale
32227758
32227758
 Jason D. Goldman
37352211
37352211
37278994
37193826
37180102
36969241
36864666
36817759
36694448
36679852
36454570
35658503
35547855
35484176
35216672
35212363
35123660
34788328
34514710
34489601
34480861
 Shane O’Mahony
 Carmen Mikacenic
37336058
37336058
37205332
37125997
37099286
36821369
36600780
36567786
36519995
35608267
35486077
35157553
34909698
34812186
34767537
34758269
34754946
34740959
34652268
34593707
34526076
 Stephanie Bialek
36327157
36327157
36074486
34910739
32971532
32379729
32100696
31016324
30469342
29714163
29557247
29471326
29066580
28209771
28151899
27622686
27402515
27401134
27382600
27180114
26990759
 Ellen Boundy
37415299
37415299
36357041
35980851
34619715
33237892
32047874
31759892
29806099
29782185
29216029
27856446
27231546
26825403
26702029
 Virginia Bowen
36008067
36008067
34694275
34525291
34465590
34254848
33967234
33527126
33411699
33394275
33090977
32956239
32497029
32044864
31408424
30204746
29543623
29465637
29281630
29223964
28505234
 Nancy Chow
37237256
37237256
37043380
36940442
36715156
36573555
36322569
36190407
35997504
35862806
35674957
35432576
34730378
34626879
34487450
34399380
34176429
33809682
33338894
33193142
33176236
 Amanda Cohn
37200229
37200229
37199451
36201401
34932067
34590134
33753285
33539333
33301434
33290570
33104272
32687590
32461260
32063358
32004427
31693418
31048672
30473183
30377064
30139807
29982382
 Nicole Dowling
37483151
37483151
36794801
36762862
36520660
35446758
33610079
33533876
33411702
33073838
33056955
32862556
32725630
32701937
32644981
32584802
32567802
32352957
32350449
32163384
31968202
 Sascha Ellington
37386826
37386826
37289660
37289653
37227985
37200231
37187508
37149310
37117394
37053126
37053122
36995650
36995183
36884385
36870573
36816768
36669521
36609214
36602932
36580418
36526507
 Ryan Gierke
36107786
36107786
35481950
35384920
35085226
34551224
34014909
33916227
32798216
32054822
31751323
31505629
30643125
28518018
27832022
27001799
26976292
26908787
26334788
25233284
 Aron Hall
37352280
37352280
37319011
37167154
37026408
37022977
36824313
36682288
36479424
36317478
36288521
36285882
36281757
36201400
36201373
36074486
36070595
36065896
35980866
35927486
35913377
 Jessica MacNeil
34014913
34014913
33914723
33661860
33417592
32687590
32520884
31710579
31123695
30789140
30705094
30598460
30473183
30361650
30260947
30126935
30114000
30015608
29982382
29964139
29858150
 Priti Patel
37440452
37440452
36990836
31082136
35970421
35951484
32491581
35466438
35419540
35377396
35200084
34862248
34735860
34587719
34532877
34421407
34319035
34310172
34233448
33907299
33793457
 Georgina Peacock
37342958
37342958
35861310
35324879
37180816
34663536
34591826
34519426
34499628
34272340
34245307
33847734
33533876
33384278
33245528
33219911
33132516
33019699
32989084
32862556
32701937
 Tamara Pilishvili
37242402
37242402
37213428
37036715
36797097
36795625
36757865
36750643
36731936
36723871
36703252
36701262
36578137
36469350
36454688
36355612
36173757
35856635
35511708
35481950
35384920
 Hilda Razzaghi
37386826
37386826
37319029
37167154
37016819
36884385
36878415
36816768
36795677
36480674
36264832
35906141
35864015
35725781
35699596
35674233
35452085
34965901
34914669
34598291
34586060
 Nia Reed
26752487
26752487
 Matthew Ritchey
37167154
37167154
37086191
36960828
35987557
35980866
35951486
35709015
35597571
35389977
35380626
35263382
35135961
35085225
34612073
34537460
34529637
34014911
33983911
33735162
33678711
 Erin Sauber-Schatz
37314607
37314607
36026460
35809653
35771709
35752931
34740947
34399929
34324480
33792610
33705364
33476314
33301434
33301431
33237892
33095063
32817609
31856145
31585358
30985191
30681899
Jun Chen
37484369
37484369
37482681
37482600
37481997
37480074
37468667
37460871
37458306
37456842
37453348
37453333
37452473
37451810
37448515
37446745
37440424
37437359
37437245
37434274
37428468
 Tangkai Qi
37286922
37286922
37078751
37026863
36782323
36777445
36651302
36441484
36356965
35219884
35130974
34999246
34732614
34588390
34307187
34158238
34149679
34074256
33952310
33892189
33594656
 Li Liu
37485877
37485877
37484938
37484822
37482573
37482304
37478041
37476494
37474710
37471384
37469864
37466395
37466182
37465451
37463561
37462398
37462246
37461672
37459834
37458069
37456862
 Yun Ling
37443424
37443424
37434480
37420335
37415511
37341660
37334841
37329712
37262997
37257299
37249178
37203559
37179192
37111986
37095086
37093185
37067827
37000349
36949347
36924630
36879549
 Zhiping Qian
36992343
36992343
36969896
36712653
36626326
36569093
36345143
36159019
36081337
36052222
35875559
35037228
34869500
34869468
34758747
34668629
34532334
34468963
34412498
34409052
34249983
 Tao Li
37484252
37484252
37484015
37476383
37476192
37475351
37474520
37470767
37468270
37464413
37460531
37458756
37454871
37446479
37445138
37443193
37439298
37430470
37426488
37424829
37424465
 Feng Li
37484373
37484373
37479877
37478430
37477629
37470116
37466303
37465027
37464447
37462692
37461690
37461034
37460620
37459265
37455452
37454686
37447771
37442191
37437852
37437614
37435540
 Qingnian Xu
36109709
36109709
34668629
33148005
32671131
32573353
32391667
32275643
32171869
28680448
27293460
26896597
26848866
26760979
26572488
26506519
26221327
26175398
26136615
25798051
25247194
 Yuyi Zhang
37484905
37484905
37389766
37032783
37010326
36999445
36903087
36802635
36750610
36733884
36712653
36518663
36203089
36082417
36030397
35610968
35469019
35424877
35389232
35197503
36654204
 Shuibao Xu
37286922
37286922
36441484
35130974
34158238
34074256
33892189
33594656
32671131
32434211
32171869
32118639
 Zhigang Song
37381224
37381224
37376512
37312006
37075488
36935138
36926838
36921563
36712915
36704486
36537371
36522791
36512727
36465348
36408137
36282376
36253911
36206337
36151450
36084503
35921553
 Yigang Zeng
36129287
36129287
35471480
34960610
34926329
34756078
32928222
32312307
32212918
32171869
30868687
29723851
28826163
26397152
24824041
24480999
24069260
23667514
23609182
23399020
23354591
 Yinzhong Shen
37286922
37286922
37085231
37026863
36782323
36685921
36441484
36309305
36187617
36062074
35637337
35579892
35219884
35130974
34999246
34732614
34588390
34318871
34307187
34281390
34158238
 Yuxin Shi
37392260
37392260
37387285
37318854
37304906
37193249
37176865
37037249
37031579
36959751
36774341
36662150
36656084
36625741
36575881
36470654
36464364
36389319
36337961
36230547
36215885
 Tongyu Zhu
37332779
37332779
37255423
37184280
36915661
36859428
36658472
36636832
36211389
36207299
36129287
36070781
35847060
35795483
35699239
35619579
35471480
35443747
35304437
35223891
34960610
 Hongzhou Lu
37484496
37484496
37459867
37331800
37324081
37254144
37245987
37245543
37181365
37100801
37034346
37032074
37026863
37024795
36990764
36937849
36928222
36915970
36782323
36685921
36682801
