Na Zhu
37432394
37432394
37391101
37376408
37299496
37278329
37208711
37207192
37049582
37049515
36874958
36865254
36828458
36778177
36777226
36776302
36770893
36759849
36729175
36715585
36704523
 Dingyu Zhang
37372930
37372930
37321233
37197655
37065214
36814358
36737007
36669700
36609561
36563943
36528615
36496993
36405762
36402785
36095196
36059472
35943976
35820163
35811055
35795391
35692392
 Wenling Wang
37457851
37457851
37450242
37400857
37300354
37193311
37168336
37148734
37009519
36997486
36975944
36937428
36899506
36810299
36775057
36483191
36466855
36438728
36433929
36334815
36284686
 Xingwang Li
37388929
37388929
37329905
37324081
37083265
37071534
36750637
36746345
36702236
36699448
36468021
36409451
36291307
36060150
36009934
35492695
35365808
35341173
35222513
35170409
35154615
 Bo Yang
37486723
37486723
37485882
37485644
37481642
37479014
37475508
37475258
37474946
37474253
37469017
37468193
37462125
37461144
37459759
37452432
37449071
37441122
37438744
37432487
37428848
 Jingdong Song
37209692
37209692
37022776
37019149
36851569
36809297
36483191
36366529
36284686
35355288
35164557
34960691
34594958
34504014
34285233
33925561
33891486
33868299
33516600
33161824
33059061
 Xiang Zhao
37478999
37478999
37463332
37435618
37418093
37407973
37396265
37394473
37386410
37363261
37362202
37356745
37353816
37350134
37339946
37325648
37266578
37262348
37252640
37243647
37214859
 Baoying Huang
37457851
37457851
37400857
37303183
36851120
36779300
36483191
36284686
36159863
36031501
36011576
35891313
35882870
35813261
35790947
35787610
35746564
35684511
35605625
35311493
35281016
 Weifeng Shi
37468527
37468527
37350861
37250798
37213472
37209677
37019149
36992480
36863412
36789133
36786616
36700774
36631833
36526809
36377874
36372075
36334706
36328956
36152125
36119044
36115378
 Roujian Lu
37457851
37457851
36483191
36406059
36284686
35311565
34745429
34694579
34402479
34249808
34212284
34052830
33491508
34594677
34594676
32511312
32501448
32159775
32150618
32007145
31978945
 Peihua Niu
37009519
37009519
36828517
36751558
36059791
36033752
35707526
35692336
35355277
35215810
34703643
34594930
34594909
34579576
34544865
34212284
34059617
33868299
33248243
32887884
32808156
 Faxian Zhan
35060426
35060426
34746904
34224110
33762651
33199918
32979617
32783769
32015507
32007145
31978945
31878888
31161553
30217043
30125283
30085178
28251515
28089865
28088586
27465959
26958855
 Xuejun Ma
37406815
37406815
37271272
37240436
37181228
37180280
37137868
37008862
36916770
36828521
36828517
36751558
36387484
36241909
36059791
36033752
35813263
35794907
35780048
35692336
35689713
 Dayan Wang
37418298
37418298
37403888
37215632
37069608
37024804
37009521
36992303
36900957
36845396
36751558
36525468
36495182
36440484
36427703
36376288
36271687
36184095
36152125
36151808
36146868
 Wenbo Xu
37479187
37479187
37400857
37290504
37158980
37139621
37039920
37039701
37009519
36998599
36995241
36958012
36945745
36912685
36905116
36897127
36875227
36851788
36847495
36846911
36845391
 Guizhen Wu
37394992
37394992
37336889
37314009
37193308
37077472
37019149
36966115
36702124
36685587
36681668
36601138
36596779
36506806
36483191
36366430
36184789
36160584
36062067
35991002
35891313
 George F. Gao
37479708
37479708
37436839
37400857
37394992
37384968
37383151
37337102
37225729
37209704
37209677
37166301
37123450
37100904
37094153
37094126
37086726
37041173
37035020
37019149
37019110
 Wenjie Tan
37457851
37457851
37400857
37193311
37019149
36972867
36920705
36851120
36751558
36652473
36483191
36406059
36284687
36284686
36159863
36129973
36062067
36059791
36031501
35891313
35882870
Xiaoxia Lu
37337576
37337576
37152540
37146717
37118663
37098307
36809708
36692625
36554330
36536875
36454504
36438786
36409451
36345661
36317581
36157658
36109390
35695407
35576655
35470573
35369859
 Liqiong Zhang
37255408
37255408
36870658
36460128
35870171
35605555
35537582
35428349
34961014
34797299
34548009
34497168
34350554
34179066
33932761
33725930
32749123
32187458
31770196
31038567
30515784
 Hui Du
37460171
37460171
37459963
37444632
37343271
37323232
37316448
37193909
37020793
37009125
36982472
36946519
36922772
36833614
36614961
36572390
36537749
36438219
36413075
36380687
36332286
 Jingjing Zhang
37485341
37485341
37484320
37479010
37478154
37476052
37461056
37458723
37458720
37453670
37450428
37442997
37442973
37441819
37434698
37427580
37421854
37409743
37405011
37402324
37400614
 Yuan Y. Li
35317909
35317909
34995470
32692907
32296664
32187458
31570091
31465027
31020472
30375169
28649199
31457545
28427491
29726208
24956915
23568012
22182977
22099153
21640790
21207308
20937840
 Jingyu Qu
37059216
37059216
36975492
35604434
35229601
34826892
34052726
33658750
33616621
33345682
33320169
32187458
32144269
31830730
30644709
 Wenxin Zhang
37437930
37437930
37425040
37422589
37369926
37345561
37341461
37336427
37321216
37311441
37288820
37259601
37237664
37215837
37201875
37190869
37179385
37175022
37151185
37139414
37088822
 Youjie Wang
37364656
37364656
37230863
37097571
37080131
36934926
36872221
36871798
36592286
36586020
36535189
36509334
36506465
36443394
36383287
36341901
36113556
36034562
35965247
35660526
35513113
 Shuangshuang Bao
33894536
33894536
33254398
32187458
31991237
31874351
 Ying Li
37486125
37486125
37482441
37481007
37477425
37477274
37476832
37475448
37473538
37473529
37468488
37465180
37465027
37464393
37460171
37458807
37457005
37456831
37456760
37456164
37454845
 Chuansha Wu
36940236
36940236
36219442
34116331
33554183
33461012
32187458
31991237
31573832
31180214
31081626
31078085
30675808
30557721
30510686
30427191
30318100
30064055
30059848
29851608
29621731
 Hongxiu Liu
37328725
37328725
36966925
36828249
36621489
36525950
36465384
36423372
36283531
35841991
35588816
35358547
34970885
34853016
34755115
34047946
33839620
33684857
33637624
33139105
33042041
 Di Liu
37482318
37482318
37475405
37474093
37469957
37454257
37452682
37450127
37449074
37443955
37440143
37436944
37430707
37402744
37400871
37390693
37390648
37376654
37374894
37361546
37345306
 Jianbo Shao
37231912
37231912
37025293
36680908
36588896
36542778
36409451
36217660
36063519
35554663
35464712
35282111
35047106
35013572
34815983
34767192
34697118
34633518
34618327
34414830
34304465
 Xuehua Peng
37025293
37025293
36449321
35464712
34815983
34248632
33713586
33251168
33084963
32997639
32844290
32511484
32210783
32187458
32134205
32059985
31925597
25736404
24505457
 Yonghong Yang
37427540
37427540
37413879
37321426
37289666
37288267
37269155
37209704
37206543
37184149
37178945
37152767
37065204
37048822
36741976
36721293
36701724
36691159
36409451
36368468
36262595
 Zhisheng Liu
37290628
37290628
36860892
36826325
36655670
36549764
36532742
36509275
36409451
36117716
36111714
36090251
36016224
35884687
35532204
35366515
35176338
35062751
35002921
34898052
34859793
 Yun Xiang
37478141
37478141
37431730
37311744
37255030
37180431
37158381
37147312
37093857
37050705
37039099
37029345
36965245
36951316
36925297
36901518
36844074
36790562
36781254
36701857
36598634
 Furong Zhang
37375904
37375904
37348645
37270677
37157441
37038594
37014010
36800449
36712692
36705329
36599632
36588724
36565796
36460460
36434610
36329693
36244113
36201869
36193295
36038663
35800160
 Rona M. Silva
35739308
35739308
34801612
32187458
28315184
27152509
27025955
26562364
25628415
25577195
25292367
25231189
25144856
24156719
23649427
 Kent E. Pinkerton
37362438
37362438
37243332
37183431
37126851
36806671
36584985
35877995
35768951
35739308
35631569
35560287
35559825
35559605
35443010
35353917
35142253
35139765
34801612
34757175
34661622
 Kunling Shen
37259267
37259267
36691159
36658687
36578005
36419145
36409451
36016878
35800262
35774519
35536454
35399246
34618327
34586608
34581958
34540763
34540320
34523109
34422324
34277466
34210262
 Han Xiao
37481646
37481646
37478768
37478294
37458828
37451564
37451462
37446454
37446291
37440912
37436513
37399865
37399418
37397397
37397201
37386884
37384584
37382511
37381653
37380855
37379562
 Shunqing Xu
37422589
37422589
37328725
37230863
37043832
37023811
36842580
36828249
36805810
36758817
36621489
36586020
36581292
36525950
36423372
36341901
36283531
36273603
36174460
36122716
36049689
 Gary W.K. Wong
37168277
37168277
37032258
36601259
36564871
36193874
36185546
36143913
35600836
35567339
35546575
35539896
35531632
35387013
35387010
35250904
35212048
35174059
34963794
34934475
34872649
Jonas F. Ludvigsson
37475642
37475642
37471291
37414733
37393087
37387502
37327506
37322135
37245713
37245712
37243468
37171015
37169725
37162615
37125404
37121528
37103933
37084883
37069492
37061104
37052917
Ruiyun Li
37354130
37354130
37347759
37143866
37011444
36944651
36875119
36848570
36642795
36622069
36277723
36265206
36233009
36035226
35992132
35946036
35883480
34985611
34967127
34568858
34452430
 Sen Pei
37461674
37461674
37399393
37347935
37293024
37285385
37098043
37031625
36958029
36777899
36560799
36525468
36466700
36437905
36417445
36274183
35923312
35896977
35799321
35759513
35737648
 Bin Chen
37483977
37483977
37480714
37480251
37475635
37471666
37467781
37458258
37451492
37449804
37441635
37441384
37440655
37437793
37436447
37435891
37434342
37431871
37429121
37424930
37424182
 Yimeng Song
37393673
37393673
37233956
37210817
37015905
36823643
36687675
36380158
35995846
35941122
35910718
35847556
35750005
35749992
35683296
35679013
35591340
35478956
35425246
35377136
35350316
 Tao Zhang
37486440
37486440
37482349
37481981
37481122
37478974
37476616
37475963
37475553
37470220
37467914
37459901
37459889
37456355
37456024
37455182
37454936
37454757
37454125
37452495
37452375
 Wan Yang
37459374
37459374
37436613
37431776
37429131
37423624
37337182
37280229
37274745
37248588
37217505
37211916
37209333
37164977
37093513
37065680
37030225
37020807
36943767
36890264
36858359
 Jeffrey Shaman
37486228
37486228
37486189
37461674
37459374
37399393
37098043
36958029
36913441
36872897
36773906
36702142
36437905
36417342
36415461
36301527
36274183
36223121
36155954
35943138
35923312
Dan Sun
37453355
37453355
37434431
37404757
37370002
37335722
37293682
37267946
37225337
37203449
37197206
37187030
37182359
37175314
37162227
37140015
37111828
37098297
37071813
37060636
37059931
 Hui Li
37486036
37486036
37482605
37481223
37480786
37479889
37479639
37478758
37478188
37477105
37475506
37475064
37475063
37475062
37474742
37471657
37471643
37471263
37471187
37467387
37467131
 Xiao-Xia Lu
37152540
37152540
36409451
36157658
35237367
34618327
34586608
33476567
32524611
32504360
32333248
32207032
32196678
32193831
29997103
29965420
27351716
26695669
24699858
24661522
23914552
 Jie Ren
37468667
37468667
37467263
37458401
37451951
37398474
37394469
37393969
37392050
37370109
37367650
37353773
37352353
37343143
37341648
37329616
37324839
37324705
37324687
37316358
37307568
 Fu-Rong Zhang
35209813
35209813
34530795
33083310
32504360
32237517
32193831
30396621
30120756
29132458
25266424
24599688
22371121
21162824
20924177
19798978
19671357
19526390
19327529
18692596
18466198
 Zhi-Sheng Liu
36655670
36655670
36409451
36111714
35884687
35176338
35002921
34618327
34046375
33656317
33352220
32933628
32903695
32780314
32571455
32504360
32360500
32333248
32207032
32193831
28585150
