Ruchong Chen
37437744
37437744
37324067
37197491
37178731
36971839
36755583
35663303
35432356
35295233
35271782
35127763
35040086
35031959
35018338
34778289
34541481
34486263
34455599
34395712
34350256
 Wenhua Liang
37477536
37477536
37403021
37173789
37101356
37072866
37072348
37057112
36910115
36809502
36794137
36636407
36618635
36588094
36463341
36436242
36322089
36265009
36248334
36129602
36087204
 Mei Jiang
37353829
37353829
37275394
37185575
37178731
37174685
37161199
37144198
37092851
37082194
37074414
37055275
36945110
36924268
36910525
36874426
36862222
36808426
36788067
36774424
36755583
 Weijie Guan
37386364
37386364
37377656
37349537
37161410
37143843
37038356
37005365
36949966
36731904
36707228
36603750
36463140
36435264
36334726
36323380
35896532
35863486
35789796
35788298
35431398
 Chen Zhan
37449074
37449074
37432189
37426597
37381101
37232192
37120692
37017985
37017486
36961304
36947877
36937592
36915885
36844077
36808974
36755583
36754742
36599780
36583570
36484407
36421060
 Tao Wang
37485687
37485687
37484531
37483241
37482970
37480594
37478850
37477881
37474444
37470905
37470826
37468168
37467718
37466431
37463940
37462055
37461596
37460861
37455771
37454679
37453380
 Chunli Tang
37439480
37439480
37073792
36657427
36436242
36435264
36332315
36214844
36104691
35936458
35484823
34795959
34437708
34412056
34400075
34350256
34164271
34044660
33422984
32652406
32618693
 Ling Sang
37426144
37426144
36949955
36898986
36819546
36661473
36645541
36590551
36532037
36333809
35908725
35756365
35691517
35323000
35242382
35186959
35154067
35046843
35020272
34988656
34966028
 Jiaxing Liu
37422448
37422448
37346367
37206664
37179174
36999126
36950538
36871669
36814298
36792608
36622156
36617803
36604924
36484726
36466908
36446665
36411242
36311806
36264602
36066901
35907549
 Zhengyi Ni
34815077
34815077
33942518
32642086
32407836
32304772
32269086
32217650
32109013
30998751
29270742
29216875
28196469
28089791
26770443
24585800
19080568
 Yu Hu
37483428
37483428
37474589
37469329
37458465
37455405
37387456
37383704
37382653
37375813
37356744
37348791
37348711
37340322
37338773
37336233
37332931
37332092
37305484
37304546
37293221
 Lei Liu
37483430
37483430
37481946
37481151
37478720
37478163
37477871
37475708
37463541
37463020
37461770
37461391
37461207
37449199
37448746
37441237
37438872
37436938
37434986
37432456
37426132
 Hong Shan
37470182
37470182
37466648
37392683
37375039
37321327
37250155
37215991
37209953
37192555
37145165
37067505
36875610
36861200
36852185
36812312
36797661
36620304
36183166
36076805
36067000
 Chunliang Lei
35560820
35560820
35398501
34916489
34890394
34594900
34404803
34377002
34373969
34002684
33942518
33846224
33729145
33563822
33390771
33287631
33123541
33096290
33037400
32918858
32910179
 Yixiang Peng
36970610
36970610
36225014
36186604
35278847
34177032
33942518
33924448
32642086
32407836
32304772
32269086
32217650
32109013
18975781
18950012
18723357
18403194
15696960
15571320
 Li Wei
37483541
37483541
37482369
37482006
37480440
37480118
37480108
37477650
37476614
37475712
37471710
37470677
37469204
37468964
37468168
37467972
37467944
37467664
37467467
37465161
37464415
 Yong Liu
37484617
37484617
37481870
37478186
37475440
37475366
37475269
37474626
37474106
37470836
37468667
37460648
37459760
37456759
37451625
37450740
37449526
37447900
37447825
37447755
37445110
 Yahua Hu
33905341
33905341
32642086
32641989
32407836
32304772
32269086
32217650
32109013
30650717
30453530
27844181
17393106
 Peng Peng
37486420
37486420
37470699
37427811
37395163
37363234
37332769
37327642
37290905
37285951
37275829
37275360
37273640
37168526
37145881
37105815
37093728
37093211
37091140
37085099
37083136
 Jianming Wang
37407980
37407980
37383602
37332118
37305039
37287752
37149225
37115210
37039950
37035335
37011251
36970785
36958381
36948448
36869807
36842555
36839145
36818871
36803117
36762551
36756225
 Jiyang Liu
37446848
37446848
37367026
37242061
37087760
36979529
36927641
36677991
36635737
36573038
36500293
36432268
36420584
36360209
36320576
36157037
36142713
36046128
36003618
35929926
35870336
 Zhong Chen
37468427
37468427
37462298
37460011
37451462
37442785
37436163
37435231
37429215
37424243
37406903
37398672
37381425
37381311
37376312
37370000
37351131
37332198
37330931
37316368
37315592
 Gang Li
37483216
37483216
37481646
37481555
37478601
37474116
37466408
37463133
37463122
37462149
37457005
37450348
37449402
37448040
37446291
37444355
37441706
37441007
37439095
37438694
37438395
 Zhijian Zheng
37013584
37013584
36963730
36927398
36882524
36401967
36386132
36339533
36280140
36228585
35950704
35941565
35458051
35403410
35364539
34561330
34409799
34094975
33988606
33377649
33344916
 Shaoqin Qiu
32968624
32968624
32407836
32304772
32269086
32217650
32109013
30672438
 Jie Luo
37475624
37475624
37474992
37471539
37454382
37450733
37430910
37430076
37419802
37395069
37389595
37374807
37369257
37367858
37364891
37360171
37345702
37336089
37323948
37308869
37292474
 Changjiang Ye
36686860
36686860
32407836
32304772
32269086
32217650
32199907
32162137
32109013
30991112
30350520
26159694
19266314
 Shaoyong Zhu
32407836
32407836
32304772
32269086
32217650
32109013
 Xiaoqing Liu
37481742
37481742
37481579
37479187
37448800
37437501
37430328
37426144
37395782
37388724
37382225
37379042
37370111
37361035
37360309
37348492
37324285
37305106
37268840
37265111
37264502
 Linling Cheng
37397559
37397559
37377656
37059587
36388647
35001242
34763893
34603275
34350256
33902895
33774002
33444762
32910179
32727917
32642086
32601708
32304772
32269086
32217650
31507630
29619416
 Feng Ye
37481222
37481222
37473466
37470692
37420910
37420246
37415164
37414635
37406757
37402480
37392666
37380822
37365159
37353186
37335351
37327296
37322978
37322464
37307105
37300733
37286794
 Jinping Zheng
37451700
37451700
37393451
37353829
37324081
37315325
37152934
37009021
37007551
36725024
36722312
36718312
36621481
36579022
36508794
36450496
36418315
36322135
36274994
36267898
36245604
 Nuofu Zhang
37141914
37141914
37076872
36998095
36937783
35922388
35872889
35820074
35714382
35273687
35037328
34988656
34895942
34743862
34520076
34515224
34478349
34473936
34394913
34379989
34350256
 Yimin Li
37469953
37469953
37436378
37435019
37426144
37300272
37283962
37251406
37250707
37221523
37170186
37145161
37140346
37090728
37083343
37059908
37053227
37036368
37035039
37027821
37009820
 Jianxing He
37453674
37453674
37403021
37385995
37316692
37173789
37141294
37120511
37101356
37092136
37072866
37072348
37065584
37062036
37057112
36910098
36860875
36809502
36794137
36793984
36782253
 Shiyue Li
37439480
37439480
37377656
37324067
37283786
37088339
37073792
36971839
36923412
36878793
36743297
36726784
36657427
36613728
36519030
36519018
36356596
36303919
36195225
36136993
36104691
 Nanshan Zhong
37481849
37481849
37452066
37451700
37386364
37377656
37324081
37315325
37301869
37225694
37207649
37178731
37121151
37069171
37059908
37038356
37005365
37003996
36969254
36794141
36752809
