Shao-Fang Nie
36960061
36960061
34616502
32539541
31365073
30214638
30123216
29670225
29566367
25722319
25558978
24965614
22872639
22261166
22189560
21935395
21300351
 Miao Yu
37475081
37475081
37473909
37473789
37470500
37466259
37453145
37452488
37446716
37443398
37443032
37442182
37440709
37439787
37431481
37430265
37415642
37414573
37400866
37388162
37375239
 Tian Xie
37476576
37476576
37462417
37462366
37440905
37435897
37434276
37427709
37380606
37330547
37328669
37308477
37295383
37269722
37258309
37252960
37247817
37209191
37156113
37127778
37123922
 Fen Yang
37463454
37463454
37455458
37375347
37375328
37295484
37193180
37124128
37120758
37094772
37093612
37044141
37023895
37014442
37013864
37013565
36905536
36814066
36776549
36775789
36758437
 Hong-Bo Wang
37158022
37158022
36970619
36804439
36599139
36338131
36262389
36110525
35936699
35450367
34722182
34522005
34448599
33850276
33605073
33524449
33458726
33072159
32767260
32670060
32602552
 Zhao-Hui Wang
37278478
37278478
37149648
36922215
36696316
36223017
35943229
35938155
35785674
35513058
35250943
34825636
34216385
34153018
33798288
33780953
33502206
33377723
33310048
32848468
32801912
 Ming Li
37486695
37486695
37484696
37483621
37477959
37475392
37468661
37467849
37466338
37466041
37463209
37457932
37455389
37452361
37452335
37449439
37447995
37446860
37443018
37442945
37442062
 Xing-Li Gao
36852496
36852496
32539541
24247374
21300351
19836260
 Bing-Jie Lv
32539541
32539541
31365073
30214638
29566367
25856542
25558978
25104452
24965614
23958260
22844527
22261166
22136411
 Shi-Jia Wang
37240339
37240339
37236937
36224279
35123129
32539541
30105244
28198062
24923479
24123278
17661328
 Xiao-Bo Zhang
37382012
37382012
37381952
37092794
37061567
37052807
36841867
36741956
36604873
36568147
36507261
36471926
36445736
36357648
36051474
36046446
35951458
35854763
35852563
35831846
35785341
 Shao-Lin He
32539541
32539541
24496674
21315044
18839576
 Zhi-Hua Qiu
32539541
32539541
18550790
 Yu-Hua Liao
34603042
34603042
33294219
32539541
31365073
30382945
30214638
30123216
29670225
29566367
29457715
28542130
28205608
28018858
27924517
27766098
27645404
27406600
26961979
26916429
26823719
 Zi-Hua Zhou
36960061
36960061
32767260
32539541
32410725
29433526
29097625
26916429
26223692
25163771
24927350
23704998
23651970
21368320
21296780
20398560
20332626
19836260
19100067
18982861
18582403
 Xiang Cheng
37486153
37486153
37473981
37463492
37452081
37442823
37430987
37427709
37410307
37327732
37303249
37300753
37285790
37246801
37188519
37171615
37146378
37103909
37091532
37088741
37059126
Christopher M Petrilli
36242772
36242772
35368350
35114420
34751274
34642102
33617437
33558853
33275153
33147129
33104158
32444366
32118558
31072853
30326100
30063888
29868894
29844101
29750738
29190304
28989518
 Simon A Jones
37440306
37440306
37407981
37355539
37272871
37165691
36936266
36918897
36810320
36788366
36517856
36303195
36205749
36027721
35961250
35896506
35869927
35717194
35641208
35563245
35466196
 Jie Yang
37478740
37478740
37474983
37471682
37470455
37469986
37468962
37468782
37464869
37463122
37460715
37460059
37458921
37454731
37450364
37447108
37446579
37444231
37439339
37433798
37431955
 Harish Rajagopalan
32930657
32930657
32444366
 Luke O’Donnell
 Yelena Chernyak
37306859
37306859
36521680
36423863
35834982
35668288
35128837
34043137
32964119
32444366
32350688
32238032
32051845
31876252
31863252
27146391
25449319
20455600
20063375
 Katie A Tobin
32444366
32444366
 Robert J Cerfolio
37066007
37066007
36931998
36823638
36762564
36245636
36244627
36115389
35773604
35282865
35017397
34977812
34795964
34790722
34722628
34647090
34534988
34481799
34422894
34389302
34318075
 Fritz Francois
37328265
37328265
36399608
36242772
35906172
35751398
34909779
34664721
34385560
34106268
33962987
33275153
33147129
33104158
33083565
32444366
32271368
31764494
30877149
27467183
26991500
 Leora I Horwitz
37352211
37352211
37278994
37247831
37162923
36939674
36882134
36640860
36400154
36242772
36227557
36213943
36094537
35927632
35896506
35773663
35368350
35361641
35037176
34896068
34848158
Eboni G. Price-Haywood
37323519
37323519
36936477
35997977
35868877
35725146
35523955
35404020
34962358
34933871
34847149
34143415
33994027
33882588
33557578
33421576
33326877
33171096
33071661
32965068
32902394
 Jeffrey Burton
37330150
37330150
37144471
35997977
35977848
35868877
35760242
35128607
34847149
34519717
34110298
33977350
33421576
33326877
33171096
33112411
32902394
32835534
32459916
32408376
32252215
 Daniel Fort
37351799
37351799
37330150
36893422
36728398
36691080
36451264
36316778
35785174
35760242
35406456
34978232
34689234
34638251
34590684
34441377
34143415
33966116
33882588
33694144
33421576
 Leonardo Seoane
36722581
36722581
34847149
34747754
34606754
34245498
34239373
34236791
33421576
33373338
33263926
33171096
33127090
33071661
34950288
32731911
32579068
32459916
32449494
32423731
32150603
Mohamad Raad
36147718
36147718
35671363
35042667
34967778
34554359
33358667
33272036
32850602
32830224
32829913
32375556
31995687
31590909
30268874
29716888
29514830
27787361
27528468
29922662
27082425
 Mohammed Dabbagh
35643741
35643741
35266287
34554359
33745670
33736772
33358667
33119818
32829913
32328588
28924614
28220440
27089312
26445039
25309952
 Sarah Gorgis
36538600
36538600
35970629
35643741
35157607
35042667
34554359
34343409
33606413
33437898
33358667
33119818
32829913
32672388
32360256
32279842
 Jerry Yan
37278391
37278391
36993717
36778223
35394838
34651342
34554359
33870656
33821276
33433956
32829913
35253012
32217415
31043572
22420465
20155774
17291573
 Omar Chehab
37235388
37235388
36718872
36543329
36513746
36479570
36190774
35953138
35686532
35650615
35523591
35498392
35497993
35338542
35308483
35212882
34920129
34705250
34554359
34529675
34405131
 Carina Dagher
36538600
36538600
33093439
33089042
32829913
32543702
 Khaled Jamoor
35671363
35671363
32940376
32829913
 Inaya Hajj Hussein
37030558
37030558
36843080
36729540
36728666
36200816
35944109
35814084
35669461
35213453
35171855
34525481
35832951
32850602
32829913
32383393
32015251
31382828
29673407
29119098
27203284
 Bernard Cook
37429437
37429437
37265206
37158382
36817587
36318959
35940850
35195953
34023573
34013092
33972987
33373603
33147341
32926842
32829913
32639243
29722921
25626218
25135462
23822020
 Meredith Van Harn
37182017
37182017
36837580
35901556
34612528
34387801
34134903
33898050
33616784
33550027
33541760
33507337
33506402
33157552
33141435
32829913
32469378
32407867
32187076
31684848
31658275
 Gurjit Singh
37239068
37239068
36632459
36627089
36536499
36444131
36384870
36346580
36292950
36178326
35996217
35945704
35740320
35429664
35104156
34943882
34883031
34582394
34554359
34405423
34398676
 James McCord
37271399
37271399
36857071
36592832
36408352
36402036
36337916
36287973
36241466
36064024
35940850
35880560
35699740
35386928
35190507
35189168
35127964
35113710
35097227
34952357
34902383
 Sachin Parikh
37090269
37090269
36951575
36812039
36692710
36641590
36538600
35366730
34554359
33927158
33413833
33358667
33117935
32829913
32659859
32534234
32031575
28914568
28742647
28456700
28060316
Priyank Shah
36943516
36943516
35049429
34872476
34752737
34253449
34074859
34034300
34034299
33897159
33731630
33731628
33710030
33571584
33566314
33093278
33004603
32861733
32740406
32620056
32341647
 Rajkumar Doshi
37196529
37196529
36869786
36640840
36493902
36401519
36342471
36223249
35984655
35747979
35713283
35665122
35354549
35346663
35281758
35210188
35114326
35019840
34864781
34849289
34775192
 Avantika Chenna
33093278
33093278
33019825
32861733
32779481
32685221
32587651
32528774
32522037
32489502
32399452
25645584
 Robin Owens
32861733
32861733
15666904
 Abigail Cobb
33093278
33093278
32861733
 Holley Ivey
32861733
32861733
 Sarah Newton
37151039
37151039
37021450
34328751
32861733
34394538
29490779
29899946
24716338
24052999
23914456
21956337
21078502
20882861
20837209
20364723
20339337
19751931
18640408
18358441
18240739
 Kelly Mccarley
32861733
32861733
33570885
12480283
