Jianlei Cao
37431082
37431082
37354826
37149659
36826575
36634025
36407421
35872921
34844599
34603600
34123873
33448862
33411686
33219594
32678819
32641645
32467530
32291462
32253448
32239127
32123993
 Xiaorong Hu
37483442
37483442
37365236
37354826
37284070
37258550
37231522
36875697
36826575
36591917
36573725
36407421
35882095
35872921
35844539
35840986
35666279
35637472
35609104
35436905
35104445
 Wenlin Cheng
37431082
37431082
36634025
36564367
36222038
35964071
34603600
34505240
34123873
32870256
32641645
32467530
32291462
32239127
32123993
29887521
29695588
29463607
29114077
28851732
28827473
 Lei Yu
37484959
37484959
37478188
37477163
37476174
37474781
37474472
37471145
37465024
37461624
37449871
37449409
37442983
37441645
37436856
37435234
37434846
37430056
37429242
37428984
37417744
 Wen-Jun Tu
37468952
37468952
37265580
37213904
37166508
37114232
37037201
36862407
36706719
36684381
36507089
36219895
36183595
35986876
35866427
35674309
35503354
35487227
35465053
35265224
34938172
 Qiang Liu
37483232
37483232
37480871
37478287
37477416
37474681
37468667
37468413
37456860
37450752
37447972
37442932
37435385
37430664
37430013
37429090
37428261
37421506
37420871
37420354
37414914
Chaolin Huang
37321233
37321233
37197655
36964546
36737007
36669700
36563943
36504959
36465627
36377589
36276838
36188433
36059472
35958873
35807717
35784642
35419371
35234623
35116556
34950119
34876996
 Yeming Wang
37434854
37434854
37369282
37337997
37321233
37026906
36828006
36716195
36478734
36188433
36093094
36045658
35748704
35611349
35568052
35355793
35345417
35317717
35234623
35155477
35074630
 Xingwang Li
37388929
37388929
37329905
37324081
37083265
37071534
36750637
36746345
36702236
36699448
36468021
36409451
36291307
36060150
36009934
35492695
35365808
35341173
35222513
35170409
35154615
 Lili Ren
37409968
37409968
37378522
37321233
37275765
37252111
37246325
37218108
37218019
37196129
37191515
37182102
37179120
37153704
37115917
37092817
37059987
37037791
37030459
37027968
37026872
 Jianping Zhao
37473504
37473504
37346551
37255213
37237310
37194612
37163068
37142578
37117273
37111842
37110567
37059987
37056936
37042826
37025008
37022025
36946608
36850124
36809694
36754276
36752798
 Yi Hu
37479200
37479200
37467367
37458833
37452727
37449971
37444234
37431434
37429528
37416771
37409118
37401413
37389238
37386359
37358680
37348164
37340201
37339215
37328779
37308490
37291975
 Li Zhang
37486420
37486420
37486153
37485882
37484525
37483523
37480014
37478270
37478238
37477378
37475116
37471667
37467977
37467357
37466874
37465924
37463493
37463246
37463001
37462709
37462215
 Guohui Fan
37321233
37321233
37204755
37056988
36795456
36226154
35990949
35928619
35883052
35513826
35473747
35433747
35401364
35385369
35155477
35074630
35001555
34872515
34583675
34534435
34222179
 Jiuyang Xu
37321233
37321233
36804909
36625734
36187745
35155477
35074630
34454673
34326192
34246397
33734013
33428867
33421381
33403736
33271074
33079200
33010835
33007478
32840287
32675205
32635916
 Xiaoying Gu
37321233
37321233
36744132
36619810
36316630
35898809
35755062
35697052
35678952
35611349
35602490
35568052
35563622
35458712
35345417
35219375
35155477
35131324
35074630
35054949
34950055
 Zhenshun Cheng
37448884
37448884
37186434
37074394
36925352
36907990
36863160
36852973
36497185
36044099
35755062
35428349
35355710
35332684
35108608
35002722
34873151
34539392
34517383
34315392
34152707
 Ting Yu
37482887
37482887
37385099
37375414
37340824
37340423
37335900
37333592
37329852
37328300
37284884
37270965
37261895
37257812
37256919
37243666
37243598
37218529
37202601
37189163
37181910
 Jiaan Xia
34454673
34454673
34379989
34355001
33522958
33167955
32631393
32200645
32187464
32167524
32105632
32007143
31986264
31368243
28224433
 Yuan Wei
37479506
37479506
37476942
37460872
37456304
37455079
37454562
37449493
37446537
37443030
37442135
37439870
37437160
37417966
37406171
37400468
37393818
37393242
37357223
37355762
37349531
 Wenjuan Wu
37457964
37457964
37390248
37374444
37325938
37296408
37290709
37241626
37240006
37232012
37216181
37186513
37182966
37179940
37170112
37121413
37110584
37055743
37054536
37018476
36845019
 Xuelei Xie
32187464
32187464
31986264
 Wen Yin
37483815
37483815
37455967
37418941
37379354
37378895
37312398
37308837
37264314
37233394
37223541
37190838
37187773
37186377
37182404
37167072
37161054
37113063
37029335
37016525
36976061
 Hui Li
37486036
37486036
37482605
37481223
37480786
37479889
37479639
37478758
37478188
37477105
37475506
37475064
37475063
37475062
37474742
37471657
37471643
37471263
37471187
37467387
37467131
 Min Liu
37485264
37485264
37483026
37481960
37481677
37480702
37480159
37479016
37478186
37477156
37474454
37474052
37468556
37467841
37466365
37466201
37464421
37457699
37456564
37452495
37451839
 Yan Xiao
37468005
37468005
37466749
37466158
37440308
37439923
37439787
37429558
37420156
37418854
37385357
37378522
37357387
37354441
37348568
37334070
37328934
37303679
37295640
37282788
37277052
 Hong Gao
37477228
37477228
37474867
37444310
37441493
37432892
37431213
37333963
37330093
37327511
37315670
37313579
37308423
37296072
37275647
37270931
37266413
37262161
37262156
37262146
37259829
 Li Guo
37485903
37485903
37481785
37480605
37480526
37479824
37479654
37478939
37475514
37458226
37454306
37453509
37447607
37441984
37440909
37439340
37437082
37434235
37427716
37423159
37422272
 Jungang Xie
37056936
37056936
36754276
36578523
36437626
36309899
35785161
35550579
35309511
35168451
35083875
35035670
34746180
34690806
34497752
34368225
33949204
33814982
33666250
33407543
33326955
 Guangfa Wang
37353059
37353059
37294146
37283786
37231445
37201123
37156734
36929680
36882820
36847254
36752798
36693330
36317759
36317750
36176735
36108598
35948453
35911750
35813714
35748174
35713422
 Rongmeng Jiang
37457852
37457852
36409451
36342811
35399246
35186107
35153846
34632732
34618327
34592958
34586608
33024057
32660627
32606209
32535730
32431566
32333248
32217104
32180140
32069255
31986264
 Zhancheng Gao
37480410
37480410
37059987
37029178
37004351
36863991
36844402
36805609
36677496
36646189
36601290
36550436
36514799
36474604
36357898
36201141
36176576
36120657
36070516
36003191
35966877
 Qi Jin
37442390
37442390
37425654
37423564
37376391
37376028
37370851
37367904
37356723
37351901
37210522
37187363
37186156
37185577
37156388
37142314
37142105
37061639
37060338
37032908
37030892
 Jianwei Wang
37480201
37480201
37480037
37473466
37468667
37464378
37443810
37440652
37425654
37424033
37423037
37409968
37397530
37386638
37381783
37378522
37371833
37349329
37340583
37337770
37323087
 Bin Cao
37484947
37484947
37452512
37415817
37369282
37356123
37349777
37348518
37330196
37321233
37318116
37307441
37302027
37245814
37241471
37228658
37196009
37154704
37153610
37149249
37126843
Qiurong Ruan
36884116
36884116
36307738
35357918
34707286
34676085
33789892
33582903
33389831
32253449
32125452
32063073
31346995
30074213
29258531
31966379
28928430
28624790
28536311
27779101
27041791
 Kun Yang
37473680
37473680
37473566
37468441
37466156
37453087
37450300
37446424
37437411
37436029
37435560
37432720
37423976
37421228
37408007
37382478
37362228
37360354
37360078
37357444
37335795
 Wenxia Wang
37389594
37389594
37330100
37225374
37198553
37104042
36967562
36964723
36902471
36884116
36799458
36720888
36715170
36660462
36382713
36289219
36136452
36108494
36097637
36045690
35976058
 Lingyu Jiang
36859778
36859778
36796536
36339754
36221308
35761940
35698257
35656882
35583711
35401532
35173554
35123042
34610623
34306891
33994888
33591245
33582903
33548198
33333230
33204695
33118666
 Jianxin Song
37298379
37298379
37295537
37254376
36920165
36884116
36857465
36759744
36746758
36725682
36710337
36636370
36589884
36572337
36562258
36520674
36479740
36434996
36422469
36307738
36227657
Xiaobo Yang
37474682
37474682
37447403
37433375
37421866
37298846
37298405
37262241
37247023
37228608
37165497
37119641
37034211
37034208
36973682
36970591
36939787
36926303
36889077
36858511
36856834
 Yuan Yu
37486399
37486399
37486292
37476496
37460549
37458778
37458289
37446875
37439582
37432413
37403783
37386820
37359529
37358033
37340651
37329603
37315457
37304668
37288578
37288291
37259675
 Jiqian Xu
37197655
37197655
36569932
36567568
36526145
36341336
36195935
36191588
36068919
35967847
35927154
35924528
35785930
35167328
34876996
34869450
34676222
34660625
34243582
34062415
33863396
 Huaqing Shu
37124033
37124033
37081927
36687520
36526145
36195935
36191588
36114552
36068919
36062193
35967847
35785930
35237368
35123448
34980314
34869450
34743860
34676222
34660625
34366051
34265832
 Jia'an Xia
34355001
34355001
32631393
32200645
32167524
32105632
32007143
31368243
28224433
 Hong Liu
37486316
37486316
37485547
37483931
37481305
37478057
37473786
37470691
37464951
37462269
37458515
37456320
37453493
37452682
37452385
37446723
37433653
37429265
37425224
37425078
37420385
 Yongran Wu
37158961
37158961
37125037
36473570
33511146
33425960
33425951
33231857
32865701
32720214
32631393
34676128
32410714
32302435
32105632
28420468
 Lu Zhang
37482189
37482189
37481498
37469185
37469124
37464298
37460713
37457662
37455261
37454442
37454086
37449216
37444586
37436378
37435567
37432420
37427957
37423116
37422279
37419658
37414123
 Zhui Yu
37244049
37244049
36916341
36880237
36713335
36506549
36377459
35013321
34744697
34412742
33879732
33511146
33425960
33323819
32887670
32852385
32684211
32506258
32410714
32385999
32385987
 Minghao Fang
37450071
37450071
37308475
37084417
37030879
36930538
36868327
36634157
36238478
36040450
35924018
35897927
35758882
35656027
35611706
35577954
35224788
35189572
34961998
34674393
34587478
 Yaxin Wang
37485977
37485977
37470905
37445816
37404557
37397544
37378437
37353345
37318726
37286009
37252649
37249901
37157554
37146257
37141777
37138903
37138662
37137928
37107619
37105369
37042353
 Shangwen Pan
37124033
37124033
36191588
36062193
35967847
35237368
34876996
34676222
33863396
33620438
33425951
33424852
33424804
33422128
33231857
33128875
32865701
32853967
32720214
32636835
32105632
 Xiaojing Zou
37158961
37158961
37139806
37125037
37030879
36473570
36195935
36191588
36114552
36068919
35967847
35785930
35728861
35664359
35656027
35237368
35125962
35123448
34876996
34869450
34660625
 Shiying Yuan
37308186
37308186
37158961
37124033
37017434
36687520
36526145
36347892
36288971
36229865
36191588
36114552
36068919
36062193
35965346
35831877
35785930
35572571
35452852
35449019
35303276
 You Shang
37308186
37308186
37260608
37197655
37158961
37124033
37017434
36789019
36785648
36649504
36569932
36567568
36567402
36526145
36473570
36405561
36341336
36195935
36191588
36114552
36103964
