Noelle Breslin
35597402
35597402
33153656
33044493
32792262
32524592
32518902
32459701
32292903
31563137
26117441
 Caitlin Baptiste
37311485
37311485
36209938
35411553
34560767
33317357
33044493
33002930
32859406
32792262
32518902
32516816
32459701
32396948
32292903
31056136
29307452
28126400
28026870
25105393
 Cynthia Gyamfi-Bannerman
37437707
37437707
37187508
37149309
37141586
37043652
37036706
36864981
36862657
36862643
36842489
36822697
36817873
36809333
36701623
36655360
36547978
36357949
36121659
36008167
36007918
 Russell Miller
37426549
37426549
37109465
36991098
36651059
36303906
36276795
36220748
36220546
36214817
36117644
36100927
35918190
35850938
35431661
35381609
35065805
35045035
35045033
34808686
34464982
 Rebecca Martinez
37385540
37385540
36400435
36111417
35820879
35619866
35446605
35332310
34663797
34507565
34148408
33943042
33522721
33127095
33002930
32859406
32572236
32292903
31144677
28709752
28597470
 Kyra Bernstein
35255016
35255016
35045039
33867458
33127095
33002930
32736750
32539271
32292903
32265365
32243298
31977323
26181339
24928056
18331206
 Laurence Ring
35045039
35045039
34100798
33642943
33127095
33002930
32859406
32396948
32292903
31653309
30578145
26587784
25146109
20592471
12177446
 Ruth Landau
37330007
37330007
37228003
37116865
37043387
36854603
36206114
36135926
35830955
35803575
35580768
35460922
35446394
35299218
35191971
35045039
34724684
34686306
34686304
34391983
34257195
 Stephanie Purisch
37424957
37424957
35658780
33074978
32777968
32701761
32292903
31742629
29913174
29078234
28865982
27072160
26519784
23344397
24761129
18771986
 Alexander M. Friedman
37330007
37330007
37228003
37147191
36988955
36961971
36897136
36882127
36791844
36781348
36775196
36773721
36710395
36701615
36655368
36649321
36617462
36539262
36509174
36452974
36350685
 Karin Fuchs
36087741
36087741
36073175
35620909
34808686
33878775
33044493
32798095
32798094
32792263
32730461
32701761
32518902
32516816
32459701
32396948
32292903
32283004
30802437
30790566
30170038
 Desmond Sutton
37399891
37399891
36239197
34865302
34250975
34048965
33878775
33153657
32854962
32798094
32701761
32555034
32459701
32292903
32283004
30627950
28910850
27926650
26936854
 Maria Andrikopoulou
37147191
37147191
36988955
36781348
36773721
36452974
34352922
34255061
34058419
33878775
33878769
33044493
32826588
32459701
32292903
32160789
31809424
31756761
31503161
31430824
30503400
 Devon Rupley
35133579
35133579
32798093
32292903
32123623
27355003
25468055
24939245
 Jean-Ju Sheen
37283995
37283995
37267727
36988955
36717608
36122990
34808686
34060297
34044460
33905742
33878775
33153655
33071033
33002930
32859406
32839010
32838260
32594813
32459701
32396948
32369860
 Janice Aubey
34808686
34808686
33905742
33172902
33071033
32928561
32839010
32838260
32701761
32516816
32459701
32396948
32292903
23063761
15262132
 Noelia Zork
37036706
37036706
36537593
36509174
35809157
34982107
34808686
33905742
33071033
32928561
32839010
32838260
32792263
32592693
32516816
32459701
32396948
32292903
32239378
32135135
31809421
 Leslie Moroz
37336221
37336221
37315330
35597402
33686625
33002930
32859406
32854962
32837147
32777968
32396948
32292903
32204634
31047710
30616865
30593080
30578147
29175250
28595909
28502759
27729253
 Mirella Mourad
37036706
37036706
36509174
35891418
35597402
34982107
34257394
32807490
32700284
32692408
32292903
31977323
31809421
31564182
31370705
31096815
30754053
30204694
28826790
28782117
26695572
 Ronald Wapner
37398343
37398343
37364682
37333377
37311485
37290106
37244639
37201538
37154148
37150178
37090627
36965866
36791785
36745127
36690180
36605025
36547978
36403095
36396484
36323337
36246897
 Lynn L. Simpson
35606573
35606573
35065805
34808686
33878775
33386103
33345886
33044493
32792263
32555034
32516817
32516816
32459701
32396948
32292903
30319925
29306447
29297610
27824757
27561730
26726135
 Mary E. D’Alton
 Dena Goffman
37399891
37399891
37283995
37073504
36988955
36701615
36122990
35858646
35623625
35351671
35282750
35066565
35045034
35045033
34838802
34808686
34355991
34250975
34237762
34048965
34044460
Alexander Juusela
36597808
36597808
33915090
32363336
31908974
29604475
28922305
 Munir Nazir
32363336
32363336
31908974
20337212
19946646
15916214
14749710
 Martin Gimovsky
33321534
33321534
32363336
20337212
19946646
15916214
15229021
14749710
12368980
12220789
12032800
William S. Vintzileos
33706357
33706357
33172330
32473115
32348743
23673230
 Jolene Muscat
37435416
37435416
32473115
32348743
32067968
29750952
29544383
28910846
26478104
26409917
23997884
11779413
11779412
 Eva Hoffmann
37349895
37349895
37349538
37312450
36883553
36864135
36739882
36055648
35798635
35697094
35360067
35156293
34949610
34798051
34667304
34456552
34358467
34349265
34324267
34156115
34043861
 Nicole S. John
32473115
32473115
32348743
 Rosanne Vertichio
33172330
33172330
32348743
23462139
 Anthony M. Vintzileos
37290562
37290562
37117103
36964003
36841348
35490793
34634261
34450341
34146531
34121585
34058172
34051170
33706357
33172330
33091406
32866527
32531214
32405074
32348743
32067968
32014506
 Duc Vo
37467279
37467279
37301076
37275743
37262027
37220128
37200361
37163566
37146006
36914577
36873466
36721729
36590543
36561693
36464355
36398185
36313699
36237993
36185138
36078802
35998129
William T. Schnettler
33946113
33946113
33926782
32391519
32363337
31818529
27400426
26589646
26012777
25302863
24290526
24102316
23725084
22372385
21942513
 Yousef Al Ahwel
32363337
32363337
20650907
 Anju Suhag
37257586
37257586
33271408
33005465
32391519
32363337
30265654
28393580
27015230
27015229
26952543
26444111
26249133
26067268
26003064
26002164
25797233
25659469
25633535
25139576
24979354
Sara N. Iqbal
37213792
37213792
36327243
34237764
33940651
33798479
33757932
32909970
32791538
32676857
32485755
32237670
31611616
31471626
31018727
30633146
30273585
29183184
28578171
28578168
28454703
 Rachael Overcash
36634701
36634701
32925613
32864636
32237670
31038383
31018727
30669908
29961762
29183184
27006474
31448371
26096958
26088034
26000508
25487483
25162255
25022997
22324271
21344956
 Neggin Mokhtari
36216354
36216354
34666384
34237764
33831587
33757932
33598363
32791538
32738497
32237670
31764744
30055509
29614278
28024988
 Haleema Saeed
37164993
37164993
36327243
36281001
35647608
35234343
34775587
34689503
34530537
34237764
34098851
33661171
32924702
32577405
32513373
32499872
32237670
31756138
31308919
31142414
28903844
 Stacey Gold
36216354
36216354
33798479
32237670
 Tamika Auguste
34066381
34066381
32985993
32925613
32863048
32541289
32237670
30134409
29019802
28526619
26046608
23721769
23721768
23352581
21292095
 Muhammad-Usman Mirza
37479888
37479888
37305761
37275125
37144757
37083980
36679906
36437440
35745579
35662263
35618201
35483889
35335144
35126145
34655900
34220816
34148292
34056243
34040515
33983647
33866250
 Maria-Elena Ruiz
36645708
36645708
36333740
35838643
35701853
32644029
32237670
30951453
30116096
27297952
25648745
25520182
25139299
24831068
22924203
17304444
16938736
12685634
 Joeffrey J. Chahine
34393062
34393062
33320980
32738418
32237670
32059473
30735815
30615147
30271641
29859152
29395863
29189261
29101056
 Masashi Waga
32237670
32237670
31088580
20578462
20519465
18827860
 Glenn Wortmann
37348524
37348524
36173830
35798003
35263559
35250994
35095880
33262219
33052363
32237670
31088580
30951453
28615088
28348772
27938514
26366955
26185944
26086492
24615125
24593021
24275395
