Fei Zhou
37468964
37468964
37457729
37440907
37418406
37398512
37390182
37350731
37300977
37291978
37258577
37253803
37245815
37236355
37229351
37225032
37212654
37206210
37193083
37192621
37189075
 Ting Yu
37482887
37482887
37385099
37375414
37340824
37340423
37335900
37333592
37329852
37328300
37284884
37270965
37261895
37257812
37256919
37243666
37243598
37218529
37202601
37189163
37181910
 Ronghui Du
36926472
36926472
36362498
35792704
35409148
35173734
34304502
34021314
33870851
33298617
33240089
33196399
32944177
32907886
32820146
32805177
32645295
32621955
32448345
32437016
32423584
 Guohui Fan
37321233
37321233
37204755
37056988
36795456
36226154
35990949
35928619
35883052
35513826
35473747
35433747
35401364
35385369
35155477
35074630
35001555
34872515
34583675
34534435
34222179
 Ying Liu
37486235
37486235
37486143
37485926
37485569
37484777
37484718
37483389
37481563
37481151
37481091
37480813
37480065
37479565
37479187
37478665
37478133
37476195
37476154
37471209
37470451
 Zhibo Liu
37474941
37474941
37416318
37338120
37330593
37318538
37277675
37103565
37093272
37036562
37019890
36923091
36922816
36916201
36812239
36745408
36632233
36562255
36502984
36402764
36234972
 Jie Xiang
37480969
37480969
37457490
37421950
37284329
37193858
37184873
37175535
37151651
37142180
37096093
37087829
37071536
37064198
37056799
37032875
37020229
37008327
37000674
36965245
36925297
 Yeming Wang
37434854
37434854
37369282
37337997
37321233
37026906
36828006
36716195
36478734
36188433
36093094
36045658
35748704
35611349
35568052
35355793
35345417
35317717
35234623
35155477
35074630
 Bin Song
37464338
37464338
37456640
37453753
37439935
37438521
37404109
37397872
37384578
37378899
37369618
37334872
37308663
37304128
37293571
37276744
37251234
37229264
37201327
37191923
37188987
 Xiaoying Gu
37321233
37321233
36744132
36619810
36316630
35898809
35755062
35697052
35678952
35611349
35602490
35568052
35563622
35458712
35345417
35219375
35155477
35131324
35074630
35054949
34950055
 Lulu Guan
37344696
37344696
37168998
37042015
36902127
36594671
36439532
36222589
35615577
35467579
34966788
34881181
34855842
33784583
32255382
32224074
32171076
30854278
30388190
30006956
27534493
 Yuan Wei
37479506
37479506
37476942
37460872
37456304
37455079
37454562
37449493
37446537
37443030
37442135
37439870
37437160
37417966
37406171
37400468
37393818
37393242
37357223
37355762
37349531
 Hui Li
37486036
37486036
37482605
37481223
37480786
37479889
37479639
37478758
37478188
37477105
37475506
37475064
37475063
37475062
37474742
37471657
37471643
37471263
37471187
37467387
37467131
 Xudong Wu
37479438
37479438
37474102
37421727
37348755
37327456
37282793
37248506
37242832
37220307
37216827
37177621
37100771
37093957
36985560
36959757
36936840
36929671
36838112
36833399
36733232
 Jiuyang Xu
37321233
37321233
36804909
36625734
36187745
35155477
35074630
34454673
34326192
34246397
33734013
33428867
33421381
33403736
33271074
33079200
33010835
33007478
32840287
32675205
32635916
 Shengjin Tu
37321233
37321233
36719280
36504959
33529638
33428867
33248219
33078367
32675205
32171076
30505678
 Yi Zhang
37486758
37486758
37485350
37484822
37484380
37483457
37482607
37481178
37481158
37480977
37477770
37477718
37477258
37476946
37476834
37476831
37476053
37475287
37473570
37473523
37470365
 Hua Chen
37470912
37470912
37459175
37452404
37449638
37446873
37439523
37438699
37437345
37435891
37431594
37424055
37413807
37390887
37369336
37357835
37351936
37340716
37335602
37303637
37295129
 Bin Cao
37484947
37484947
37452512
37415817
37369282
37356123
37349777
37348518
37330196
37321233
37318116
37307441
37302027
37245814
37241471
37228658
37196009
37154704
37153610
37149249
37126843
Ning Tang
37458565
37458565
37451788
37444301
37444251
37436838
37394216
37356947
37350946
37349395
37334181
37331323
37311408
37304138
37290134
37199976
37182957
37175730
37154802
37116559
37103758
 Dengju Li
37337136
37337136
37223096
37011912
36799536
36735519
36313145
36163632
36000952
35866832
35780531
35572515
35383885
35089492
34093541
34044841
33495363
33300383
33292593
33251234
33192510
 Xiong Wang
37418977
37418977
37416683
37381487
37355503
37353602
37316489
37310918
37212360
37144516
37064115
37053003
37022915
37011912
36960498
36893114
36863250
36848228
36838695
36838641
36818190
 Ziyong Sun
37337136
37337136
37187534
36702072
36700687
36590586
36581808
36369683
36233840
36233689
36123381
36100403
36003928
35807065
35636821
35607955
35574713
35421504
35401532
35307424
35265633
Rong Qu
36442339
36442339
35797328
35293313
34864488
34404402
34155678
33607593
33273910
33225902
33095019
32982755
32849474
32404161
32181903
31950764
31068571
30794828
30259256
30195108
29974381
 Yun Ling
37443424
37443424
37434480
37420335
37415511
37341660
37334841
37329712
37262997
37257299
37249178
37203559
37179192
37111986
37095086
37093185
37067827
37000349
36949347
36924630
36879549
 Xiao Chen
37481718
37481718
37465520
37464840
37460547
37452738
37451875
37451186
37441677
37435874
37435633
37429012
37422990
37422853
37419927
37418283
37418138
37403399
37399453
37397717
37397392
 Zhi Guo
37480770
37480770
37467608
37284051
37232514
37211627
37180098
37100260
37068399
36916429
36856649
36731319
36729922
36727486
36713506
36692239
36647940
36639136
36607064
36578400
36524368
 Hua Ren
37263180
37263180
37056653
37031249
36950414
36656747
36647940
36401205
36006777
35919501
35567855
35507670
35476528
34846525
34751270
34656542
34584370
34565026
34513693
34480694
34476188
 Qiang Wang
37485278
37485278
37479071
37476376
37475628
37474552
37470001
37469289
37458144
37457371
37456563
37452483
37452057
37450956
37450430
37450237
37447748
37444214
37443193
37443026
37439281
Chaolin Huang
37321233
37321233
37197655
36964546
36737007
36669700
36563943
36504959
36465627
36377589
36276838
36188433
36059472
35958873
35807717
35784642
35419371
35234623
35116556
34950119
34876996
 Xingwang Li
37388929
37388929
37329905
37324081
37083265
37071534
36750637
36746345
36702236
36699448
36468021
36409451
36291307
36060150
36009934
35492695
35365808
35341173
35222513
35170409
35154615
 Lili Ren
37409968
37409968
37378522
37321233
37275765
37252111
37246325
37218108
37218019
37196129
37191515
37182102
37179120
37153704
37115917
37092817
37059987
37037791
37030459
37027968
37026872
 Jianping Zhao
37473504
37473504
37346551
37255213
37237310
37194612
37163068
37142578
37117273
37111842
37110567
37059987
37056936
37042826
37025008
37022025
36946608
36850124
36809694
36754276
36752798
 Yi Hu
37479200
37479200
37467367
37458833
37452727
37449971
37444234
37431434
37429528
37416771
37409118
37401413
37389238
37386359
37358680
37348164
37340201
37339215
37328779
37308490
37291975
 Li Zhang
37486420
37486420
37486153
37485882
37484525
37483523
37480014
37478270
37478238
37477378
37475116
37471667
37467977
37467357
37466874
37465924
37463493
37463246
37463001
37462709
37462215
 Zhenshun Cheng
37448884
37448884
37186434
37074394
36925352
36907990
36863160
36852973
36497185
36044099
35755062
35428349
35355710
35332684
35108608
35002722
34873151
34539392
34517383
34315392
34152707
 Jiaan Xia
34454673
34454673
34379989
34355001
33522958
33167955
32631393
32200645
32187464
32167524
32105632
32007143
31986264
31368243
28224433
 Wenjuan Wu
37457964
37457964
37390248
37374444
37325938
37296408
37290709
37241626
37240006
37232012
37216181
37186513
37182966
37179940
37170112
37121413
37110584
37055743
37054536
37018476
36845019
 Xuelei Xie
32187464
32187464
31986264
 Wen Yin
37483815
37483815
37455967
37418941
37379354
37378895
37312398
37308837
37264314
37233394
37223541
37190838
37187773
37186377
37182404
37167072
37161054
37113063
37029335
37016525
36976061
 Min Liu
37485264
37485264
37483026
37481960
37481677
37480702
37480159
37479016
37478186
37477156
37474454
37474052
37468556
37467841
37466365
37466201
37464421
37457699
37456564
37452495
37451839
 Yan Xiao
37468005
37468005
37466749
37466158
37440308
37439923
37439787
37429558
37420156
37418854
37385357
37378522
37357387
37354441
37348568
37334070
37328934
37303679
37295640
37282788
37277052
 Hong Gao
37477228
37477228
37474867
37444310
37441493
37432892
37431213
37333963
37330093
37327511
37315670
37313579
37308423
37296072
37275647
37270931
37266413
37262161
37262156
37262146
37259829
 Li Guo
37485903
37485903
37481785
37480605
37480526
37479824
37479654
37478939
37475514
37458226
37454306
37453509
37447607
37441984
37440909
37439340
37437082
37434235
37427716
37423159
37422272
 Jungang Xie
37056936
37056936
36754276
36578523
36437626
36309899
35785161
35550579
35309511
35168451
35083875
35035670
34746180
34690806
34497752
34368225
33949204
33814982
33666250
33407543
33326955
 Guangfa Wang
37353059
37353059
37294146
37283786
37231445
37201123
37156734
36929680
36882820
36847254
36752798
36693330
36317759
36317750
36176735
36108598
35948453
35911750
35813714
35748174
35713422
 Rongmeng Jiang
37457852
37457852
36409451
36342811
35399246
35186107
35153846
34632732
34618327
34592958
34586608
33024057
32660627
32606209
32535730
32431566
32333248
32217104
32180140
32069255
31986264
 Zhancheng Gao
37480410
37480410
37059987
37029178
37004351
36863991
36844402
36805609
36677496
36646189
36601290
36550436
36514799
36474604
36357898
36201141
36176576
36120657
36070516
36003191
35966877
 Qi Jin
37442390
37442390
37425654
37423564
37376391
37376028
37370851
37367904
37356723
37351901
37210522
37187363
37186156
37185577
37156388
37142314
37142105
37061639
37060338
37032908
37030892
 Jianwei Wang
37480201
37480201
37480037
37473466
37468667
37464378
37443810
37440652
37425654
37424033
37423037
37409968
37397530
37386638
37381783
37378522
37371833
37349329
37340583
37337770
37323087
Yingxia Liu
37471184
37471184
37459867
37396307
37395346
37245543
37181088
36928222
36874104
36791943
36714132
36681668
36643032
36522750
36427780
36304493
36196429
36085321
35992363
35958248
35928154
 Yang Yang
37484496
37484496
37484402
37483240
37482085
37480062
37479363
37479046
37477517
37474537
37469575
37468661
37468160
37467617
37467489
37465642
37463214
37461061
37461025
37460832
37459867
 Cong Zhang
37483597
37483597
37481687
37453270
37446779
37425365
37425047
37423322
37405956
37402652
37396548
37389760
37384251
37371417
37344564
37333874
37332073
37328119
37316926
37309948
37309604
 Fengming Huang
37481687
37481687
37389760
36808291
36738432
35850629
35332300
35230279
34475780
33875036
33298897
32789637
32678740
34676126
32315904
32272643
32176725
32048163
31822599
30238279
30173426
 Fuxiang Wang
37484496
37484496
37396140
37335061
37245543
37209586
37115815
36928222
36867321
36599289
36522750
36504809
36325114
36230208
36067140
36039848
35928154
35898491
35810071
35804657
35648451
 Jing Yuan
37459867
37459867
37455314
37452841
37451027
37447340
37443478
37427770
37427339
37426001
37425996
37421063
37418988
37403577
37401940
37398698
37396357
37393030
37386882
37382846
37352757
 Zhaoqin Wang
37382506
37382506
36817921
36691434
36441384
36337584
36253713
36174356
35694543
35534212
35196800
35158209
35114338
35069497
37192986
34975844
34925356
34708638
34668726
34659440
34547490
 Jinxiu Li
37433053
37433053
37282879
37087791
36999968
36994536
36947594
36680735
36675227
36655131
36619759
36610167
36602650
36597826
36249210
36217738
36137419
36093486
36030746
35982418
35883026
 Jianming Li
37434083
37434083
37367832
37367448
37355194
37337302
37328753
37305554
37298328
37294054
37256231
37166431
37158456
37153892
37078315
37050869
37035815
36968461
36949042
36944374
36905349
 Cheng Feng
37475958
37475958
37447932
37436093
37428465
37422464
37418550
37416802
37406538
37403642
37399880
37398114
37377453
37361064
37342222
37341517
37327865
37313579
37304008
37280128
37265255
 Zheng Zhang
37486153
37486153
37486121
37470432
37470320
37469235
37458397
37457721
37435056
37427811
37423037
37420952
37420624
37418718
37415241
37409966
37408679
37403400
37400367
37396140
37391039
 Lifei Wang
37437740
37437740
37358471
37310773
37306955
37298640
37277864
37274036
36985555
36852496
36749260
36730435
36729825
36614447
36584638
36510124
36455023
36342274
36204886
36163619
36149481
 Ling Peng
37484525
37484525
37414912
37397385
37258438
37207165
37186846
37180750
37165679
37154865
37083129
37068993
37025768
36915458
36876579
36866750
36866708
36815673
36745793
36733836
36653312
 Li Chen
37486135
37486135
37483485
37482046
37479063
37478287
37473895
37473506
37470228
37467737
37467452
37465101
37463240
37459046
37458071
37456860
37456719
37454958
37452634
37452291
37451813
 Yuhao Qin
37389760
37389760
36808291
35801455
33568062
33298897
32676969
34676126
32176725
32048163
31822599
31301332
30900166
30238279
29604636
29390640
 Dandan Zhao
37451421
37451421
37422643
37408364
37389760
37373469
37355613
37347642
37314858
37313303
37312747
37296274
37253101
37221696
37191749
37165735
37131693
37107579
37098372
37073172
37049190
 Shuguang Tan
37100904
37100904
36511654
36366430
36130828
35418471
35332300
35309324
35228696
34693228
34671221
34551288
34139177
33859203
33833762
33536425
33335073
33235207
33063473
32839442
32482145
 Lu Yin
37480410
37480410
37475448
37468529
37452057
37446739
37445150
37444227
37439190
37437119
37399962
37366969
37305390
37299092
37296729
37286115
37278381
37266137
37253224
37249639
37248514
 Jun Xu
37484941
37484941
37475484
37475338
37464965
37460073
37454112
37448088
37436388
37435771
37429258
37427332
37425067
37420159
37406526
37406091
37403381
37394925
37387207
37383352
37379955
 Congzhao Zhou
37485728
37485728
37389760
37324530
36808291
36738432
36656854
36639816
36298815
36123352
35974417
35924777
35676282
35590460
35467499
35349344
35081353
35043010
34727518
34549983
34373447
 Chengyu Jiang
37481687
37481687
37458288
37389760
36949230
36808291
36738432
36677229
36466920
36085147
35598407
35383402
35332300
35189885
35085676
34976938
34607170
34562215
34553787
34507107
34439530
 Lei Liu
37483430
37483430
37481946
37481151
37478720
37478163
37477871
37475708
37463541
37463020
37461770
37461391
37461207
37449199
37448746
37441237
37438872
37436938
37434986
37432456
37426132
