Simon D Harding
37197802
37197802
34718737
34529832
34529831
34529830
34529829
34529828
34529827
34529826
32367113
32358833
32020584
31710719
31710718
31710717
31710716
31710715
31710714
31710713
31691834
 Joanna L Sharman
32367113
32367113
31710719
31710718
31710717
31710716
31710715
31710714
31710713
31691834
31494210
30087946
30087931
30040201
29149325
29055040
29055039
29055038
29055037
29055036
29055035
 Elena Faccenda
37197802
37197802
34718737
34529832
34529831
34529830
34529829
34529828
34529827
34529826
32358833
32020584
31710719
31710718
31710717
31710716
31710715
31710714
31710713
31691834
30588614
 Chris Southan
30327546
30327546
29149325
12408815
 Adam J Pawson
34718737
34718737
34529832
34529831
34529830
34529829
34529828
34529827
34529826
32367113
32358833
32020584
31710719
31710718
31710717
31710716
31710715
31710714
31710713
31691834
30087946
 Sam Ireland
35585947
35585947
33673040
32044951
31494210
30722040
30087931
29149325
28925040
 Alasdair J G Gray
37208467
37208467
37208349
30890711
29149325
27602295
26978244
25160255
22164110
 Liam Bruce
37456362
37456362
29149325
 Stephen P H Alexander
37197802
37197802
36225576
35975296
35673806
35106752
34718737
34328225
33444462
33332001
32662875
32020584
31950490
31710719
31710718
31710717
31710716
31710715
31710714
31710713
31691834
 Stephen Anderton
36181265
36181265
35579560
33579710
33117327
32572598
32201264
30485411
29758102
29707653
29574419
29535709
29263216
29208683
29170498
29149325
28797737
28583370
28239470
28169287
27192577
 Clare Bryant
36936072
36936072
36897919
36624264
36230002
35977521
35652159
35594856
35577786
35298334
34929200
34563937
34529829
34433041
34344832
34334306
33894945
33855019
33633733
33595281
33380493
 Anthony P Davenport
37197802
37197802
36967803
36697134
36603580
36470304
36262459
36239923
35748053
35339512
35242999
34934117
34718737
34529832
34529830
34455010
34389827
34326460
34122122
33716722
33171278
 Christian Doerig
37467615
37467615
36942408
36705912
36126822
36117058
35909628
35907892
35456874
35346035
35157942
34866326
34693368
34484170
34011691
33593681
33219324
33015142
32782246
32359426
32356940
 Doriano Fabbro
36834678
36834678
35609336
34529830
34529829
34529828
34475574
34354255
33166139
33115560
32890589
32441880
32020584
31752127
31710719
31710716
31710714
31622602
31620236
31618458
31465220
 Francesca Levi-Schaffer
36928079
36928079
36773709
36732550
36389786
36289748
36280100
36243331
36233127
35681020
35537882
35513379
35467728
35278626
35276243
35152450
35149043
34658882
34627540
34268737
34002852
 Michael Spedding
37398987
37398987
37310590
37197802
35975296
35428550
35406745
35343209
35074524
34718737
34529830
33358639
33160824
32990065
32739173
32358833
32297319
32066701
32020584
31827790
31710719
 Jamie A Davies
37439314
37439314
37385239
37197802
36590991
35975296
35869233
35791886
36644495
34718737
34529832
34529831
34529830
34529829
34529828
34529827
34529826
34019395
33282848
33047381
32826325
Carl Llor
37324137
37324137
37167756
36811950
36707281
36673130
36480205
36376070
36358183
36314609
36270205
36250577
36239199
36131214
35850083
35740151
35652481
35501712
35483949
35361608
35210767
 Ana Moragas
37167756
37167756
36707281
36480205
36314609
36239199
35850083
35652481
35032637
34882366
34824124
34611715
34363942
33727799
33338078
32661681
32482364
32284192
31847912
31101700
30981454
 Carolina Bayona
34363942
34363942
31101700
28592581
25037854
24097128
23807094
23116609
22923662
22390206
21693045
20464350
20201628
19436696
19015142
18221645
17020720
15534572
 Rosa Morros
37321303
37321303
37250788
37189823
37160557
36825151
36378514
36265160
36239199
36216752
36045482
35777241
35706826
35676639
35652481
35139906
34991703
34827302
34824124
34717156
34030653
 Helena Pera
36239199
36239199
31101700
30668179
29479727
25037854
24097128
23594463
22011376
21693045
 Josep M Cots
34363942
34363942
33763599
33727799
33358434
33338078
31847912
31101700
30664320
29718420
29061311
28592581
28193184
27884552
25869058
26025360
26004567
25835134
25772389
25746035
25468986
 Yvonne Fernández
21693045
21693045
 Marc Miravitlles
37445508
37445508
37355409
37277845
37236628
37045725
37003609
36997232
36858911
36831051
36814553
36800958
36780913
36717880
36707127
36610693
36549937
36527073
36522735
36496391
36483675
 Albert Boada
29542385
29542385
28413102
25617018
21693045
20854679
17020720
17020717
16324549
14689127
