Jing Hua
37448115
37448115
37428876
37385149
37371418
37192979
37050955
37014879
36923253
36819590
36811909
36767062
36689226
36616645
36562065
36526934
36513690
36469242
36452478
36438244
36438108
 Chenchen Qian
37172479
37172479
36752025
36647192
34869406
34737421
34569264
33291098
33189574
32655013
32546258
29635159
29344254
27937041
27323966
27147566
26941789
25401377
24330850
24028894
23721794
 Zhibing Luo
36890107
36890107
36762199
36584226
33432709
33393158
33342046
33291098
32652975
32546258
32403832
32364962
32007504
31894607
31672247
30972885
29802184
28083986
28040530
27130487
25503318
 Qiang Li
37486697
37486697
37484991
37484811
37484803
37482608
37479110
37477971
37474534
37469253
37468692
37467133
37464112
37458404
37458211
37453477
37451591
37450442
37449611
37447129
37446609
 Feilong Wang
37307140
37307140
37204549
37188821
37092421
36923253
36875054
36868333
36861131
36617569
36571924
36429048
36409806
36337588
36126121
36088323
35991625
35926877
35876393
35838197
35806627
Yaxiong Huang
35757651
35757651
35660400
34110618
33927065
33472167
33282889
33248243
32758689
32575073
32554861
31258689
 Chunlin Cai
36148798
36148798
33927065
33248243
32758689
32575073
32554861
32311217
35117599
31781478
30701456
29802938
29625113
28721632
27157711
27005320
26081506
22510613
21397858
20090852
19754412
 Jinglei Zang
36818561
36818561
34335928
33927065
32554861
31468361
28599480
27840964
27108909
 Jun Xie
37483977
37483977
37476691
37455559
37443289
37436535
37427135
37415698
37403650
37397967
37373386
37370698
37369319
37365679
37331137
37324019
37318982
37317632
37308004
37305299
37293407
 Dan Xu
37486731
37486731
37485679
37475354
37469772
37462548
37462544
37459266
37457889
37444259
37434106
37419368
37418668
37417713
37407573
37386831
37372180
37352949
37341909
37335206
37334908
 Fang Zheng
37467690
37467690
37454215
37429826
37421630
37404751
37368392
37349332
37341462
37329879
37312205
37308847
37272674
37230023
37205909
37198164
37195736
37183760
37175757
37173750
37146305
 Tao Zhan
37350283
37350283
37244246
37237241
36567548
36566973
36225077
36181106
36153325
36044804
35962718
35931786
35425584
35408290
35406761
35366469
35158131
34697292
34557771
34406681
34266151
 Kang Huang
37342180
37342180
37334660
37274728
37271468
37094852
36950752
36942819
36852160
36732712
36708462
36691878
36671939
36621220
36564001
36522765
36458971
36387160
36351404
36323263
36290955
 Yikai Wang
37422063
37422063
37401019
37213603
37194267
37065741
37034267
36946966
36936019
36685007
36615161
36562958
36516905
36473594
36421389
36278664
36254690
36178992
36162588
35902576
35875816
 Xiao Wang
37479180
37479180
37475071
37469744
37469226
37467944
37464424
37459529
37453536
37453208
37452377
37451217
37448739
37444222
37440431
37436805
37430998
37427458
37425225
37424250
37421778
 Zhe-Yu Hu
37365596
37365596
36518248
36330383
36172110
35875816
35280756
35105583
34614466
34162779
33927065
33193564
32554861
32499836
32165861
31980592
31678514
30893632
30822571
30808828
30646914
 Yapeng Deng
34737811
34737811
33927065
32554861
 Yuanlin Xie
35036445
35036445
34901043
34840983
34149934
34110618
33927065
33472167
33248243
33176693
32879106
32846825
32758689
32575073
32554861
32259403
28522916
Ryuzo Abe
36588063
36588063
36541110
36028534
35995775
35940203
35591813
34877777
34739590
34654860
34199084
33067063
32556649
32549988
31236729
30774958
30673726
30277289
30080744
29773298
28642864
 Naofumi Bunya
37448415
37448415
37380458
37091687
36525133
36370227
36203856
36093318
35982984
35874315
35868992
35623333
35612463
35534870
35223045
35136611
35079746
34987146
34189030
33968411
33865698
 Tomoyuki Endo
37474830
37474830
37241048
37216687
36923192
36654548
36509361
36410255
36397413
36285106
36112852
35464205
35332633
35070421
34985091
34866084
34818414
34726831
34132462
33243885
33215225
 Yuji Fujino
37459198
37459198
37221085
37076900
36866009
36593735
36585705
36460946
36440971
36380377
36182061
35992281
35907151
35764477
35625055
35566646
35410403
35303058
35152843
35016823
34948865
 Kensuke Fujita
35999141
35999141
34489205
34140350
33589882
33343907
33322035
18695517
17296266
16154689
16148742
15891573
15376982
 Kenji Fujizuka
37165334
37165334
36634086
36519718
36374929
36285105
35451086
35351710
29731496
28215930
26032662
24747455
 Yoshihiro Hagiwara
37482617
37482617
37407441
37373860
36759772
36750958
36627603
36601375
36575423
36460950
36254311
36104195
36031592
35995979
35858788
35578231
35534870
35418531
35264677
35125456
35058512
 Jun Hamaguchi
37056485
37056485
35569985
34334147
34026232
32205970
26405629
25798257
17883871
17488527
 Yoshitaka Hara
37234401
37234401
36930274
36005726
35233765
34484801
34433491
34398351
34330575
34178358
33886132
33076323
32772194
32524763
32524735
32216030
31995801
35111523
35111515
31293786
31016020
 Eiji Hashiba
36917508
36917508
36572840
36484929
36244982
36029359
35709080
35273185
35064847
34325538
34074343
33588956
31715536
31659619
30666542
29541684
28627113
28431809
27785582
27543995
27145178
 Satoru Hashimoto
37225417
37225417
37180310
37101265
37041733
36943418
36682606
36624037
36509317
36380377
36316112
36302489
36233627
36206474
36175948
36104203
35995775
35948182
35940203
35851574
35816947
 Noriyuki Hattori
37386392
37386392
37277424
37184598
36871890
36588063
36407492
36028534
35923529
35778061
34973877
34877777
34654860
34143855
33621532
33067063
32556649
32166254
32049890
31913865
31236729
 Kota Hoshino
37391846
37391846
36920687
36518335
35995775
35940203
35073814
34669153
34446351
34373499
33173586
32015385
31272758
30532142
30201367
29383543
28702197
28592318
27729984
27357316
26686501
 Shinichi Ijuin
37324632
37324632
37009955
36759171
35802161
35642009
35637867
35534870
34815887
34652340
33968411
33489142
32671173
32151579
26197830
23636635
 Takanari Ikeyama
37421276
37421276
37266640
36336195
36325925
36325905
35895891
35616194
34933747
34923705
34813356
34759086
35990879
33002131
32956172
32317603
31501513
30407953
29768181
29140970
27261952
 Shingo Ichiba
36846173
36846173
36728837
35982583
35731429
35644548
35581612
34765979
34618188
34461945
34398471
34108029
33910585
33904947
33385201
33098217
31484890
31308316
31015744
30336233
29977768
 Wataru Iwanaga
36122173
36122173
33610163
29678197
28863949
14967886
11871609
 Yoshiaki Iwashita
36380377
36380377
35999141
35371635
35004084
34786226
34746888
34528004
34489205
34436388
33423863
31914051
31834529
30976448
30935768
30680669
30514327
30212945
29530728
29123887
28821438
 Masafumi Kanamoto
36175948
36175948
35017175
34664850
34491428
34094816
33782777
33395403
33028403
32908736
32593376
32044210
32040624
31982697
31261532
30379461
24023465
23035699
22864018
 Hitoshi Kaneko
37056485
37056485
36816452
35569985
35546950
35377031
35145700
34658146
34567577
34563118
34026232
33947902
33884501
32398394
32339130
30849963
30594970
30471156
30395688
32677287
29737808
 Kaneyuki Kawamae
37448065
37448065
37210521
35679914
35227214
35164483
34117557
33952341
32224048
31777422
29546563
29441180
28184277
27917381
27312515
27061574
26060574
25520839
25427598
24993492
24783608
 Toru Kotani
37373649
37373649
37147095
36882878
36253888
35683410
35566716
35351710
34757513
34722905
34684050
34568985
34552282
34413036
34209010
34199207
33997440
33493229
31798888
30680219
30120673
 Yasuaki Koyama
37480126
37480126
37109258
36829250
36518180
35524185
34673153
33968419
32431845
32131542
32047123
31988794
31830962
31655592
31376552
30790692
29513016
29157790
29136003
28824052
28662966
 Keibun Liu
37373649
37373649
37147095
37003849
36988317
36870071
36432536
36380377
36327311
36311177
36281219
36233627
35888779
35699995
35566716
35473451
35468868
35451086
35415279
35395802
35351710
 Tomohiko Masuno
37430221
37430221
37055080
37051574
37005312
35660774
35157744
34040091
33978606
33926507
33692291
33663106
33452302
33282315
33221519
32863339
32612839
32605659
32489668
32353745
32195922
 Naoto Morimura
35721433
35721433
35462683
35439949
35309265
35186561
34622854
34276018
34252598
33996156
33926788
33915985
33806639
33552526
33364034
33208094
33080369
33053890
32993506
32800385
32620147
 Tomoyuki Nakamura
37234401
37234401
37184598
37173140
37102222
37008742
36930274
36790667
36618848
36415830
36374570
36233627
36211342
36005726
35995931
35888737
35506599
35487992
35464606
35295706
35198214
 Masaki Nakane
37210521
37210521
36153530
35679914
35227214
35164483
34484801
34433491
34117557
33952341
33845916
33836812
33407891
33317639
31996170
31777422
31744653
31337599
29546563
29441180
28184277
 Michitaka Nasu
35957601
35957601
35534870
34815888
34495877
34026150
33968411
33664958
31793373
30410763
29201378
28863949
28358803
28183356
27684877
27269953
27154779
26948832
26566443
26519125
18044461
 Osamu Nishida
37266640
37266640
37234401
36930274
36415830
36407492
36402864
36267628
36233627
36169641
36005726
35895716
35648198
35579768
35487992
35473451
35123576
35063025
35044427
34815889
34778298
 Masaji Nishimura
36525133
36525133
35644548
34620252
33292655
32897665
32272080
32086337
31923030
31827804
31715536
31110041
30837330
30723170
30541003
30254040
30206130
29629982
29605719
29483305
29110031
 Kanae Ochiai
37457630
37457630
35433584
34390825
33656783
32999855
31569648
28315727
 Takayuki Ogura
37448563
37448563
37319278
37165334
37121748
36566316
36446833
36380377
36254311
36190237
36104195
35999141
35995775
35984418
35940203
35787968
35699995
35534870
35524282
35468868
35351710
 Shinichiro Ohshimo
37318299
37318299
37266640
37199560
37197587
37193596
37165334
37038536
36703279
36380377
36233627
35992281
35984064
35799288
35764767
35753956
35731457
35699202
35321649
35291303
35147849
 Keisuke Oyama
37405212
37405212
35046264
34557377
34375741
34002430
33137129
31982641
31321532
31073708
30779908
30629953
30426602
30172959
30090553
30015378
29427588
29421941
29223568
29028487
28899772
 Junichi Sasaki
37455306
37455306
37302292
37288749
37200632
37103326
37024794
37020263
37005646
36964008
36870475
36680778
36632117
36518179
36446160
36378886
36364029
36299158
36288943
36096097
36059039
 Ryutaro Seo
37018902
37018902
36921007
36494058
36064449
35872085
35265855
35000825
33484361
31900585
30562993
29268759
28917226
28770093
28741217
28239054
26819744
26106206
25232553
24966207
24334877
 Takeshi Shimazu
37377095
37377095
37351090
36546725
36187449
35844882
35782956
35739461
35721776
35720157
35664809
35414369
35148526
35144534
35106180
35104668
35078417
35059219
35049188
34884363
34860254
 Nobuaki Shime
37356617
37356617
37329485
37318299
37261372
37217420
37199560
37197587
37193596
37165334
37126154
37038536
37012346
36858256
36703279
36611188
36544499
36518742
36453810
36451415
36380377
 Keiki Shimizu
36518179
36518179
35569985
35377031
35145700
34788312
34567577
34563118
34334147
34026232
33831783
33385057
33342681
32551124
32398394
31527479
30976451
30205551
29998044
29850022
29742138
 Hiroyuki Suzuki
37475091
37475091
37475037
37471087
37442338
37428612
37391795
37322876
37300379
37265876
37236969
37221662
37218898
37218897
37205678
37190192
37189717
37185762
37176118
37166901
37129305
 Shuhei Takauji
37005646
37005646
36816452
36758284
36509361
36085076
35681214
35619190
35292361
35145700
34856423
34711600
34567577
34563118
34484801
34433491
33947902
33831783
33722506
33492535
32705165
 Shinhiro Takeda
36380377
36380377
35992281
34706753
34436388
34127027
32793357
32431849
30009033
30380253
28012501
27822946
27586996
27301502
25916879
27408728
23772529
23615050
23347432
26029606
23212586
 Ichiro Takeuchi
37485028
37485028
37478337
37469378
37466037
37461191
37408036
37368523
37355574
37350552
37340684
37327083
37200413
37086787
37081690
37080497
36930917
36899171
36858963
36822812
36720651
 Mumon Takita
37351587
37351587
36327268
35995775
35940203
35934631
35650227
33593406
33042560
32629085
31988784
 Hayato Taniguchi
37469378
37469378
36988317
36631936
35830460
35358664
34987831
34711794
34399775
34379684
33717868
33438132
33391764
33385201
32822684
32313662
31346347
Ai Tang Xiao
35425708
35425708
34744447
33571662
33068796
32426291
32361324
32306036
32270882
32209385
32112352
31762804
 Yi Xin Tong
36689943
36689943
36584574
35433809
35425708
34744447
33620152
33571662
33068796
32426291
32361324
32306036
32270882
32112352
31820054
31762804
29416351
28430598
21781532
 Sheng Zhang
37485386
37485386
37470416
37456720
37453553
37448513
37441236
37439118
37422687
37420410
37417927
37405518
37398457
37395473
37394483
37384415
37381357
37379293
37372233
37351109
37349326
Xue-Lian Liao
35801015
35801015
33395074
32543153
31106530
30728848
30591258
29737106
28591969
28591968
28591965
28591964
28362715
28050557
27554456
26455510
20367902
19595229
19220967
19141187
17178043
 Hong Chen
37484027
37484027
37483763
37478127
37469874
37466472
37460623
37459812
37457314
37456259
37453208
37451981
37451904
37451625
37446231
37438901
37437900
37437393
37435881
37431852
37431119
 Zhen Li
37485366
37485366
37485318
37483216
37480778
37479506
37478251
37476722
37475314
37474253
37470205
37467957
37467731
37464421
37459282
37457851
37448665
37447020
37446223
37438548
37437357
 Bo Wang
37484991
37484991
37481678
37480850
37478671
37476406
37474102
37466402
37466210
37460814
37457834
37457659
37456829
37452249
37451531
37450565
37449724
37447863
37442136
37442054
37433999
 Zhong-Wei Zhang
36944820
36944820
36861123
36838965
36686676
36675085
36605959
36584859
36508799
36507373
36084883
35982696
35909748
35892802
35472368
35170774
35095972
34997961
34973246
34967242
34440665
 Wei-Min Li
37415837
37415837
36686769
36582380
36581067
36535523
36191867
36156139
35926430
35837823
35772189
35664360
35524352
35477751
35361801
35293487
34921611
34921035
34620748
34508171
34458139
 Zong-An Liang
37316692
37316692
35950752
35863486
35411176
35063752
34957139
34746415
33880036
33627072
33481912
33450779
33395074
33387568
33147584
33011298
32910201
32843326
32576251
32354798
32274124
 Jin Tang
37478243
37478243
37431942
37422394
37385020
37384468
37365697
37310845
37267145
37248092
37235725
37234981
37173142
37165405
37080646
37022390
36969696
36958438
36930463
36892532
36853171
 Jian Wang
37485655
37485655
37485000
37479695
37479661
37478628
37477871
37475433
37475221
37474611
37469357
37467765
37467393
37464378
37458454
37457569
37454842
37453674
37452091
37452066
37447639
 Rui Shi
37450965
37450965
37449975
37443014
37439322
37416948
37395638
37351280
37351279
37349382
37320964
37304901
37300929
37276016
37263064
37259038
37243698
37235785
37203863
37197668
37196960
 Xiao-Dong Jin
37408112
37408112
34530774
34101239
33472733
33417951
33395074
32843326
31880108
30697080
30161308
30106013
29669061
29157875
28948731
28796057
28133985
28024413
27578589
26552211
25707137
 Yan Kang
37449516
37449516
37443556
37413841
37408020
37368839
37357725
37352568
37346540
37343602
37301835
37301035
37296183
37272947
37250893
37209237
37196694
37190558
37165726
37129623
37106536
 Pei-Fang Wei
36382560
36382560
