Feng Pan
37481619
37481619
37480789
37456640
37437667
37397148
37352114
37340579
37324063
37318225
37306652
37300937
37270762
37262009
37259273
37257659
37253197
37197573
37178454
37170798
37163397
 Lian Yang
37423917
37423917
37408817
37406484
37395467
37324063
37300937
37254054
37171499
37167893
37141725
37140694
37043142
36987279
36937843
36905102
36782193
36705825
36693849
36687846
36650190
 Yuncheng Li
37397383
37397383
37295496
37122553
37064112
36845469
36496656
36395950
36389727
36211339
36027839
36027815
35761662
35687049
35627080
35371009
35038172
34997590
34980350
34952387
34742146
 Bo Liang
37429852
37429852
37427383
37423917
37390255
37383594
37375110
37368389
37356066
37344765
37313675
37276348
37157983
37116800
37080368
37079245
37070826
37029123
37020545
36989893
36989770
 Lin Li
37484904
37484904
37480128
37479426
37478748
37478218
37475324
37474990
37474685
37474405
37474390
37470966
37469864
37469143
37469043
37468441
37466631
37458878
37457352
37453365
37451841
 Tianhe Ye
37324063
37324063
37300937
34888706
34762523
34609153
34432502
34060621
33967603
33439047
33432072
33001181
32647307
32547323
32483442
32226313
32053470
31658174
34826834
31420991
34805866
 Lingli Li
37437482
37437482
37402103
37392240
37381172
37358564
37324063
37154088
37027392
36937749
36825110
36818634
36776261
36739907
36647651
36625083
36606854
36539110
36483796
36376794
36374389
 Dehan Liu
35665346
35665346
35264401
35054282
34977063
34888706
34609153
33432072
33001181
32647307
32547323
32448391
32302206
32298148
32226313
32186894
31705990
31420991
28738751
14535311
12469845
 Shan Gui
35864759
35864759
33561552
32547323
32483442
32053470
30691906
24671297
 Yu Hu
37483428
37483428
37474589
37469329
37458465
37455405
37387456
37383704
37382653
37375813
37356744
37348791
37348711
37340322
37338773
37336233
37332931
37332092
37305484
37304546
37293221
 Chuansheng Zheng
37475047
37475047
37408056
37251557
37223272
37182136
37168773
37078474
36964538
36960308
36958125
36915044
36872805
36841575
36835969
36786698
36762318
36750924
36750721
36721271
36650190
Mario Rivera-Izquierdo
37359239
37359239
37302941
37016907
36926470
36124373
35775137
35753033
35329206
35263237
35210513
35193574
35162468
35062676
35010358
34987170
34948867
34849753
34758461
34742244
34647999
 María del Carmen Valero-Ubierna
 Juan Luis R-delAmo
33072869
33072869
32773165
32584868
 Miguel Ángel Fernández-García
 Silvia Martínez-Diz
 Arezu Tahery-Mahmoud
33072869
33072869
32773165
32584868
 Marta Rodríguez-Camacho
 Ana Belén Gámiz-Molina
 Nicolás Barba-Gyengo
33072869
33072869
32773165
32584868
 Pablo Gámez-Baeza
33072869
33072869
32773165
32584868
 Celia Cabrero-Rodríguez
 Pedro Antonio Guirado-Ruiz
33072869
33072869
32773165
32584868
 Divina Tatiana Martín-Romero
 Antonio Jesús Láinez-Ramos-Bossini
 María Rosa Sánchez-Pérez
 José Mancera-Romero
 Miguel García-Martín
 Luis Miguel Martín-delosReyes
 Virginia Martínez-Ruiz
 Pablo Lardelli-Claret
36926470
36926470
36517533
35913438
35263237
35210513
35010358
34948867
34849753
34203872
33197794
32584868
32560180
32545738
31911009
31791610
31444182
30578042
30208111
28858148
28813444
 Eladio Jiménez-Mejías
 Muhammad Adrish
37307904
37307904
37189529
36970497
36750439
36161677
35965051
34460807
34211649
33936905
33597391
33020114
32907371
32905551
32903240
32808105
32590818
31908787
31548895
30290642
30271608
Qiurong Ruan
36884116
36884116
36307738
35357918
34707286
34676085
33789892
33582903
33389831
32253449
32125452
32063073
31346995
30074213
29258531
31966379
28928430
28624790
28536311
27779101
27041791
 Kun Yang
37473680
37473680
37473566
37468441
37466156
37453087
37450300
37446424
37437411
37436029
37435560
37432720
37423976
37421228
37408007
37382478
37362228
37360354
37360078
37357444
37335795
 Wenxia Wang
37389594
37389594
37330100
37225374
37198553
37104042
36967562
36964723
36902471
36884116
36799458
36720888
36715170
36660462
36382713
36289219
36136452
36108494
36097637
36045690
35976058
 Lingyu Jiang
36859778
36859778
36796536
36339754
36221308
35761940
35698257
35656882
35583711
35401532
35173554
35123042
34610623
34306891
33994888
33591245
33582903
33548198
33333230
33204695
33118666
 Jianxin Song
37298379
37298379
37295537
37254376
36920165
36884116
36857465
36759744
36746758
36725682
36710337
36636370
36589884
36572337
36562258
36520674
36479740
36434996
36422469
36307738
36227657
Grace Salacup
35760046
35760046
34429285
34042189
33864721
33792263
33667433
33654363
33384310
33083063
32945216
32916565
32808695
32804317
32794205
32732512
32617986
32554965
32454186
 Kevin Bryan Lo
37465085
37465085
37302681
37236407
37212381
36918781
36821251
36570777
36516938
36472546
36407786
36258676
36147789
36122195
36063062
36032268
35782753
35760046
35654018
35358905
35174049
 Fahad Gul
37229059
37229059
36873074
32491818
32491414
36285028
36147088
36060440
36045811
35935624
35846852
35734677
35693098
34353468
34104858
33864721
33654363
33422237
33134950
32916565
32808695
 Eric Peterson
37390207
37390207
37338878
37310147
37301758
37272733
37229250
37212381
37196972
37195057
37165294
37130751
37036906
37029056
37025553
37017940
37011387
36997096
36978066
36943935
36847520
 Robert De Joy
34042189
34042189
33864721
33667433
33654363
33446510
33134950
32916565
32808695
32804317
32794205
32732512
32617986
32454186
 Ruchika Bhargav
34062241
34062241
34042189
33864721
33792263
33667433
33654363
33099991
32945216
32916565
32808695
32804317
32794205
32732512
32712051
32617986
32554965
32454186
 Jerald Pelayo
36032268
36032268
35768827
35760046
35606828
34751630
34571101
34565092
34429285
34210690
34112023
33864721
33667433
33654363
33083063
32995032
32945216
32937050
32916565
32808695
32804317
 Jeri Albano
34879208
34879208
33864721
33667433
33446510
32945216
32916565
32808695
32804317
32794205
32769815
32732512
32662690
32617986
32554965
32454186
31712226
31417270
 Zurab Azmaiparashvili
37236407
37236407
36570777
36258676
36122195
35782753
35353018
34732378
34352359
34295587
34104858
34042189
33889338
33864721
33667433
33592284
33275067
32995032
32916565
32808695
32804317
 Sadia Benzaquen
37236407
37236407
37212381
36474463
36474460
36469321
36412678
36384805
36283245
36210111
35924198
35083462
34738956
34022030
33735531
33667433
33446510
32721166
32617986
32452981
32386639
 Janani Rangaswami
37314793
37314793
36918781
36516938
36472546
36402213
36041473
36032268
35760046
35654018
35649722
35232819
35174049
34785259
34751630
34649704
34601469
34571101
34565092
34258890
34112023
Yufeng Shang
35755044
35755044
35499349
35372017
35004735
34860428
34850404
34012958
33936026
33425206
33289107
33172355
33000236
32766541
31819538
31631064
31616632
31571985
30484952
30405801
30150635
 Tao Liu
37484809
37484809
37484283
37482002
37471118
37464341
37458766
37458358
37457808
37451534
37450348
37448226
37441951
37439364
37438309
37437020
37435514
37435166
37434599
37430864
37430284
 Yongchang Wei
37393141
37393141
37087737
36915999
36799214
36789748
36640207
36611209
36592709
36586072
36275706
35355708
35293765
34925126
34856977
34678715
34631523
34558233
34485125
34341947
34234710
 Jingfeng Li
37457762
37457762
37451024
37390992
37384815
37355211
37329508
37255405
37229774
36997552
36974898
36929743
36929018
36926837
36859413
36837669
36789685
36730643
36662065
36650819
36648753
 Liang Shao
37354741
37354741
37342585
37293885
37244875
37142241
37056825
36988259
36828796
36822174
36733418
36725079
36647940
36599820
36592168
36450556
36447137
36410074
36378884
36299239
36281857
 Minghui Liu
37440383
37440383
37389607
37362222
37323025
37296832
37284087
37274482
37260019
37243981
37162371
37120034
37119574
37089080
37086799
37074685
37037048
36972375
36968709
36965730
36965079
 Yongxi Zhang
36999419
36999419
36966258
36866550
36799172
36237173
35517808
35415847
34712709
34649091
34625887
34539392
34171164
34132367
36046433
33256876
33074039
32928248
32839868
32766541
32766161
 Zhigang Zhao
37456274
37456274
37454250
37417626
37394726
37393291
37383395
37359378
37359015
37343720
37333888
37324487
37316907
37313516
37303634
37282368
37273274
37261482
37232492
37219123
37194366
 Haibo Xu
37486388
37486388
37484217
37483342
37448515
37433970
37416325
37334908
37307794
37286498
37219099
37157894
37091716
37054520
37028248
37017890
37014492
36970281
36844745
36841295
36826439
 Zhiyong Peng
37454155
37454155
37447619
37308521
37289363
37272947
37241678
37187274
37127681
37126332
37035547
37034538
36960195
36911695
36909244
36805832
36794450
36793607
36785779
36670442
36614895
 Fuling Zhou
37484842
37484842
37477650
37401791
37280363
37223778
37193689
37170719
37138869
37071330
37051232
37006165
36966466
36867892
36822174
36799214
36739290
36680011
36589588
36574771
36564338
 Xinghuan Wang
37393350
37393350
37355053
37271807
37269493
37231763
37105989
37095549
37024456
36989746
36969760
36875068
36733358
36733309
36699941
36613500
36473621
36468030
36277150
36235311
36103400
