Ana Rosa Linde-Arias
36504393
36504393
34769870
32604943
32245370
28293033
24196889
22467059
18524439
18468656
17680059
16704067
12056910
 Maria Roura
37485303
37485303
37161380
35073892
34764147
33979383
33528082
33349170
32245370
31892328
30842347
30385450
29464430
28739838
28178336
27898736
26914023
26317781
25948239
24349284
24069473
 Eduardo Siqueira
37462559
37462559
36433817
36341383
34939446
34491925
34370527
33618959
33403650
33238747
32604943
32245370
31640167
29412716
27462853
27333139
24401486
22964936
21643725
21411419
20943471
Maria Belizan
37377242
37377242
36915061
36348310
35700470
35365299
35277337
35227597
35148961
35063941
35039284
34924403
34816962
34536965
34026926
34023752
33752712
33392930
33127187
32972734
32919474
 Edna Maradiaga
32919474
32919474
 Javier Roberti
37262432
37262432
37142423
36865506
36737082
36348310
36062573
36031524
35221122
34952327
34924403
34907003
34875604
34816962
34523374
34495211
34064880
34026926
33704587
33376162
33225484
 Maricela Casco-Aguilar
32919474
32919474
 Alison F. Ortez
32919474
32919474
 Juan C. Avila-Flores
32919474
32919474
 Gloria González
37453029
37453029
37376694
37376689
37047908
36758890
36376587
36372655
36354911
36270066
36036298
35961485
35765016
35710435
35636950
35500750
35488874
35390977
35211976
35121267
34865712
 Carolina Bustillo
33724927
33724927
33383742
32919474
32222420
27423687
 Alejandra Calderón
 Harry Bock
33724927
33724927
32919474
29943723
 María L. Cafferata
 Adriano B. Tavares
32919474
32919474
31314905
29609191
22983215
20470463
19969293
12193414
11956166
11883100
 Jackeline Alger
37228008
37228008
37214770
36564837
36039408
35896184
35867924
35672075
34936257
34559827
34469183
33724927
33383742
33262482
32919474
32671537
32333854
31692578
31450011
31217315
30677415
 Moazzam Ali
37340010
37340010
37282657
37122575
37072431
36915075
36873155
36817856
36752999
36538729
36329490
36214687
36202583
36202429
36060132
36050498
35970866
35814838
35677216
35649598
35623439
Hector M. Gomez
31975397
31975397
 Carlos Mejia Arbelaez
36855214
36855214
35428285
34855811
33466637
31975397
 Jovana A. Ocampo Cañas
Caroline S.E. Homer
37474934
37474934
37424691
37220124
37163506
37121027
37117124
37074767
36962588
36962285
36884232
36785855
36703135
36670438
36657660
36638130
36517885
36353468
36048776
35650540
35618327
 Miranda Davies-Tuck
37433731
37433731
36996264
36907532
35907935
35902344
35791002
35327760
35238402
35094431
34857850
34656221
34217399
33451928
33212029
33092699
32994144
32828713
32549301
32524888
32460365
 Hannah G. Dahlen
37454584
37454584
37401365
37047868
37041048
37033120
37029926
36817034
36774285
36642558
36452982
36332498
36317700
36244077
36163048
36001600
35961341
35886682
35760187
35742022
35714641
 Vanessa L. Scarf
34391422
34391422
32994144
31864317
31662359
31227444
30890464
29727829
28797127
24929250
24035518
Niuniu Sun
32949869
32949869
32334904
28523024
26046353
25400770
 Luoqun Wei
32949869
32949869
32334904
 Suling Shi
35706783
35706783
33080719
32949869
32334904
 Dandan Jiao
37444767
37444767
36865430
36865429
36611584
36343808
35951426
35531072
35204930
34682135
32980575
32334904
31105262
26420321
 Runluo Song
37005567
37005567
32334904
29048735
 Lili Ma
37441027
37441027
37427555
37401850
37386931
37311733
37308151
37274617
37207844
37179325
37157950
37150417
37145172
37144985
37133462
37129745
37110009
37063578
37038746
37036900
37014744
 Hongwei Wang
37445816
37445816
37443111
37442287
37437942
37419407
37401070
37397145
37396544
37393836
37387415
37385796
37384578
37382733
37381714
37374497
37374467
37372336
37345864
37290644
37290073
 Chao Wang
37485988
37485988
37485554
37485278
37481393
37480812
37480569
37479655
37478999
37475077
37474577
37474043
37470752
37470380
37469306
37467833
37467789
37467427
37464346
37463551
37462225
 Zhaoguo Wang
36948334
36948334
36916974
36794475
36560119
36496177
36359184
36287990
36235835
36191842
36179964
36145113
36033842
35924330
35656887
35565148
35321499
35306020
34594958
34581412
34568312
 Yanli You
37050021
37050021
35911899
35866524
35847786
35606876
34862102
34736490
34479613
34250809
34217943
33010525
32795851
32787361
32786838
32506860
32334904
31201900
31115054
30526170
30463254
 Shuhua Liu
37418165
37418165
37363287
37008934
36989530
36843056
36781092
36721523
36714608
36681791
36647749
36553735
36530914
36503980
36378140
36272471
36259464
36035691
35991309
35983518
35966500
 Hongyun Wang
37237557
37237557
37192861
37109946
37098609
37097199
37055457
37035229
36748584
36683183
36608839
36596041
36478333
36469444
36431857
36431582
36337870
36316889
36242005
36117871
36111187
