Dong Liu
37485651
37485651
37481951
37479168
37478835
37476414
37475723
37471253
37468984
37464891
37457493
37456744
37450969
37449204
37446710
37439870
37429454
37426135
37418736
37408798
37400817
 Roy F. Baumeister
37466168
37466168
37444073
37212050
37058826
37039076
36925593
36742354
36442681
35875947
35573284
35357852
34670034
34483627
34282356
33956814
33737970
33436263
33123057
33090861
33086910
 Jennifer C. Veilleux
37216586
37216586
36621046
36174177
35475950
35135399
35073805
33929282
33891521
33464104
33319397
33107806
32707218
32597372
31867636
31035080
30945033
30691959
30358519
30223206
29888946
 Caixia Chen
37482524
37482524
37434978
37420203
37091146
36986059
36979952
36929480
36874080
36824150
36369072
36268949
36111170
35985835
35875964
35835607
35572515
35436619
35395842
35303877
35185564
 Wenjun Liu
37482689
37482689
37470403
37467939
37454871
37437892
37421368
37418235
37382050
37373204
37359559
37359075
37348793
37340954
37326346
37317241
37299668
37297138
37279032
37268048
37264959
 Yongjie Yue
35349859
35349859
32716901
32707218
19947196
18839896
 Shi Zhang
37328126
37328126
37232514
37177590
37137447
37034175
36932672
36789251
36782097
36775132
36699590
36568190
36560310
36482685
36462334
36443265
36426681
36409618
36352900
36299856
36253926
Yael Lahav
37437234
37437234
37227216
37104776
36855260
36493509
36380616
35499214
34706450
34687310
34592508
34589177
34088243
33983767
33963759
33038562
32897738
32818776
32814666
32798763
32659159
Xin Cai
37443018
37443018
37380400
37362288
37331078
37301449
37248943
37119676
37098344
37049212
37048272
36973659
36959653
36874613
36870626
36859555
36855961
36842642
36794205
36720802
36688529
 Xiaopeng Hu
37450730
37450730
37440140
37384045
37351778
37334897
37284927
37179234
37144511
37082269
37036281
36969159
36921118
36771105
36721217
36658573
36632501
36569935
36566196
36479835
36457546
 Ivo Otte Ekumi
32753338
32753338
 Jianchun Wang
37434147
37434147
37408810
37234250
37213908
37191433
37094465
36818624
36744252
36502371
36458315
36377597
36307511
36144146
35208324
35153767
35009648
34735246
34161077
34046530
33875113
 Yawen An
36377597
36377597
33747216
33616334
33437199
33390803
33390786
32945475
32753338
32681141
32464158
31410420
35515276
29752469
28752035
28174051
26982999
25826473
24189300
 Zhiwen Li
37474044
37474044
37420520
37404292
37343538
37336763
37326897
37215141
37196024
37184750
37162390
37118422
37114860
37077685
37063432
37011707
36986144
36964047
36864030
36831924
36831877
 Bo Yuan
37479118
37479118
37453145
37420485
37325562
37313359
37306662
37306309
37305979
37305123
37298615
37292950
37285252
37258429
37247856
37222637
37219043
37214671
37209559
37199205
37186998
Hai-Xin Bo
36113943
36113943
35836941
34715164
34318576
33868059
33337594
32919351
32658818
32216863
 Wen Li
37482612
37482612
37479639
37475854
37469307
37467781
37465582
37463865
37462970
37462291
37461124
37459268
37457460
37455733
37451001
37450442
37449223
37447170
37446885
37446791
37446183
 Yuan Yang
37485380
37485380
37484545
37478679
37459178
37455937
37453316
37437741
37436980
37436933
37418537
37417622
37414617
37402130
37399716
37398513
37394884
37382494
37379926
37374861
37359014
 Yu Wang
37486471
37486471
37484991
37484531
37484462
37483624
37483487
37482521
37482302
37482265
37480540
37480435
37480188
37480118
37479674
37479063
37478567
37478262
37476821
37474745
37474681
 Qinge Zhang
37350640
37350640
36997507
36988299
36923522
36906613
36587492
36554429
36324116
36206885
36128195
35977150
35850062
35815014
35641826
35633807
35594975
35339571
35313835
35273161
35246000
 Teris Cheung
37437741
37437741
37350640
37270593
37252144
37181891
37181879
37168423
37056363
36991204
36988299
36946424
36923522
36901227
36873201
36873200
36834268
36774316
36767702
36584712
36554429
 Xinjuan Wu
36712546
36712546
36704832
36597469
36585614
36532516
36415220
36402197
36091678
35999509
35971434
35970665
35906851
35836941
35712889
35673110
35551788
35509704
35501209
35293033
35145987
 Yu-Tao Xiang
37437741
37437741
37350640
37308390
37270593
37252144
37247785
37201381
37181891
37181879
37168423
37163943
37086612
37068038
37009113
37001487
36997507
36988299
36937736
36923522
36911118
Michael L. Tee
36360893
36360893
35871257
33742072
33602763
33312198
33102806
33061689
32861839
31871140
31819408
30775552
30778403
30775486
24789155
 Cherica A. Tee
36767697
36767697
36360893
35871257
33742072
33602763
33061689
32861839
30778403
30775486
 Joseph P. Anlacan
32861839
32861839
30262378
29709756
 Katrina Joy G. Aligam
32861839
32861839
 Patrick Wincy C. Reyes
33742072
33742072
33061689
32861839
 Vipat Kuruchittham
37280666
37280666
33742072
33633595
33571297
32861839
24934066
19443878
17032893
12643553
 Roger C. Ho
37377693
37377693
37341192
37304210
37144922
36990297
36821531
36603315
36579115
36521662
36438233
36421612
36336068
36317568
36186881
36050349
35987907
35763918
35712195
35648464
35620673
