Tao Guo
37482310
37482310
37443179
37420310
37416884
37408389
37390106
37385459
37361906
37353980
37340527
37331532
37313132
37313044
37309604
37308749
37305965
37298949
37298858
37238093
37233442
 Yongzhen Fan
37354826
37354826
37284070
37054908
36573725
36515250
34844599
34123873
33589409
33411686
33330541
33219594
32995859
32936268
32242895
32219356
30024531
33867576
26965536
26835615
26367699
 Ming Chen
37486120
37486120
37484972
37480607
37478957
37477650
37474274
37469242
37468683
37468393
37465498
37459451
37455409
37450055
37432568
37426385
37421550
37420993
37414309
37413900
37410917
 Xiaoyan Wu
37473494
37473494
37439695
37431082
37427728
37418592
37405826
37394763
37380324
37379910
37354826
37349695
37343720
37330866
37329600
37329595
37310705
37300722
37280629
37274268
37269698
 Lin Zhang
37486737
37486737
37484263
37483942
37483616
37481738
37480116
37478851
37473846
37473595
37466365
37466214
37462323
37460532
37457569
37457452
37457345
37456250
37455282
37454248
37452462
 Tao He
37481520
37481520
37455632
37421225
37415780
37393695
37386794
37379599
37370524
37368798
37361232
37354826
37351133
37339730
37332538
37327631
37260148
37246225
37210380
37199801
37175207
 Hairong Wang
37486326
37486326
37478628
37439338
37423037
37354826
37334851
37330498
37293404
37275604
37269810
37261264
37250212
37244036
37178381
37148307
37059028
36914714
36897191
36738971
36705923
 Jing Wan
37481526
37481526
37454450
37441810
37441702
37409787
37387536
37316079
37270947
37246247
37222119
37220935
37181701
37132329
37120239
37107641
37057732
37048270
36988463
36972181
36961405
 Xinghuan Wang
37393350
37393350
37355053
37271807
37269493
37231763
37105989
37095549
37024456
36989746
36969760
36875068
36733358
36733309
36699941
36613500
36473621
36468030
36277150
36235311
36103400
 Zhibing Lu
37431082
37431082
37405482
37354826
37284070
37086230
37054908
37004300
36634025
36573725
36563053
36483625
36396746
36038225
36008072
36005434
35792496
35497996
35460889
35227297
35111634
Suxin Wan
34268209
34268209
32954754
32297671
32198776
 Yi Xiang
37455326
37455326
37439635
37273084
37152732
37129759
36910471
36825581
36812321
36669488
36572774
36520743
36411477
36406194
36303589
36272178
36267724
36215576
36215531
36110402
36090453
 Wei Fang
37479201
37479201
37473697
37466644
37460894
37460805
37456458
37430966
37422785
37422085
37409763
37381017
37373532
37368751
37367995
37367652
37365241
37357978
37341572
37330070
37316067
 Yu Zheng
37483471
37483471
37483408
37481616
37447502
37434732
37434457
37431852
37431231
37419404
37405054
37397709
37390766
37386523
37385626
37366827
37364687
37363699
37356146
37343868
37342439
 Boqun Li
37267805
37267805
37050110
36589044
36399879
36275526
36116323
35985384
35714481
35183585
35121551
34023650
33742892
33420687
32954754
32653610
32198776
31934679
31528787
35517649
30159537
 Yanjun Hu
37465758
37465758
37391146
37098591
37071966
36974462
36916012
36906202
36825223
36772641
36753782
36718811
36617523
36607104
36586391
36578869
36556270
36370173
36265384
36209719
36069480
 Chunhui Lang
37278743
37278743
36507607
34734022
34268209
33554183
33024082
32954754
32350462
32297671
32198776
30630805
30128023
27200262
 Daoqiu Huang
32954754
32954754
32198776
 Qiuyan Sun
37473419
37473419
37362916
37356573
37289015
37247062
37194931
36770773
36198802
35385339
33908133
35117274
32954754
32198776
31938047
31275111
31078158
27882133
26319807
25582255
17551669
 Yan Xiong
37483201
37483201
37478468
37457048
37402969
37402373
37398946
37382132
37379301
37367276
37367273
37365684
37358448
37356280
37355626
37354862
37354760
37344537
37329831
37308773
37291217
 Xia Huang
37486327
37486327
37462440
37426642
37426087
37404714
37387610
37378628
37331583
37304295
37292129
37290194
37247440
37208756
37180231
37179377
37121814
37103283
37088044
37081411
37065083
 Jinglong Lv
34268209
34268209
33554183
32297671
32198776
31253213
28259001
27498597
23266733
 Yaling Luo
36639849
36639849
35937242
35725446
35457526
34343431
33816428
32954754
32198776
31614952
31295039
28851074
23746235
23688998
23275086
23127400
23076873
22584585
22340378
21690049
21557907
 Li Shen
37483932
37483932
37474762
37469833
37468235
37459415
37455494
37453398
37453353
37451265
37449775
37448779
37440128
37439764
37429512
37429479
37424750
37418038
37417740
37415161
37403387
 Haoran Yang
37471584
37471584
37460957
37423132
37183359
37177868
37157892
37153523
37093539
36924262
36854113
36762553
36726631
36448412
36410519
36246872
36246236
36183756
36137085
36090833
35992219
 Gu Huang
37366765
37366765
36826809
36699494
36429524
36306600
35848605
35845439
35815005
35402582
34803787
34639297
33769161
33746809
33551936
32954754
32519882
32297771
32198776
32168993
31004577
 Ruishan Yang
32198776
32198776
30882628
30204388
Fei Zhou
37468964
37468964
37457729
37440907
37418406
37398512
37390182
37350731
37300977
37291978
37258577
37253803
37245815
37236355
37229351
37225032
37212654
37206210
37193083
37192621
37189075
 Ting Yu
37482887
37482887
37385099
37375414
37340824
37340423
37335900
37333592
37329852
37328300
37284884
37270965
37261895
37257812
37256919
37243666
37243598
37218529
37202601
37189163
37181910
 Ronghui Du
36926472
36926472
36362498
35792704
35409148
35173734
34304502
34021314
33870851
33298617
33240089
33196399
32944177
32907886
32820146
32805177
32645295
32621955
32448345
32437016
32423584
 Guohui Fan
37321233
37321233
37204755
37056988
36795456
36226154
35990949
35928619
35883052
35513826
35473747
35433747
35401364
35385369
35155477
35074630
35001555
34872515
34583675
34534435
34222179
 Ying Liu
37486235
37486235
37486143
37485926
37485569
37484777
37484718
37483389
37481563
37481151
37481091
37480813
37480065
37479565
37479187
37478665
37478133
37476195
37476154
37471209
37470451
 Zhibo Liu
37474941
37474941
37416318
37338120
37330593
37318538
37277675
37103565
37093272
37036562
37019890
36923091
36922816
36916201
36812239
36745408
36632233
36562255
36502984
36402764
36234972
 Jie Xiang
37480969
37480969
37457490
37421950
37284329
37193858
37184873
37175535
37151651
37142180
37096093
37087829
37071536
37064198
37056799
37032875
37020229
37008327
37000674
36965245
36925297
 Yeming Wang
37434854
37434854
37369282
37337997
37321233
37026906
36828006
36716195
36478734
36188433
36093094
36045658
35748704
35611349
35568052
35355793
35345417
35317717
35234623
35155477
35074630
 Bin Song
37464338
37464338
37456640
37453753
37439935
37438521
37404109
37397872
37384578
37378899
37369618
37334872
37308663
37304128
37293571
37276744
37251234
37229264
37201327
37191923
37188987
 Xiaoying Gu
37321233
37321233
36744132
36619810
36316630
35898809
35755062
35697052
35678952
35611349
35602490
35568052
35563622
35458712
35345417
35219375
35155477
35131324
35074630
35054949
34950055
 Lulu Guan
37344696
37344696
37168998
37042015
36902127
36594671
36439532
36222589
35615577
35467579
34966788
34881181
34855842
33784583
32255382
32224074
32171076
30854278
30388190
30006956
27534493
 Yuan Wei
37479506
37479506
37476942
37460872
37456304
37455079
37454562
37449493
37446537
37443030
37442135
37439870
37437160
37417966
37406171
37400468
37393818
37393242
37357223
37355762
37349531
 Hui Li
37486036
37486036
37482605
37481223
37480786
37479889
37479639
37478758
37478188
37477105
37475506
37475064
37475063
37475062
37474742
37471657
37471643
37471263
37471187
37467387
37467131
 Xudong Wu
37479438
37479438
37474102
37421727
37348755
37327456
37282793
37248506
37242832
37220307
37216827
37177621
37100771
37093957
36985560
36959757
36936840
36929671
36838112
36833399
36733232
 Jiuyang Xu
37321233
37321233
36804909
36625734
36187745
35155477
35074630
34454673
34326192
34246397
33734013
33428867
33421381
33403736
33271074
33079200
33010835
33007478
32840287
32675205
32635916
 Shengjin Tu
37321233
37321233
36719280
36504959
33529638
33428867
33248219
33078367
32675205
32171076
30505678
 Yi Zhang
37486758
37486758
37485350
37484822
37484380
37483457
37482607
37481178
37481158
37480977
37477770
37477718
37477258
37476946
37476834
37476831
37476053
37475287
37473570
37473523
37470365
 Hua Chen
37470912
37470912
37459175
37452404
37449638
37446873
37439523
37438699
37437345
37435891
37431594
37424055
37413807
37390887
37369336
37357835
37351936
37340716
37335602
37303637
37295129
 Bin Cao
37484947
37484947
37452512
37415817
37369282
37356123
37349777
37348518
37330196
37321233
37318116
37307441
37302027
37245814
37241471
37228658
37196009
37154704
37153610
37149249
37126843
Yingzhen Du
36397265
36397265
35402535
33958579
33854696
33616462
32432898
32381456
32328954
32287140
32242738
30953831
29779768
24312587
22843415
21898034
 Lei Tu
37373495
37373495
36776831
36718830
35769212
35024669
34737584
34448648
34112144
33616462
33447913
33298699
33187564
33062719
32855978
32537873
32439306
32432898
32405602
32328954
32287140
 Pingjun Zhu
37322177
37322177
37303776
36632466
35402535
35222801
33854696
33536936
33230467
32432898
32381456
32242738
32236322
32232579
31993882
31919590
31903127
31901590
31839999
31535369
29770487
 Mi Mu
36806245
36806245
36590968
36357398
36000153
34484176
34393516
34012583
33666766
33589512
33447913
32381456
32287140
32242738
 Runsheng Wang
37177052
37177052
36926843
36299275
35721322
35440668
35402535
35289857
35121902
35017531
34931795
34727011
34658283
34539646
34347705
34336881
33958579
33938794
33616462
33447913
33298699
 Pengcheng Yang
37422682
37422682
37335818
36972084
36795178
36739426
36701367
36698611
36638420
36467071
36438198
36330905
36220833
36188599
36160192
36114560
36055796
35688042
35625046
35501198
35500880
 Xi Wang
37475439
37475439
37463926
37442910
37442884
37430003
37429639
37425299
37419930
37414254
37407578
37405926
37396471
37394992
37393915
37390251
37388642
37381590
37380385
37370146
37361530
 Chao Hu
37462790
37462790
37447999
37443412
37409886
37385901
37376356
37375911
37370590
37341350
37330087
37267052
37231991
37201051
37152177
36999439
36985064
36943249
36941453
36917783
36906516
 Rongyu Ping
33616462
33616462
32287140
32242738
 Peng Hu
37478422
37478422
37478034
37467512
37457966
37435234
37430328
37426449
37425221
37408811
37408054
37385215
37359908
37349870
37345725
37339956
37335237
37331947
37318560
37311714
37308071
 Tianzhi Li
37011048
37011048
36716913
36401059
36299008
36173100
36138941
35236849
35198606
33854696
33616462
33245079
32381456
32328954
32287140
32242738
35497831
31924626
29485200
28860966
26562174
 Feng Cao
37468667
37468667
37417340
37349979
37324946
37324724
37316646
37301398
37244924
37230631
37206098
37206078
37107687
37094726
37076725
37065747
37044196
37020595
37016515
36950051
36916700
 Christopher Chang
37467432
37467432
37466386
37451682
37443394
37428504
37314610
37160749
37160543
37155840
37144618
36993359
36853525
36806245
36653724
36638795
36626371
36573097
36538739
36523114
36484997
 Qinyong Hu
37359376
37359376
37063927
36927989
36436921
36185295
35669239
35530332
34986838
34806493
34512020
34336881
34336667
34322052
34221053
33995633
33958579
33616462
33479506
33348449
35117301
 Yang Jin
37481362
37481362
37480572
37474995
37461088
37456834
37456733
37455998
37455557
37445714
37437020
37434680
37426142
37421821
37420549
37419511
37417698
37415366
37397372
37393390
37393077
 Guogang Xu
37181158
37181158
36806245
36418979
36397265
35599603
35559419
35402535
35222801
34692734
34567204
34336881
34322052
33958579
33854696
33732712
33616462
33606192
33447913
33410617
33298699
Liang Chen
37485639
37485639
37480594
37475325
37468827
37466872
37465019
37464883
37464328
37461141
37460862
37460177
37460111
37457733
37451605
37450641
37447309
37443479
37443344
37442914
37442447
 Xiangjie Li
36810607
36810607
36627114
36378015
35821114
35766284
35699749
35575748
35191086
34917662
34870762
34711970
34496746
34472585
34035047
33817554
33770552
32469163
32393754
32298273
32227090
 Mingquan Chen
37306210
37306210
36816718
36336029
35907788
35801003
35546215
35301279
34901073
33790943
33627696
33446239
32898341
32731866
32417393
32281094
32227090
31857514
31216555
31033366
30807239
 Yi Feng
37477624
37477624
37464447
37462542
37462238
37440425
37423959
37418594
37418293
37365929
37361661
37356061
37346941
37332949
37331272
37324094
37321113
37286124
37270566
37265321
37255334
 Chenglong Xiong
37460567
37460567
37447806
37080106
37030651
36484390
35301279
35178398
34305613
34291043
33755429
33627696
33344408
33170630
33131359
32898341
32543171
32298273
32227090
31867287
31799071
