Michael N. Young
37366512
37366512
36922035
36795747
36754518
36075647
36011139
35778309
35713117
35627647
35618351
35507335
35487051
35367045
35331703
35281884
34686265
34633339
34574888
34399969
34258909
 Dhaval Kolte
37480922
37480922
37471501
36328831
36075754
36073626
35895046
35863854
35460230
34949402
34855868
34531028
34531025
34404282
34147212
34130287
34112465
33938233
33903039
33663783
33616637
 Mary E. Cadigan
32308096
32308096
19805838
12196088
 Elizabeth Laikhter
37188137
37188137
36655029
36584304
36032377
35872020
35753925
35098498
34586097
34550951
34524064
34486647
32308096
29092919
27507674
26018171
 Kevin Sinclair
37209889
37209889
36706702
36520252
35738462
35452650
35334786
35015698
34681028
34571932
34152996
33970520
33673278
33153014
32308096
31821966
31331516
30679243
30563880
30476758
30412672
 Eugene Pomerantsev
37080797
37080797
36894601
36711542
35135302
33167699
32308096
32079475
32029246
29166703
28838371
27614067
27068627
26569653
26477043
26475298
26453684
26391303
25391519
24925918
24262618
 Michael A. Fifer
37473912
37473912
37451849
37305994
37043093
36681586
36599608
36252118
35783832
35351822
34544977
34513940
34210521
34192899
33926652
33890823
33181159
32594362
32308096
31278493
31272671
 Thoralf M. Sundt
37201718
37201718
37164055
37088407
37025683
36964943
36943376
36640801
36577103
36376120
36372216
36370884
36333247
36128445
36074700
36003441
35995789
35958537
35946798
35820491
35609650
 Robert W. Yeh
37464975
37464975
37449567
37429059
37345819
37342056
37335828
37204378
37158994
37083188
37074702
37045519
37042289
36871237
36866664
36792252
36789851
36626181
36530151
36512989
36472193
 Farouc A. Jaffer
37380231
37380231
37259859
37156067
37035030
36983697
36960766
36871531
36828892
36740236
36740235
36735869
36695421
36684110
36660854
36645332
36617391
36565956
36533624
36525540
36462272
Chaolin Huang
37321233
37321233
37197655
36964546
36737007
36669700
36563943
36504959
36465627
36377589
36276838
36188433
36059472
35958873
35807717
35784642
35419371
35234623
35116556
34950119
34876996
 Yeming Wang
37434854
37434854
37369282
37337997
37321233
37026906
36828006
36716195
36478734
36188433
36093094
36045658
35748704
35611349
35568052
35355793
35345417
35317717
35234623
35155477
35074630
 Xingwang Li
37388929
37388929
37329905
37324081
37083265
37071534
36750637
36746345
36702236
36699448
36468021
36409451
36291307
36060150
36009934
35492695
35365808
35341173
35222513
35170409
35154615
 Lili Ren
37409968
37409968
37378522
37321233
37275765
37252111
37246325
37218108
37218019
37196129
37191515
37182102
37179120
37153704
37115917
37092817
37059987
37037791
37030459
37027968
37026872
 Jianping Zhao
37473504
37473504
37346551
37255213
37237310
37194612
37163068
37142578
37117273
37111842
37110567
37059987
37056936
37042826
37025008
37022025
36946608
36850124
36809694
36754276
36752798
 Yi Hu
37479200
37479200
37467367
37458833
37452727
37449971
37444234
37431434
37429528
37416771
37409118
37401413
37389238
37386359
37358680
37348164
37340201
37339215
37328779
37308490
37291975
 Li Zhang
37486420
37486420
37486153
37485882
37484525
37483523
37480014
37478270
37478238
37477378
37475116
37471667
37467977
37467357
37466874
37465924
37463493
37463246
37463001
37462709
37462215
 Guohui Fan
37321233
37321233
37204755
37056988
36795456
36226154
35990949
35928619
35883052
35513826
35473747
35433747
35401364
35385369
35155477
35074630
35001555
34872515
34583675
34534435
34222179
 Jiuyang Xu
37321233
37321233
36804909
36625734
36187745
35155477
35074630
34454673
34326192
34246397
33734013
33428867
33421381
33403736
33271074
33079200
33010835
33007478
32840287
32675205
32635916
 Xiaoying Gu
37321233
37321233
36744132
36619810
36316630
35898809
35755062
35697052
35678952
35611349
35602490
35568052
35563622
35458712
35345417
35219375
35155477
35131324
35074630
35054949
34950055
 Zhenshun Cheng
37448884
37448884
37186434
37074394
36925352
36907990
36863160
36852973
36497185
36044099
35755062
35428349
35355710
35332684
35108608
35002722
34873151
34539392
34517383
34315392
34152707
 Ting Yu
37482887
37482887
37385099
37375414
37340824
37340423
37335900
37333592
37329852
37328300
37284884
37270965
37261895
37257812
37256919
37243666
37243598
37218529
37202601
37189163
37181910
 Jiaan Xia
34454673
34454673
34379989
34355001
33522958
33167955
32631393
32200645
32187464
32167524
32105632
32007143
31986264
31368243
28224433
 Yuan Wei
37479506
37479506
37476942
37460872
37456304
37455079
37454562
37449493
37446537
37443030
37442135
37439870
37437160
37417966
37406171
37400468
37393818
37393242
37357223
37355762
37349531
 Wenjuan Wu
37457964
37457964
37390248
37374444
37325938
37296408
37290709
37241626
37240006
37232012
37216181
37186513
37182966
37179940
37170112
37121413
37110584
37055743
37054536
37018476
36845019
 Xuelei Xie
32187464
32187464
31986264
 Wen Yin
37483815
37483815
37455967
37418941
37379354
37378895
37312398
37308837
37264314
37233394
37223541
37190838
37187773
37186377
37182404
37167072
37161054
37113063
37029335
37016525
36976061
 Hui Li
37486036
37486036
37482605
37481223
37480786
37479889
37479639
37478758
37478188
37477105
37475506
37475064
37475063
37475062
37474742
37471657
37471643
37471263
37471187
37467387
37467131
 Min Liu
37485264
37485264
37483026
37481960
37481677
37480702
37480159
37479016
37478186
37477156
37474454
37474052
37468556
37467841
37466365
37466201
37464421
37457699
37456564
37452495
37451839
 Yan Xiao
37468005
37468005
37466749
37466158
37440308
37439923
37439787
37429558
37420156
37418854
37385357
37378522
37357387
37354441
37348568
37334070
37328934
37303679
37295640
37282788
37277052
 Hong Gao
37477228
37477228
37474867
37444310
37441493
37432892
37431213
37333963
37330093
37327511
37315670
37313579
37308423
37296072
37275647
37270931
37266413
37262161
37262156
37262146
37259829
 Li Guo
37485903
37485903
37481785
37480605
37480526
37479824
37479654
37478939
37475514
37458226
37454306
37453509
37447607
37441984
37440909
37439340
37437082
37434235
37427716
37423159
37422272
 Jungang Xie
37056936
37056936
36754276
36578523
36437626
36309899
35785161
35550579
35309511
35168451
35083875
35035670
34746180
34690806
34497752
34368225
33949204
33814982
33666250
33407543
33326955
 Guangfa Wang
37353059
37353059
37294146
37283786
37231445
37201123
37156734
36929680
36882820
36847254
36752798
36693330
36317759
36317750
36176735
36108598
35948453
35911750
35813714
35748174
35713422
 Rongmeng Jiang
37457852
37457852
36409451
36342811
35399246
35186107
35153846
34632732
34618327
34592958
34586608
33024057
32660627
32606209
32535730
32431566
32333248
32217104
32180140
32069255
31986264
 Zhancheng Gao
37480410
37480410
37059987
37029178
37004351
36863991
36844402
36805609
36677496
36646189
36601290
36550436
36514799
36474604
36357898
36201141
36176576
36120657
36070516
36003191
35966877
 Qi Jin
37442390
37442390
37425654
37423564
37376391
37376028
37370851
37367904
37356723
37351901
37210522
37187363
37186156
37185577
37156388
37142314
37142105
37061639
37060338
37032908
37030892
 Jianwei Wang
37480201
37480201
37480037
37473466
37468667
37464378
37443810
37440652
37425654
37424033
37423037
37409968
37397530
37386638
37381783
37378522
37371833
37349329
37340583
37337770
37323087
 Bin Cao
37484947
37484947
37452512
37415817
37369282
37356123
37349777
37348518
37330196
37321233
37318116
37307441
37302027
37245814
37241471
37228658
37196009
37154704
37153610
37149249
37126843
Suxin Wan
34268209
34268209
32954754
32297671
32198776
 Yi Xiang
37455326
37455326
37439635
37273084
37152732
37129759
36910471
36825581
36812321
36669488
36572774
36520743
36411477
36406194
36303589
36272178
36267724
36215576
36215531
36110402
36090453
 Wei Fang
37479201
37479201
37473697
37466644
37460894
37460805
37456458
37430966
37422785
37422085
37409763
37381017
37373532
37368751
37367995
37367652
37365241
37357978
37341572
37330070
37316067
 Yu Zheng
37483471
37483471
37483408
37481616
37447502
37434732
37434457
37431852
37431231
37419404
37405054
37397709
37390766
37386523
37385626
37366827
37364687
37363699
37356146
37343868
37342439
 Boqun Li
37267805
37267805
37050110
36589044
36399879
36275526
36116323
35985384
35714481
35183585
35121551
34023650
33742892
33420687
32954754
32653610
32198776
31934679
31528787
35517649
30159537
 Yanjun Hu
37465758
37465758
37391146
37098591
37071966
36974462
36916012
36906202
36825223
36772641
36753782
36718811
36617523
36607104
36586391
36578869
36556270
36370173
36265384
36209719
36069480
 Chunhui Lang
37278743
37278743
36507607
34734022
34268209
33554183
33024082
32954754
32350462
32297671
32198776
30630805
30128023
27200262
 Daoqiu Huang
32954754
32954754
32198776
 Qiuyan Sun
37473419
37473419
37362916
37356573
37289015
37247062
37194931
36770773
36198802
35385339
33908133
35117274
32954754
32198776
31938047
31275111
31078158
27882133
26319807
25582255
17551669
 Yan Xiong
37483201
37483201
37478468
37457048
37402969
37402373
37398946
37382132
37379301
37367276
37367273
37365684
37358448
37356280
37355626
37354862
37354760
37344537
37329831
37308773
37291217
 Xia Huang
37486327
37486327
37462440
37426642
37426087
37404714
37387610
37378628
37331583
37304295
37292129
37290194
37247440
37208756
37180231
37179377
37121814
37103283
37088044
37081411
37065083
 Jinglong Lv
34268209
34268209
33554183
32297671
32198776
31253213
28259001
27498597
23266733
 Yaling Luo
36639849
36639849
35937242
35725446
35457526
34343431
33816428
32954754
32198776
31614952
31295039
28851074
23746235
23688998
23275086
23127400
23076873
22584585
22340378
21690049
21557907
 Li Shen
37483932
37483932
37474762
37469833
37468235
37459415
37455494
37453398
37453353
37451265
37449775
37448779
37440128
37439764
37429512
37429479
37424750
37418038
37417740
37415161
37403387
 Haoran Yang
37471584
37471584
37460957
37423132
37183359
37177868
37157892
37153523
37093539
36924262
36854113
36762553
36726631
36448412
36410519
36246872
36246236
36183756
36137085
36090833
35992219
 Gu Huang
37366765
37366765
36826809
36699494
36429524
36306600
35848605
35845439
35815005
35402582
34803787
34639297
33769161
33746809
33551936
32954754
32519882
32297771
32198776
32168993
31004577
 Ruishan Yang
32198776
32198776
30882628
30204388
Sara C. Auld
37386883
37386883
37346229
37325781
36871409
36737697
36483398
36420425
36331810
36281822
36227034
35916515
35877413
35432348
34979027
34464544
34314669
34259667
34242091
34125573
33823119
 Mark Caridi-Scheible
34259667
34259667
34135281
32991356
32932345
32804790
32769822
32577593
32511599
32452888
32287132
31437248
28393777
27655026
 James M. Blum
36413783
36413783
34559819
34079945
33754981
33643427
33537363
32971532
32940444
32804790
32584797
32511599
32452888
32379729
31928388
31609258
31437248
30296750
30247176
29970159
29343292
 Chad Robichaux
37469618
37469618
37418261
37345821
37043759
36152041
36102331
35877413
35815673
35434709
35100194
34673658
34624203
34259667
34091579
34079945
33954428
33823119
33206126
33176294
32991356
 Colleen Kraft
36993403
36993403
36865147
36780159
36730317
36719219
36539943
36164757
36018570
35877413
35544310
35513550
35434176
35317348
35202354
35107301
35090922
35045228
35036467
34963597
34960615
 Jesse T. Jacob
37067448
37067448
36601548
36381622
36179278
36177772
36168449
36066241
35909003
35856667
35726616
35544102
35358724
35324620
35311776
35311529
35174254
35156598
35156597
35156596
35105408
 Craig S. Jabaley
36941620
36941620
36636168
36269981
36106974
35950751
35131969
34663531
34135282
33912834
33875351
33531193
33524031
33337744
33216774
33177757
33127286
33060504
32804790
32766559
32647575
 David Carpenter
37408675
37408675
37152484
37099292
36849728
36845614
36833962
36673903
36646217
36602617
36426110
36358606
36335036
36310351
36175646
36173684
36125407
36033121
35876351
35868581
35672645
 Roberta Kaplow
36067262
36067262
34490449
34490437
33744034
33644799
33350697
33313710
32617590
32511599
32452888
30407930
28121792
28121784
27906727
27759720
27490426
27215355
26566581
26214939
24484930
 Alfonso C. Hernandez-Romieu
37192216
37192216
36660866
35934016
35419540
35119459
34499629
34499626
34237048
33914727
33882121
33872542
33823119
33537363
32971532
32804790
32497996
32452888
32379729
31667202
31263730
 Max W. Adelman
37092701
37092701
35675197
35036469
34464544
34259667
34106090
33872542
33862203
33823119
33798491
33655254
33342552
33330938
33156122
33095258
32804790
32511599
32487252
32452888
29399596
 Greg S. Martin
37415141
37415141
37257234
37028004
36993403
36712132
36639780
36612828
36583206
36519984
36467291
36443764
36297099
36284549
36063555
36044993
36018570
35976863
35709204
35551996
35527805
 Craig M. Coopersmith
37486677
37486677
37405872
37314016
37043759
37010964
37006296
36661448
36640152
36639780
36567787
36259061
36178467
36152041
36066526
35831731
35819838
35667747
35503658
35100194
34984336
 David J. Murphy
37402869
37402869
37131200
37095669
36884247
36865943
36661456
36640713
36553103
36378032
35726982
35485450
35442436
35236722
35158215
35000213
34935405
34783599
34708113
34624203
34464544
Pavan K. Bhatraju
37457915
37457915
37292692
37273234
37248708
37205332
37178093
37103955
37099286
37045721
36790189
36600780
36567786
36519995
36284548
36209335
36201483
36050993
35986336
35919517
35710995
 Bijan J. Ghassemieh
32227758
32227758
28137488
26890477
26866439
 Michelle Nichols
37139815
37139815
36689592
36634397
35962619
35951660
35819393
35759418
35415905
35355265
35198212
35144922
35105185
34887656
34840187
34767317
34284943
34197215
33913767
33470991
33350708
 Richard Kim
37483311
37483311
37454724
37406335
37359413
37358854
37340635
37243592
37230754
37224609
37210030
37195343
37192792
37165897
37146218
36967405
36942492
36932910
36803080
36796089
36738333
 Keith R. Jerome
37466213
37466213
37214809
37207227
37199630
37165032
37162835
37126090
37074875
36951943
36809468
36712077
36695358
36693927
36519118
36352021
36272098
36178789
36146679
36095012
36069983
 Arun K. Nalla
33655324
33655324
33655319
33006983
32556287
32535397
32511328
32444880
32405257
32269100
32227758
28536375
26512949
23441133
22984561
22511755
22177802
21945852
21855541
21813510
21455571
 Alexander L. Greninger
37466213
37466213
37346095
37279602
37214809
37183889
37165832
37162835
37099299
37099295
37097146
36940224
36913789
36878012
36856712
36802755
36798414
36797293
36763666
36732066
36711914
 Sudhakar Pipavath
37444527
37444527
37285083
37205332
37127203
36786906
35830884
35610068
35608267
34903059
34848676
34739887
33964516
33874973
33183067
32470156
32227758
31862440
31793991
31670294
31115618
 Mark M. Wurfel
37336058
37336058
37273234
37248708
37205332
37178093
37099286
37094100
37018921
36975209
36821369
36791309
36790189
36600780
36567786
36519995
36108888
36050993
35608267
35486077
35350814
 Laura Evans
37459888
37459888
37395055
37164574
36928012
36790189
36632444
36600780
36519991
36284548
36043503
35985343
35726987
35667747
35608267
35587274
35587214
35579918
35481878
35471939
35213552
 Patricia A. Kritek
36729002
36729002
36258878
33870323
33870317
33870282
33870281
33734938
32306488
32227758
32216877
32140601
33870265
33870264
31661296
31636831
31523994
31139732
30800944
30779527
29716910
 T. Eoin West
37457570
37457570
37020544
36877019
36814569
36570973
35994523
35961351
35852993
35608267
34909698
34848676
34727111
34478439
34394091
33986070
33874973
33602702
33593842
33534772
33221351
 Andrew Luks
37000143
37000143
36847809
36721497
36201281
35544405
35212006
35081281
34468285
33978479
33870282
33870281
33617754
33563458
33196294
33183067
33136114
33034744
32735170
32721248
32579436
 Anthony Gerbino
37424566
37424566
36781101
35311225
33204543
32227758
23588364
23304996
18071023
11744671
 Chris R. Dale
32227758
32227758
 Jason D. Goldman
37352211
37352211
37278994
37193826
37180102
36969241
36864666
36817759
36694448
36679852
36454570
35658503
35547855
35484176
35216672
35212363
35123660
34788328
34514710
34489601
34480861
 Shane O’Mahony
 Carmen Mikacenic
37336058
37336058
37205332
37125997
37099286
36821369
36600780
36567786
36519995
35608267
35486077
35157553
34909698
34812186
34767537
34758269
34754946
34740959
34652268
34593707
34526076
