Marie Lin
36653363
36653363
36211462
35968323
34417613
34335258
33579185
33170928
33015042
32951225
32064166
31747896
31681604
31572184
31337981
31126873
30813905
30200573
30061310
29956794
29348487
 Hsiang-Kuang Tseng
35099617
35099617
26437710
23932366
23613973
23124364
23028773
22487510
22418440
21424606
21226635
20182669
19597648
18473100
18360324
18087630
17572502
15849052
14582559
12969506
12886965
 Jean A Trejaut
36653363
36653363
31747896
30813905
26781090
24965575
24713204
24225453
21281460
18359946
15984912
12969506
 Hui-Lin Lee
34912857
34912857
33398239
31080604
29030871
26485142
20461227
20353806
19893308
19243543
19210322
12969506
 Jun-Hun Loo
34417613
34417613
34388371
33753512
33170928
31747896
30813905
26781090
24965575
24713204
24225453
21295281
21281460
21272441
19755666
18359946
18208337
15984912
12969506
 Chen-Chung Chu
37180576
37180576
35746775
35631599
35561305
34768994
34335603
33266210
33194949
33185873
32750008
32551205
32455704
32362042
31515149
30598081
30061310
29383806
29283424
26522403
26518904
 Pei-Jan Chen
24935648
24935648
17548024
16935764
16769459
16484768
16434329
15837019
15302738
14582559
12969506
 Ying-Wen Su
36273268
36273268
33734329
32961983
32195970
30344425
30150877
30068339
30035369
29413056
25447704
24769813
21559372
19380367
18782533
16520834
16273649
15735923
15205605
12969506
 Ken Hong Lim
36233014
36233014
34785653
34604100
33734329
33171840
33146402
33004801
31619200
30705677
30068339
30035369
29413056
29100304
28787001
28415571
28389907
27418193
25447704
22897350
22607679
 Zen-Uong Tsai
36404356
36404356
25748390
12969506
 Ruey-Yi Lin
35560343
35560343
26521982
24411084
23171012
12969506
12148968
 Ruey-Shiung Lin
26218618
26218618
24996444
22562661
22189374
21740558
18218575
18194906
17316602
12969506
12966126
12922134
12604501
12590017
12547860
12071544
 Chun-Hsiung Huang
35765082
35765082
35085045
33259866
33135462
32099357
31022284
30967692
30245408
29405593
27780919
26861489
25952769
25841346
25539687
25202411
24384946
24051557
23541265
23359804
23354566
Satoru Itoyama
26898666
26898666
23427693
22479730
21861445
21490191
20587194
19860256
19445991
18628588
15937940
15766558
15381116
15301032
 Naoto Keicho
37469437
37469437
37277434
37260176
36406405
36237431
35579455
35354703
34193941
32823923
32016610
32010116
31706080
31701675
31653940
31493487
31492902
31345208
31270959
29049400
28684565
 Tran Quy
37480973
37480973
37017706
36988351
36167278
36141885
35978686
35085859
34638760
33637080
33392818
33097302
33021616
32712435
32354353
31887494
31765411
31405038
31096694
31022551
30922704
 Nguyen Chi Phi
19445991
19445991
16014825
15937940
15766558
15381116
6807843
7250813
 Hoang Thuy Long
19445991
19445991
19435433
18806349
17326934
16474080
16044011
16014825
15937940
15847619
15794988
15766558
15381116
15243066
14985470
14695953
14628946
 Le Dang Ha
25253616
25253616
19445991
18806349
15937940
15766558
15381116
15030707
15030695
12711827
12145542
9296804
 Vo Van Ban
19445991
19445991
18806349
16014825
15937940
15766558
15381116
 Jun Ohashi
37423942
37423942
36902191
36897532
36879818
36549550
35653364
35264675
34970365
34825436
34551727
34471020
33900438
33734601
33654122
33526815
33485062
33320907
33308178
33173092
33051579
 Minako Hijikata
37469437
37469437
37277434
37260176
36406405
36237431
35579455
34193941
32010116
31706080
31701675
31653940
31493487
31345208
31270959
29049400
28684565
28619797
27756230
26830115
26439971
 Ikumi Matsushita
29049400
29049400
27756230
26439971
24955986
24952212
23220500
23160781
22685600
22387151
22057826
21886824
21418657
20981447
19710920
19450241
19405864
17419376
15948196
15937940
15778901
 Akihiko Kawana
37392844
37392844
37101265
36682606
36439134
36047180
35995775
35945007
35940203
35931413
35717376
35685850
35461771
35242516
35095536
34868804
34707041
34546168
34386405
33952418
33576124
 Hideki Yanai
36823074
36823074
36725857
36700869
35918782
35470969
35091638
34787541
34284090
33542050
32949880
32514122
31563472
31548561
31357936
31109976
30072734
29781872
28878339
28182078
28025511
 Teruo Kirikae
36951922
36951922
36906175
36802173
36778852
36748583
36466648
36445156
36378829
35862995
35812645
35762817
35702275
35389240
35290756
35134503
35077720
34645409
34494947
34431761
34284125
 Tadatoshi Kuratsuji
19284246
19284246
18806349
18095093
17186956
17122009
17108078
16506090
16368226
16321647
16127079
16127047
16116260
16111269
16014825
15937940
15766558
15623961
15623960
15507784
15381116
 Takehiko Sasazuki
37418020
37418020
35245125
35037229
34543685
32984042
29246901
28933585
28649004
27764698
27091392
26802026
26791860
26768690
26432889
26283684
26061804
25801860
25733579
25519752
25453050
KC Allen Chan
33752803
33752803
 Nelson LS Tang
31996363
31996363
31978815
31037590
28097915
18991844
 David SC Hui
36803917
36803917
36201636
36081282
36057383
35981728
35514306
35183827
35140064
34910996
34746725
34386745
34320389
33655259
33564773
33383088
33214892
32315724
31648548
29238182
26640077
 Grace TY Chung
23878065
23878065
19718711
 Alan KL Wu
 Stephen SC Chim
 Rossa WK Chiu
35451374
35451374
33752803
21327153
17574086
 Nelson Lee
37467017
37467017
37342349
36580020
36482289
36338460
36204668
36199248
36114913
35881014
35603673
35550376
35509398
35143105
35125406
35085510
35069556
35045989
34863395
34775030
34406813
 KW Choi
37422214
37422214
37392794
37364302
37270588
37216445
37196783
37178787
37177599
37144330
36989782
36907254
36864503
36781138
36585115
36572366
36533371
36472193
36288640
36209342
36202799
 YM Sung
37121972
37121972
36852688
35062663
34811487
34740497
34164182
33591447
32217922
32120117
32117468
31568829
31540107
30695717
30578037
30308951
30205569
30205430
29875425
29852961
29700292
 Paul KS Chan
37114968
37114968
36201636
36057383
35464809
35167995
35082169
34627840
34320389
33431578
32690600
32504744
32315724
31942825
31323249
30676312
30575267
24843684
22862784
22571619
22219602
 YK Tong
37255194
37255194
36980772
35667869
35053569
34161675
33692028
33576030
33546754
33163269
33074587
32934314
32726920
32399431
32217076
32162306
31795192
31220931
30978501
30155936
30037330
 ST Lai
37486637
37486637
37482997
37461096
37456948
37456820
37451959
37445971
37444399
37443695
37443337
37442689
37440247
37438486
37437813
37432714
37432681
37430790
37430140
37428882
37420015
 WC Yu
37481764
37481764
37463500
37456934
37400402
37370187
37345642
37340550
37319302
37143232
37007455
36912649
36583432
36425163
36377651
36250900
36194162
35998886
35975623
35938613
35808543
 Owen Tsang
36103567
36103567
36103496
36052544
35618731
35466962
35398786
35262035
35234870
35095881
35083867
34915551
34746725
34718428
34419925
34326343
34089541
33991510
33765681
33655259
33568452
 YM Dennis Lo
33752803
33752803
23459720
21327153
17574086
16325316
Emi Hamano
23573306
23573306
23220500
23160781
21917081
21702040
19816938
16423273
15766558
15735059
15588045
14512323
 Satoru Itoyama
26898666
26898666
23427693
22479730
21861445
21490191
20587194
19860256
19445991
18628588
15937940
15766558
15381116
15301032
 Fumiko Kirikae
34232083
34232083
33335804
27605010
27245411
25846955
17596354
17283098
17108078
16420032
15937940
15766558
15297495
14515268
12788358
12516772
12403910
12153568
11599735
10670563
10229544
W. K. Eddie Ip
36630565
36630565
32142678
28473584
25959047
23644505
22018470
20483752
19594626
18611155
18180310
17552055
16672072
16424207
15838797
 Kwok Hung Chan
37112634
37112634
36992081
36706582
36357955
36314829
36314802
36304475
36195094
36016336
35891286
35874954
35762834
35750868
35578759
35545127
35418598
35414865
35398786
35285250
35254121
 Helen K. W. Law
36860208
36860208
36452236
36091106
35982051
35526805
35326424
34504826
34174900
34017854
32793501
32337502
32322559
31963305
31791089
31652980
31578376
31331640
30693021
29778235
29487339
 Gloria H. W. Tso
34881192
34881192
33205021
30385579
29755472
22171069
20222014
16672072
15838797
 Eric K. P. Kong
15838797
15838797
 Wilfred H. S. Wong
37283971
37283971
37157992
36949953
36801010
36604522
36430065
36424655
36097891
36078256
36056400
35980728
35970832
35967602
35805550
35805042
35764637
35730665
35668084
35627106
35597945
 Yuk Fai To
19107930
19107930
16231358
15838797
 Raymond W. H. Yung
35884553
35884553
18525084
18272316
18272314
17540042
16989976
16672072
16267760
16145100
16033804
15855519
15838797
15515016
15364765
15324545
15194253
14532237
12812724
12747883
11923387
 Eudora Y. Chow
36051074
36051074
25938343
25526816
22929979
20876330
18759765
17570115
17540042
17371589
16840232
16672072
15838797
15361738
14531923
12403497
12010673
 Ka Leung Au
25526816
25526816
23675068
17540042
15838797
 Eric Y. T. Chan
36989417
36989417
36842494
24728535
24473998
22682027
22342549
21636866
21232772
20026564
18581154
18382022
17570115
17540042
17513577
17166992
16924523
16725199
16672072
15838797
15801016
 Wilina Lim
23806666
23806666
22615319
22608100
22212717
22186145
21666209
21666208
21377411
21264869
20872705
20827776
20622713
20031069
20022296
19956765
19778458
19736041
19722912
19627248
19523305
 Jens C. Jensenius
36805857
36805857
34707385
33847929
33340093
32601370
32583419
32240160
32165720
32047495
32007302
30814659
30349535
30294330
29907670
29632534
28701383
28258200
28104818
26850322
26826565
 Malcolm W. Turner
34199701
34199701
26006049
19709662
16369192
16041047
15838797
15569696
15381182
15127191
12370377
 J. S. Malik Peiris
36314802
36314802
36298653
36108092
35858844
35701327
35675370
35618731
34932446
34642671
34545790
34467820
34301433
34095780
34089541
33991510
33723452
33594050
33500101
33269347
33168346
 Yu Lung Lau
37480474
37480474
37403902
37398664
37157992
37020259
36949953
36884218
36801010
36703986
36604522
36554390
36517469
36324795
36203563
36149830
36046232
36030644
36003331
35970832
35947323
