Wei-jie Guan
37377656
37377656
37349537
37161410
37143843
37038356
37005365
36949966
36731904
36707228
36463140
36435264
36334726
36323380
35896532
35863486
35789796
35788298
35431398
35415184
35401988
 Zheng-yi Ni
32269086
32269086
32217650
32109013
29270742
28196469
26770443
25532347
19080568
 Yu Hu
37483428
37483428
37474589
37469329
37458465
37455405
37387456
37383704
37382653
37375813
37356744
37348791
37348711
37340322
37338773
37336233
37332931
37332092
37305484
37304546
37293221
 Wen-hua Liang
36463341
36463341
35529784
35070748
34350256
34249693
33972215
33684635
32922551
32341104
32269086
32217650
32109013
26420475
26265236
25684486
25227859
22432756
20885962
 Chun-quan Ou
37273056
37273056
37231511
36630176
36563486
36480259
36472963
36298452
36262223
35497987
34986169
34925066
34663285
34545525
34247007
33964914
33623129
33589602
33184424
33061340
32895296
 Jian-xing He
37453674
37453674
37316692
37092136
36441397
35529784
35431398
35416686
35221789
35070748
34742287
34676091
34350256
34086187
33684635
33209449
33128699
33122591
33052556
32900484
32363045
 Lei Liu
37483430
37483430
37481946
37481151
37478720
37478163
37477871
37475708
37463541
37463020
37461770
37461391
37461207
37449199
37448746
37441237
37438872
37436938
37434986
37432456
37426132
 Hong Shan
37470182
37470182
37466648
37392683
37375039
37321327
37250155
37215991
37209953
37192555
37145165
37067505
36875610
36861200
36852185
36812312
36797661
36620304
36183166
36076805
36067000
 Chun-liang Lei
35676810
35676810
35398501
32910179
32406576
32269086
32217650
32109013
30066945
27956805
23855133
22919746
22152253
20979782
20128961
19799020
19799011
18574539
17971947
17971943
17653306
 David S.C. Hui
37469595
37469595
37469451
37321617
37245544
37230106
37020833
36876655
36752709
36751398
36721738
36652990
36357381
36271047
36065624
36031687
35926878
35670259
35618731
35603297
35551155
 Bin Du
37460182
37460182
37446766
37403229
37377187
37330646
37316297
37299368
37232910
37231341
37216192
37199881
37182534
37177158
37125468
37116242
37116228
37113396
37099908
37087945
37054484
 Lan-juan Li
37433872
37433872
36361574
36151023
35978827
35098177
34844617
34303609
34222485
33959221
33810987
33728315
33594193
33203355
33186134
33177795
33093629
33067215
32902336
32902232
32641121
 Guang Zeng
37406638
37406638
37400442
37374609
37364058
37340794
37223466
37218584
37197679
37080437
36857697
36745920
36745900
36585770
36578144
36555037
36503163
36473621
36142802
36135483
36048127
 Kwok-Yung Yuen
37474466
37474466
37435542
37279466
37223243
37158848
37122119
37113328
37112634
37101119
37090592
37083859
37068258
37045873
36992395
36857860
36706582
36697369
36662861
36591327
36529763
 Ru-chong Chen
34350256
34350256
32406576
32269086
32217650
32109013
26519198
23296442
22932015
21914323
21211410
19957775
19620041
19460688
16749992
16677450
16324269
16207433
16207397
16008858
 Chun-li Tang
37439480
37439480
37073792
36657427
36435264
36104691
34795959
34437708
34412056
34400075
34350256
34164271
34044660
32269086
32217650
32109013
30319251
30227423
27522957
23372364
22759329
 Tao Wang
37485687
37485687
37484531
37483241
37482970
37480594
37478850
37477881
37474444
37470905
37470826
37468168
37467718
37466431
37463940
37462055
37461596
37460861
37455771
37454679
37453380
 Ping-yan Chen
37380233
37380233
35863486
34916327
34509996
32910179
32217650
32109013
30419000
29805771
29508862
29390255
29312646
28866117
28746193
27852590
27814269
27613670
27195597
26911048
26911029
 Jie Xiang
37480969
37480969
37457490
37421950
37284329
37193858
37184873
37175535
37151651
37142180
37096093
37087829
37071536
37064198
37056799
37032875
37020229
37008327
37000674
36965245
36925297
 Shi-yue Li
37439480
37439480
37377656
37073792
36657427
36303919
36104691
35732973
35221789
34795959
34437708
34412056
34400075
34350256
34164271
34044660
33816312
33569188
33477146
32910179
32859395
 Jin-lin Wang
37359534
37359534
36585301
36157936
36059669
34931822
34842425
33549025
33474937
33029389
32413915
32359081
32109013
31736772
31544294
30098730
29448528
28280139
24980013
24433803
24053967
 Zi-jing Liang
32109013
32109013
24060327
25214959
 Yi-xiang Peng
32269086
32269086
32217650
32109013
18723357
18403194
 Li Wei
37483541
37483541
37482369
37482006
37480440
37480118
37480108
37477650
37476614
37475712
37471710
37470677
37469204
37468964
37468168
37467972
37467944
37467664
37467467
37465161
37464415
 Yong Liu
37484617
37484617
37481870
37478186
37475440
37475366
37475269
37474626
37474106
37470836
37468667
37460648
37459760
37456759
37451625
37450740
37449526
37447900
37447825
37447755
37445110
 Ya-hua Hu
32269086
32269086
32217650
32109013
 Peng Peng
37486420
37486420
37470699
37427811
37395163
37363234
37332769
37327642
37290905
37285951
37275829
37275360
37273640
37168526
37145881
37105815
37093728
37093211
37091140
37085099
37083136
 Jian-ming Wang
37035335
37035335
36097601
35845156
35529917
35383565
35231903
35186676
34296577
33992546
33181680
33148337
33117424
32641095
32368294
32337260
32321473
32309186
32269086
32217650
32109013
 Ji-yang Liu
36927641
36927641
36916026
36000153
34967028
34916443
34408447
33235253
32548167
32269086
32217650
32109013
 Zhong Chen
37468427
37468427
37462298
37460011
37451462
37442785
37436163
37435231
37429215
37424243
37406903
37398672
37381425
37381311
37376312
37370000
37351131
37332198
37330931
37316368
37315592
 Gang Li
37483216
37483216
37481646
37481555
37478601
37474116
37466408
37463133
37463122
37462149
37457005
37450348
37449402
37448040
37446291
37444355
37441706
37441007
37439095
37438694
37438395
 Zhi-jian Zheng
35403410
35403410
34730276
34561330
34409799
32269086
32217650
32109013
24961504
18306761
16883836
 Shao-qin Qiu
32968624
32968624
32269086
32217650
32109013
 Jie Luo
37475624
37475624
37474992
37471539
37454382
37450733
37430910
37430076
37419802
37395069
37389595
37374807
37369257
37367858
37364891
37360171
37345702
37336089
37323948
37308869
37292474
 Chang-jiang Ye
36686860
36686860
32269086
32217650
32162137
32109013
30350520
 Shao-yong Zhu
32269086
32269086
32217650
32109013
 Nan-shan Zhong
37377656
37377656
37324081
37301869
37038356
37005365
36731904
36698411
36183369
36183058
36003626
35993575
35896532
35863486
35689221
35641080
35401988
35318858
35232329
35224468
35174169
Ning Tang
37458565
37458565
37451788
37444301
37444251
37436838
37394216
37356947
37350946
37349395
37334181
37331323
37311408
37304138
37290134
37199976
37182957
37175730
37154802
37116559
37103758
 Dengju Li
37337136
37337136
37223096
37011912
36799536
36735519
36313145
36163632
36000952
35866832
35780531
35572515
35383885
35089492
34093541
34044841
33495363
33300383
33292593
33251234
33192510
 Xiong Wang
37418977
37418977
37416683
37381487
37355503
37353602
37316489
37310918
37212360
37144516
37064115
37053003
37022915
37011912
36960498
36893114
36863250
36848228
36838695
36838641
36818190
 Ziyong Sun
37337136
37337136
37187534
36702072
36700687
36590586
36581808
36369683
36233840
36233689
36123381
36100403
36003928
35807065
35636821
35607955
35574713
35421504
35401532
35307424
35265633
Huijun Chen
37478580
37478580
37449919
37382519
37336073
37276212
37275141
37253163
37098082
37043771
36949405
36861936
36860042
36853181
36819282
36721855
36713439
36519361
36484231
36207687
36191857
 Juanjuan Guo
37125034
37125034
36604052
36299991
35942315
35893254
35745243
35402538
35346196
35341008
35282019
35282006
35071136
34947599
34889903
34876109
34557548
34217791
33850202
33827559
33708138
 Chen Wang
37482204
37482204
37478594
37476177
37475736
37475520
37474226
37469180
37468986
37468236
37467750
37460623
37460172
37459517
37457928
37457850
37455937
37451907
37450717
37450109
37449253
 Fan Luo
37308156
37308156
37268224
37247880
37198140
37177860
37122006
37016312
37004608
36977125
36946014
36927705
36758645
36698670
36618634
36614547
36531369
36484372
36405921
36376834
36361361
 Xuechen Yu
37450575
37450575
36632873
36374040
36370068
36312556
35917645
35629007
35479098
35071136
34553022
34213377
33937083
33309944
32335053
32161604
32151335
32039036
31488087
31143195
30867416
 Wei Zhang
37485595
37485595
37484667
37482217
37481882
37480646
37480248
37479708
37478946
37477897
37477276
37476166
37475869
37475632
37475309
37474935
37474626
37474589
37469566
37469556
37469210
 Jiafu Li
37454705
37454705
37450819
37410379
37247674
37235225
36739019
36733450
36706410
36643972
36306755
36306747
36181990
36035187
35938673
35388926
35355717
35209354
35178403
35041127
34807085
 Dongchi Zhao
36409451
36409451
36341376
36224006
35782827
35637792
35496212
35071136
35028292
34618327
34332182
33996675
33857805
33854430
33850202
33677796
33224906
32887670
32850529
32774150
32505462
 Dan Xu
37486731
37486731
37485679
37475354
37469772
37462548
37462544
37459266
37457889
37444259
37434106
37419368
37418668
37417713
37407573
37386831
37372180
37352949
37341909
37335206
37334908
 Qing Gong
37125192
37125192
36414028
36371574
36341698
36308940
36002810
35866203
35432583
35315365
34435521
34323080
34222242
34173349
34060883
33986196
33634130
33391472
33324412
32652328
32606763
 Jing Liao
37474888
37474888
37463924
37460871
37458111
37452066
37441638
37428659
37425395
37399715
37394245
37391766
37377067
37295013
37279137
37257256
37240099
37206002
37182930
37181884
37130331
 Huixia Yang
37474299
37474299
37468986
37336424
37287743
37244638
37152930
37122528
37026857
36989681
36937287
36914957
36874460
36802507
36777355
36741990
36729357
36589946
36479286
36465614
36421190
 Wei Hou
37481163
37481163
37465295
37460041
37443440
37415128
37390091
37382270
37367765
37342565
37331473
37309066
37308156
37270638
37254311
37237762
37219709
37126308
37119503
37111499
37093556
 Yuanzhen Zhang
37368392
37368392
37248651
37154866
37038227
37037937
36909340
36464167
36303086
36299991
36178661
36078169
36035187
35989335
35961521
35745243
35600595
35593475
35590366
35524630
35467265
Chaolin Huang
37321233
37321233
37197655
36964546
36737007
36669700
36563943
36504959
36465627
36377589
36276838
36188433
36059472
35958873
35807717
35784642
35419371
35234623
35116556
34950119
34876996
 Yeming Wang
37434854
37434854
37369282
37337997
37321233
37026906
36828006
36716195
36478734
36188433
36093094
36045658
35748704
35611349
35568052
35355793
35345417
35317717
35234623
35155477
35074630
 Xingwang Li
37388929
37388929
37329905
37324081
37083265
37071534
36750637
36746345
36702236
36699448
36468021
36409451
36291307
36060150
36009934
35492695
35365808
35341173
35222513
35170409
35154615
 Lili Ren
37409968
37409968
37378522
37321233
37275765
37252111
37246325
37218108
37218019
37196129
37191515
37182102
37179120
37153704
37115917
37092817
37059987
37037791
37030459
37027968
37026872
 Jianping Zhao
37473504
37473504
37346551
37255213
37237310
37194612
37163068
37142578
37117273
37111842
37110567
37059987
37056936
37042826
37025008
37022025
36946608
36850124
36809694
36754276
36752798
 Yi Hu
37479200
37479200
37467367
37458833
37452727
37449971
37444234
37431434
37429528
37416771
37409118
37401413
37389238
37386359
37358680
37348164
37340201
37339215
37328779
37308490
37291975
 Li Zhang
37486420
37486420
37486153
37485882
37484525
37483523
37480014
37478270
37478238
37477378
37475116
37471667
37467977
37467357
37466874
37465924
37463493
37463246
37463001
37462709
37462215
 Guohui Fan
37321233
37321233
37204755
37056988
36795456
36226154
35990949
35928619
35883052
35513826
35473747
35433747
35401364
35385369
35155477
35074630
35001555
34872515
34583675
34534435
34222179
 Jiuyang Xu
37321233
37321233
36804909
36625734
36187745
35155477
35074630
34454673
34326192
34246397
33734013
33428867
33421381
33403736
33271074
33079200
33010835
33007478
32840287
32675205
32635916
 Xiaoying Gu
37321233
37321233
36744132
36619810
36316630
35898809
35755062
35697052
35678952
35611349
35602490
35568052
35563622
35458712
35345417
35219375
35155477
35131324
35074630
35054949
34950055
 Zhenshun Cheng
37448884
37448884
37186434
37074394
36925352
36907990
36863160
36852973
36497185
36044099
35755062
35428349
35355710
35332684
35108608
35002722
34873151
34539392
34517383
34315392
34152707
 Ting Yu
37482887
37482887
37385099
37375414
37340824
37340423
37335900
37333592
37329852
37328300
37284884
37270965
37261895
37257812
37256919
37243666
37243598
37218529
37202601
37189163
37181910
 Jiaan Xia
34454673
34454673
34379989
34355001
33522958
33167955
32631393
32200645
32187464
32167524
32105632
32007143
31986264
31368243
28224433
 Yuan Wei
37479506
37479506
37476942
37460872
37456304
37455079
37454562
37449493
37446537
37443030
37442135
37439870
37437160
37417966
37406171
37400468
37393818
37393242
37357223
37355762
37349531
 Wenjuan Wu
37457964
37457964
37390248
37374444
37325938
37296408
37290709
37241626
37240006
37232012
37216181
37186513
37182966
37179940
37170112
37121413
37110584
37055743
37054536
37018476
36845019
 Xuelei Xie
32187464
32187464
31986264
 Wen Yin
37483815
37483815
37455967
37418941
37379354
37378895
37312398
37308837
37264314
37233394
37223541
37190838
37187773
37186377
37182404
37167072
37161054
37113063
37029335
37016525
36976061
 Hui Li
37486036
37486036
37482605
37481223
37480786
37479889
37479639
37478758
37478188
37477105
37475506
37475064
37475063
37475062
37474742
37471657
37471643
37471263
37471187
37467387
37467131
 Min Liu
37485264
37485264
37483026
37481960
37481677
37480702
37480159
37479016
37478186
37477156
37474454
37474052
37468556
37467841
37466365
37466201
37464421
37457699
37456564
37452495
37451839
 Yan Xiao
37468005
37468005
37466749
37466158
37440308
37439923
37439787
37429558
37420156
37418854
37385357
37378522
37357387
37354441
37348568
37334070
37328934
37303679
37295640
37282788
37277052
 Hong Gao
37477228
37477228
37474867
37444310
37441493
37432892
37431213
37333963
37330093
37327511
37315670
37313579
37308423
37296072
37275647
37270931
37266413
37262161
37262156
37262146
37259829
 Li Guo
37485903
37485903
37481785
37480605
37480526
37479824
37479654
37478939
37475514
37458226
37454306
37453509
37447607
37441984
37440909
37439340
37437082
37434235
37427716
37423159
37422272
 Jungang Xie
37056936
37056936
36754276
36578523
36437626
36309899
35785161
35550579
35309511
35168451
35083875
35035670
34746180
34690806
34497752
34368225
33949204
33814982
33666250
33407543
33326955
 Guangfa Wang
37353059
37353059
37294146
37283786
37231445
37201123
37156734
36929680
36882820
36847254
36752798
36693330
36317759
36317750
36176735
36108598
35948453
35911750
35813714
35748174
35713422
 Rongmeng Jiang
37457852
37457852
36409451
36342811
35399246
35186107
35153846
34632732
34618327
34592958
34586608
33024057
32660627
32606209
32535730
32431566
32333248
32217104
32180140
32069255
31986264
 Zhancheng Gao
37480410
37480410
37059987
37029178
37004351
36863991
36844402
36805609
36677496
36646189
36601290
36550436
36514799
36474604
36357898
36201141
36176576
36120657
36070516
36003191
35966877
 Qi Jin
37442390
37442390
37425654
37423564
37376391
37376028
37370851
37367904
37356723
37351901
37210522
37187363
37186156
37185577
37156388
37142314
37142105
37061639
37060338
37032908
37030892
 Jianwei Wang
37480201
37480201
37480037
37473466
37468667
37464378
37443810
37440652
37425654
37424033
37423037
37409968
37397530
37386638
37381783
37378522
37371833
37349329
37340583
37337770
37323087
 Bin Cao
37484947
37484947
37452512
37415817
37369282
37356123
37349777
37348518
37330196
37321233
37318116
37307441
37302027
37245814
37241471
37228658
37196009
37154704
37153610
37149249
37126843
Xiao-Wei Xu
36992601
36992601
35908635
35853240
35680806
35029093
34817732
34662283
34303609
34222485
34095025
33093629
32608726
32210430
32075786
31871940
31477524
31396034
31319688
31204565
30519500
 Xiao-Xin Wu
36680710
36680710
36329446
34844617
34303609
33203355
33093629
32450532
32267217
32213556
32075786
31559514
30539875
30355918
30235711
30151008
29858958
29617693
29343809
28903457
27413717
 Xian-Gao Jiang
35932973
35932973
35148485
35071512
34327212
33268103
32075786
 Kai-Jin Xu
36151023
36151023
33843160
33833065
32443291
32213556
32075786
30089437
29337651
26645972
26361838
25915177
25692413
25621975
25607773
25308359
17349167
16677148
15908329
15593386
 Ling-Jun Ying
32592903
32592903
32075786
21492507
 Chun-Lian Ma
34128861
34128861
33594193
32553881
32075786
27702635
 Shi-Bo Li
33218423
33218423
33167900
32075786
29790233
26550147
23006433
21205470
18067786
17407706
16381637
 Hua-Ying Wang
37271788
37271788
35875417
34085796
33888127
32075786
31641482
30793209
30131908
27399120
26045992
26038133
25117915
24351835
24260405
23644919
22169518
21868322
21488214
20646447
20065761
 Sheng Zhang
37485386
37485386
37470416
37456720
37453553
37448513
37441236
37439118
37422687
37420410
37417927
37405518
37398457
37395473
37394483
37384415
37381357
37379293
37372233
37351109
37349326
 Hai-Nv Gao
35098177
35098177
33594193
33536460
32277591
32075786
26535889
26482389
25462187
25328390
23697469
23251460
20939118
 Ji-Fang Sheng
36246814
36246814
35737855
34215497
33843160
32893534
32748578
32641121
32618658
32425008
32425002
32075786
29664746
29334786
26666939
26361838
25915177
25753630
25553110
25182636
25034855
 Hong-Liu Cai
32425003
32425003
32075786
19930887
 Yun-Qing Qiu
36470909
36470909
32618658
32213556
32075786
24632756
24339194
23983378
23983374
20487645
18710633
17948942
17554617
16624118
16409787
 Lan-Juan Li
37433872
37433872
36361574
36151023
35978827
35098177
34844617
34303609
34222485
33959221
33810987
33728315
33594193
33203355
33186134
33177795
33093629
33067215
32902336
32902232
32641121
