Kapil Goyal
37356827
37356827
36926791
36611040
36510884
36352332
36348601
36048462
35921029
35859443
35843834
35818743
35813974
35411310
35255945
35144268
35072908
35057352
34858515
34578363
34518804
 Poonam Chauhan
36800046
36800046
35144268
33778131
33402771
32805625
32143142
30286308
27651580
 Komal Chhikara
36352332
36352332
34623039
34458122
33778131
33045499
32805625
32143142
 Parakriti Gupta
37258877
37258877
36680660
36583799
36464534
36107849
36103034
35908730
35846554
35680475
35640523
35605751
34935187
34924213
34864114
34848326
34598110
34598109
34518804
34403308
33859953
 Mini P. Singh
37356827
37356827
37251844
37097038
37005272
36926791
36611040
36510884
36384482
36352332
36279515
36156752
35965883
35921029
35818743
35799110
35488689
35411310
35261492
35257382
35144268
Mohammed A. Mamun
37462021
37462021
37418465
37404453
37379515
37237354
37235547
36942222
36849735
36703121
36639808
36542619
36538518
36458508
36383509
36289590
36264962
36250199
36159266
36116446
35966488
 Mark D. Griffiths
37474903
37474903
37426415
37402114
37384332
37365830
37363769
37363768
37362061
37347048
37310881
37285663
37276845
37255996
37243668
37235547
37229841
37215895
37215671
37212327
37211655
Swapnajeet Sahoo
37485405
37485405
37397841
37361926
37321152
37204019
37194641
37128162
37063632
36926791
36752260
36685334
36591545
36573290
36510884
36476516
36380513
36327602
36157017
35944405
35859562
 Seema Rani
37456480
37456480
37209167
37083713
36704134
36384385
36059414
35895355
35801341
35283506
35223150
35091388
34854408
34800635
34467902
34430480
34387287
34214241
34102925
34089386
33871678
 Shaheena Parveen
37228934
37228934
36814738
36332174
35793040
35066753
34755432
32773883
32334406
32325391
26531066
25283265
23512211
23432600
19881189
 Ajay Pal Singh
36993133
36993133
36945793
36254637
32773880
32334406
32325391
28747340
28507962
27663749
26716083
25983489
24783388
24608459
24103833
23960295
22863336
22682272
22491440
21801666
21635799
 Aseem Mehra
37485405
37485405
37397841
36926791
36874514
36752260
36591545
36510884
36157017
36060715
35944405
35859562
35716578
35712741
35694064
35605794
35602359
35494322
35400742
35091388
35017812
 Subho Chakrabarti
37485413
37485413
37485402
36925949
36579354
36458085
36277584
36186500
36119313
36060714
35978971
35763756
35716578
35136257
35110916
34861750
34844176
34789934
34789931
34706426
34674403
 Sandeep Grover
37485413
37485413
37485410
37485405
37485402
37480281
37454153
37427307
37402314
37397846
37397841
37385885
37361926
37357900
37308390
37204975
37204973
37204019
37163945
37163943
37160468
 Cheering Tandup
32325391
32325391
Chien-Cheng Huang
37352286
37352286
37004732
36961810
36755235
36345392
36343020
36250072
36171402
36079781
36071315
36011155
35984195
35441929
35317735
35292677
35241346
34941183
34899553
34554705
34324759
 David Hung-Tsang Yen
36313609
36313609
35995033
35620815
35565864
35217477
35053196
34886271
34495880
34380992
34330333
34200689
33871390
33871389
33796570
33571750
33503811
33466634
33361553
33342706
33165287
 Hsien-Hao Huang
36313609
36313609
35995033
35887145
35565864
35217477
34886271
34393186
34200689
33871389
33571750
33503811
33165287
33142189
33133392
33122129
32966944
32168079
31311299
31181641
31094862
 Wei-Fong Kao
37272526
37272526
36457462
36417369
36194166
35568140
35442441
34708714
34169917
34077867
33690866
33172083
32725886
32132735
31770190
31378298
31335708
29902218
29731386
29680866
29287703
 Lee-Min Wang
28259227
28259227
24321123
22480254
22433586
21450057
20634255
20347122
19141835
21754958
18818136
18787996
18194914
17984340
17927297
17908653
17875061
17693925
17276846
17276805
17157706
 Chun-I Huang
25700322
25700322
25240304
24200546
22320363
21982470
21781143
20887911
20887907
20825846
20647963
20623363
20189704
20171587
20051736
20006208
20005424
19935106
19857417
19837652
19762321
 Chen-Hsen Lee
35259131
35259131
34061810
33009242
31531721
27580513
26914762
26402533
25700322
25685337
25394245
23920988
23364435
23186064
23081821
23050785
23015367
22328572
22320363
22299774
22220168
Olaoluwa Okusaga
36582498
36582498
36548028
36343352
35128521
34648081
34599734
34428355
34208079
34177652
32982068
31014468
30909230
30315442
29908484
29404313
29329043
29160529
28435992
28334045
28257173
 Robert H. Yolken
37396339
37396339
37391529
36690687
36059003
35947355
35821107
35759748
35636034
35618885
35606640
35405182
35388401
35360122
35304580
35243408
34935171
34804013
34493708
34213825
34126122
 Patricia Langenberg
32201859
32201859
31792670
30604373
30410041
30171037
29846623
29788137
29778651
28833488
28746260
28692905
28431853
28343854
28215714
27070351
27703391
27332765
26594873
26284687
26278419
 Manana Lapidus
28692905
28692905
25815263
22329476
22210362
21605657
21404884
21030090
20010026
18167612
19430577
17525822
 Timothy A. Arling
21030090
21030090
20010026
 Faith B. Dickerson
37378972
37378972
35947355
35206449
34308355
32530472
30800079
30478008
30042076
29912799
29742478
29552990
27929612
27871802
27336058
26461436
26336637
26052224
25985201
25666826
24940526
 Debra A. Scrandis
37097095
37097095
34397774
32332228
31335496
30672861
30234822
29240618
29083536
29076628
27851702
27347253
25815263
25208039
23708778
21030090
20010026
18924606
18167612
17982562
17252963
 Emily Severance
36652488
36652488
36528121
35947355
35947353
35543867
35243408
34213825
34006428
33632634
33516923
33321464
32625121
32334937
31182619
30847804
30631636
30515345
30471416
30037790
30022042
 Johanna A. Cabassa
32917397
32917397
32823051
28692905
22329476
21030090
20010026
18167612
 Theodora Balis
28692905
28692905
25815263
23667796
23164460
22329476
21030090
20010026
19723745
18167612
20352033
 Teodor T. Postolache
37481129
37481129
37081054
36276331
36233250
36077219
35955479
35812820
35550645
35379151
35153869
35078975
34988495
34887622
34739164
34648081
34583100
34177652
33988928
33650257
33293092
