Mario Fernández-Ruiz
37479034
37479034
37234795
37212269
37185851
37168523
37088690
37061092
37052168
37028515
36808482
36776902
36697288
36659870
36644565
36482892
36367924
36358114
36271650
36148506
36042550
 Amado Andrés
 Carmelo Loinaz
36273959
36273959
36058531
35965144
35909015
35790677
35262977
35255179
34846790
34805496
34598810
34419255
34281984
34241988
34092033
33615677
33307029
33098200
32750442
32562561
32522337
 Juan F. Delgado
37376239
37376239
37331588
37112910
36983410
36889117
36404400
36287047
36209120
36079133
35935586
35746706
35644626
35463785
35022497
34963307
34859070
34766460
34362139
34129364
33718453
 Francisco López-Medrano
 Rafael San Juan
37234795
37234795
37185851
36943872
36897428
36856443
36808482
36644565
36482892
36358114
35990649
35967300
35852791
35790769
35712900
35547738
35339736
35331934
35262977
35185374
35081417
 Esther González
37479034
37479034
37185851
37102598
37047533
36842855
36644565
36503720
36482892
36186062
36153903
36147706
35967300
35790769
35404425
35262977
35185374
34921747
34851532
34774462
34294484
 Natalia Polanco
37479034
37479034
37185851
36305598
35967300
35404425
35185374
34921747
34153157
36166251
33866657
33751753
33729741
33069495
32301155
32049336
31991045
33564412
31431303
30346659
30187601
 María D. Folgueira
 Antonio Lalueza
37212340
37212340
37030656
36775987
36621367
36419130
36294331
35997028
35996190
35990649
35743021
35612049
35547738
35203509
35085321
35081417
34962970
34829769
34775160
34592742
34572439
 Carlos Lumbreras
37454762
37454762
37212340
36900296
36775987
36419130
36294331
35997028
35612049
35579324
35262977
35203509
35187467
35081417
34962970
34829769
34782342
34592742
34379281
33914228
33912194
 José M. Aguado
David Marx
37365945
37365945
37189475
36903138
36618435
35745553
35404999
34623122
33780168
33756547
33009284
32864321
32777130
32741096
32566309
32342614
32282977
31056126
30680934
30562136
29889308
 Bruno Moulin
37365945
37365945
37340538
37268295
36919591
36325014
36307929
35973595
35887604
35811205
35781425
35713984
35497803
35404999
35155875
34726295
34586407
34304732
34266784
34254431
34154713
 Samira Fafi-Kremer
37440870
37440870
37404001
37340538
36823716
36764392
36657613
36642097
36634909
36518764
36477670
36224216
35973595
35953352
35891471
35887604
35738321
35713984
35618094
35394604
35281046
 Ilies Benotmane
37404001
37404001
37340538
36764392
36758751
36268021
35973595
35887604
35713984
35618094
35231463
35227970
35167873
35155848
35103481
35007148
34297036
34254431
34087252
33999392
33961334
 Gabriela Gautier
34297036
34297036
32282977
 Peggy Perrin
37365945
37365945
37340538
37268295
37189475
37035106
37010111
36758751
36695682
36307929
35973595
35887604
35713984
35497803
35288692
35155875
35103481
34297036
34254431
34087252
33999392
 Sophie Caillard
37448448
37448448
37404001
37385820
37365945
37340538
37268295
37061020
36891749
36764392
36758751
36750165
36681739
36657613
36574948
36347343
36307929
36268021
36216187
36159445
36015048
Marilù Bartiromo
37114160
37114160
37051570
37001691
36902824
36439903
36255166
35876511
35736881
35719398
35595875
35582924
35561567
35457244
35366709
34459840
34444692
34056378
33716935
33050632
32784640
 Beatrice Borchi
37180207
37180207
36853393
36544352
36366465
35257291
34842924
34839251
34822185
34699933
34109256
34061801
33970429
33901656
33709301
33435140
33359921
33278620
32950710
32372754
32279418
 Annarita Botta
36420915
36420915
36136822
35220555
35207677
35070219
34822185
34699933
34437817
33453705
32920576
32920232
32557092
32543971
32418191
32372754
32279418
31982632
31847324
 Alfredo Bagalà
37114160
37114160
33811227
32279418
 Gianmarco Lugli
36753701
36753701
36552997
36462140
36325008
35947676
35269781
35070219
34788862
32279418
30683859
 Marta Tilli
37439411
37439411
36853393
36851654
36420915
36366465
35944880
34822185
34109256
33970429
33453705
32970143
32418191
32372754
32279418
31982632
31847324
31494862
30830600
30666616
 Annalisa Cavallo
34699933
34699933
33987662
33709301
33464574
32279418
29649073
27073268
24898978
23113733
23103667
21801630
21220769
16319807
 Brunilda Xhaferi
36563073
36563073
33026206
32809283
32279418
23250544
 Roberta Cutruzzulà
37114160
37114160
36552997
32846414
32279418
30048984
29390241
 Augusto Vaglio
37418275
37418275
37218706
37161084
36960748
36927642
36911748
36829067
36797040
36753701
36703882
36603977
36562566
36506236
36401715
36374823
36357156
36301247
36194339
36109667
36087539
 Silvia Bresci
37180207
37180207
33987662
33709301
32505874
32279418
30931587
29954414
21193789
18095306
 Aida Larti
37114160
37114160
33285478
32279418
30311992
21240873
20694276
21136926
 Alessandro Bartoloni
37466786
37466786
37439553
37420083
37418150
37363046
37264942
37180207
37150351
36853393
36851654
36677446
36642401
36552017
36547229
36544352
36461651
36420915
36366465
36288016
36257590
 Calogero Cirami
37442614
37442614
37189664
37114160
36753701
36552997
36462140
35528789
34788862
34726333
34679405
34084691
33915609
32279418
29130759
28980667
26034596
17120467
16129218
15307834
Ling Ning
37431724
37431724
37431700
36946505
36824281
36710495
36705404
36693873
36638362
36571260
36275639
36107005
36100325
35739703
35644381
35362656
35149704
35144643
35107848
34675320
34626522
 Lei Liu
37483430
37483430
37481946
37481151
37478720
37478163
37477871
37475708
37463541
37463020
37461770
37461391
37461207
37449199
37448746
37441237
37438872
37436938
37434986
37432456
37426132
 Wenyuan Li
37454417
37454417
37399566
37399400
37393665
37389674
37307697
37243773
37230810
37205103
37197428
37167454
37020221
36976559
36964845
36942791
36925453
36893465
36849599
36803042
36725278
 Hongtao Liu
37469305
37469305
37450882
37434603
37403714
37402999
37341073
37249436
37246504
37231046
37193148
37164141
37159694
37138090
37114049
37088758
37071853
37054858
37032059
37028791
37019161
 Jizhou Wang
37210450
37210450
36907782
36708811
36267268
36038802
36002681
35960877
35934535
35851063
35480288
34583911
34253380
33754025
32430024
32277555
31176678
31175094
31087165
30730427
30586988
 Ziqin Yao
37367888
37367888
35934535
34253380
34032692
33861661
34691611
32662512
32277555
32083182
 Shengyu Zhang
37425064
37425064
37317520
37316673
37282641
37217262
37153833
37121837
37114616
37027857
37027600
36861513
36854596
36845922
36800091
36782360
36577553
36574126
36533138
36510873
36464356
 Desheng Zhao
37157461
37157461
36875613
36565569
35209692
35209614
35078443
34842363
34614778
32943035
32416354
32400476
32277555
31503817
31503796
30954910
30544078
30448356
29603282
29440305
29306826
 Björn Nashan
37405475
37405475
37326143
37314452
37210450
37028819
36907782
36878913
36801175
36508381
36339603
36267268
36252059
35934535
35886215
35856557
35836483
35688555
35454789
35446497
35446484
 Aizong Shen
36998437
36998437
36543286
36513163
36267268
36206870
35976720
35748298
35722417
35657486
35322385
35253764
35212462
35039035
34821282
34821276
34816709
34488591
34290602
34089513
33790365
 Lianxin Liu
37330650
37330650
37325495
37210450
37059726
36907782
36726762
36726759
36708811
36708515
36476366
36473908
36417875
36389765
36267268
36139633
36127767
36055981
36047643
35978596
35949289
 Lei Li
37484456
37484456
37481197
37479047
37478256
37475324
37474573
37469455
37468984
37463897
37463767
37460529
37460404
37454293
37453955
37453828
37453670
37452749
37446595
37446187
37441881
Junpeng Wang
37441168
37441168
37428049
37338436
37227550
37106096
37085966
37030779
37027263
37002927
36974475
36896026
36873432
36641481
36591980
36564805
36541098
36534946
36304232
36251229
36178069
 Xin Li
37485582
37485582
37485072
37484995
37482261
37481981
37481228
37480749
37480691
37479067
37478300
37478165
37476628
37475719
37475184
37474721
37474405
37470365
37468667
37468445
37467358
 Guanghui Cao
37316660
37316660
37204182
36914946
36499900
36467725
36347175
36201946
35899152
35846567
35701759
35407921
34995443
34596768
33833571
33625548
33219401
32859659
32427866
32273181
31439476
 Xiaoqiang Wu
37363951
37363951
37204182
37091405
36951366
36914946
36882989
36859583
36467725
36347101
35983522
35899152
35899082
35867238
35834396
35830433
35803134
35778060
35527335
35480683
35192328
 Zhiwei Wang
37466798
37466798
37447430
37444234
37439786
37436507
37432925
37431300
37422095
37410927
37383261
37382586
37369675
37353854
37353786
37315418
37307862
37299317
37290509
37279852
37267667
 Tianzhong Yan
37204182
37204182
36914946
36564805
36467725
36072369
35899152
35899082
34596768
34017186
33833571
33625548
33219401
32859659
32357275
32273181
31439476
31309102
30394829
29785788
28992472
