Jianbo Lai
37424160
37424160
37263044
37259431
37248479
37226659
37121218
36994190
36979278
36923936
36915907
36764125
36650644
36628907
36604186
36586603
36422533
36400152
35987305
35693955
35489034
 Simeng Ma
37009110
37009110
36937723
36924701
36871905
36672135
36586357
36581174
36525765
36402037
36399858
36375541
36359772
36302427
35845470
35809411
35597473
35588909
35550897
35509174
35248649
 Ying Wang
37486669
37486669
37484811
37484016
37482970
37481959
37479506
37479118
37478399
37477876
37476048
37474573
37474059
37471226
37470370
37467992
37464943
37464741
37464416
37464316
37464276
 Zhongxiang Cai
37349692
37349692
36840781
36803504
36739835
35688021
35227272
34930896
34671011
34248719
34180199
33765451
33384620
33051440
32971356
32909374
32346373
32293518
32240764
32202646
30005745
 Jianbo Hu
37186821
37186821
36687342
36366615
35890877
35781340
35695720
35618705
35581025
35371280
35334700
35289629
35199908
34990128
34848678
34750384
34719679
34383352
34325347
34151122
34037407
 Ning Wei
37421090
37421090
37405085
37373390
37315887
37275332
37268204
37209866
37201068
37200961
37193789
37188605
37184569
37155110
37139083
37124805
37116665
37101526
37062772
37037781
36965746
 Jiang Wu
37455330
37455330
37453826
37450312
37425798
37425050
37422663
37420344
37407213
37399753
37383525
37376572
37372387
37368947
37352351
37302372
37284760
37282959
37279780
37255921
37234802
 Hui Du
37460171
37460171
37459963
37444632
37343271
37323232
37316448
37193909
37020793
37009125
36982472
36946519
36922772
36833614
36614961
36572390
36537749
36438219
36413075
36380687
36332286
 Tingting Chen
37480756
37480756
37462266
37456170
37452764
37449927
37441499
37439102
37420176
37391534
37384472
37361266
37361227
37359383
37356943
37338607
37330971
37314502
37307708
37302113
37297061
 Ruiting Li
37290559
37290559
37227014
37158961
37139806
37125037
37068355
36924610
36910709
36854751
36840584
36813914
36740702
36739631
36735547
36591272
36581179
36550201
36526145
36482805
36403432
 Huawei Tan
36238234
36238234
35062349
34248719
34190165
33051440
32202646
27148975
27103267
26640697
26599708
26504559
26266416
26115771
25416420
25268141
25267795
24655567
26504544
 Lijun Kang
37190659
37190659
37009110
36937723
36871905
36776560
36586357
36581179
36402037
36375541
36357369
36323230
36245889
35845470
35782381
35686203
35597473
35588909
35509174
35199034
35153876
 Lihua Yao
37453196
37453196
37342765
37226720
37190659
37169166
37100012
36932880
36924701
36909330
36871905
36744206
36641015
36614127
36587855
36581179
36525765
36402037
36375541
36357369
36066083
 Manli Huang
37468932
37468932
37414234
37293641
37250417
36970289
36462609
36436207
36421896
36405925
36348342
36244202
36103758
35695720
35677048
35643389
35463513
35444255
35121376
35013099
34896845
 Huafen Wang
37426638
37426638
37270387
37257877
36979278
36771864
34935655
34710499
34103688
32985162
32779844
32425010
32425005
32391658
32292636
32202646
29597070
26170642
25767393
25196259
24273081
 Gaohua Wang
37437732
37437732
37348762
37333920
37210391
37176617
37172964
37139313
36990286
36937723
36933555
36924701
36785827
36732748
36623760
36584714
36581179
36506868
36372121
36357369
36245889
 Zhongchun Liu
37415683
37415683
37326829
37261369
37210391
37190659
37169166
36970287
36933555
36924701
36902578
36871905
36744206
36739835
36624549
36586357
36581179
36529410
36525765
36402037
36399858
 Shaohua Hu
37424160
37424160
37399730
37381335
37291106
37263044
37260741
37259431
37248479
37208752
37121218
37119525
37009128
36923936
36915907
36874958
36824022
36764125
36678523
36676370
36650644
Jiang Du
37456321
37456321
37437578
37377917
37363772
37339021
37285087
37267171
37241678
37227680
37217100
37179932
37154048
37151653
37083859
37030009
37025410
36992852
36992568
36984402
36965076
 Lu Dong
37455421
37455421
37450115
37408014
37398014
37390008
37375129
37355128
37348398
37333458
37320897
37310225
37309844
37301075
37282622
37274064
37272459
37254370
37254146
37209435
37120063
 Tao Wang
37485687
37485687
37484531
37483241
37482970
37480594
37478850
37477881
37474444
37470905
37470826
37468168
37467718
37466431
37463940
37462055
37461596
37460861
37455771
37454679
37453380
 Chenxin Yuan
35217813
35217813
34651102
32848917
32381270
32218749
 Rao Fu
37476060
37476060
37474980
37455751
37433761
37422651
37397766
37349289
37328857
37314224
37249977
37245396
37224947
37213494
37157522
37096034
37059867
37025787
36906288
36882540
36860877
 Lei Zhang
37486018
37486018
37485306
37484330
37483615
37482487
37482070
37481163
37480650
37480130
37479323
37479213
37478946
37474892
37474525
37470906
37469784
37469108
37468743
37467831
37467127
 Bo Liu
37484667
37484667
37475346
37475245
37473970
37470327
37466906
37463240
37456825
37450729
37450565
37446812
37445956
37444982
37442124
37440389
37438156
37425654
37422447
37420424
37415087
 Mingmin Zhang
37479069
37479069
37458179
37423519
37008940
36860799
36790554
36735392
36582229
36578460
36389844
36265674
36181806
36164280
35989034
35928893
35844458
35027932
34646019
34409941
34312581
 Yuanyuan Yin
37392396
37392396
37293404
37148307
37059028
36983919
36771864
36647036
36538768
36516329
36346708
36282836
36164777
36162953
36093182
36091440
35941974
35936077
35730425
35694215
35458454
 Jiawen Qin
36516451
36516451
32381270
28799756
28380254
27924832
 Jennifer Bouey
36973805
36973805
35837516
34579976
33461149
33297834
32791972
32381270
32213081
32202993
32164380
31061011
30724470
30683119
30431407
29763416
29202092
24795879
 Min Zhao
37483954
37483954
37474444
37471051
37467077
37461461
37459170
37456302
37452617
37449206
37448223
37448101
37443117
37443102
37441702
37441610
37437578
37427814
37423517
37422632
37418855
 Xin Li
37485582
37485582
37485072
37484995
37482261
37481981
37481228
37480749
37480691
37479067
37478300
37478165
37476628
37475719
37475184
37474721
37474405
37470365
37468667
37468445
37467358
Chen-Yun Liu
33216947
33216947
32769301
32430088
30537373
 Yun-zhi Yang
34618427
34618427
32430088
32109610
30639171
30391520
29689560
24457829
 Xiao-Ming Zhang
37478488
37478488
37456294
37390179
37389122
37367946
37252244
37173350
36915336
36846336
36819530
36717989
36672315
36585614
36576516
36563219
36544726
36465362
36463438
36418744
36405385
 Xinying Xu
37391290
37391290
37300729
37050244
36586229
36371877
36192668
35628205
35562727
35356596
33249237
33066123
33044693
32430088
33265584
29745859
28813000
26930986
25919591
22489155
21151457
 Qing-Li Dou
35750778
35750778
35529335
33204684
33196528
32568401
32430088
32131764
32008873
30639171
30391520
23739564
 Wen-Wu Zhang
37043022
37043022
36751814
35719361
35367655
35006574
33445058
33204684
32798659
32568401
32430088
32131764
32008873
30639171
30391520
30342731
30176160
29134394
27235892
26897017
26559355
 Andy S. K. Cheng
37277725
37277725
37047984
36901236
36829666
36647970
36276883
36276882
36276879
36245879
36051191
36035933
35885683
35848716
35756211
35640721
35460733
35347418
35332694
35215465
35173002
Wen Lu
37478664
37478664
37465986
37463455
37454443
37451354
37431237
37420338
37402315
37351613
37347037
37345888
37327661
37315132
37307442
37298448
37295658
37280028
37264405
37260381
37258742
 Hang Wang
37480698
37480698
37477218
37460393
37454688
37401994
37386737
37382231
37375037
37364461
37323177
37314406
37302147
37287365
37220644
37216736
37209021
37199297
37182510
37172192
37163251
 Yuxing Lin
37337394
37337394
36484435
36333274
36136207
35868048
35703339
35533965
34809542
34655679
34058342
33882272
33088687
32686662
32276196
31670506
31321979
30467562
29976064
29303203
29174510
 Li Li
37486746
37486746
37486201
37485076
37481847
37481153
37480146
37479136
37477170
37475454
37474923
37474434
37471657
37467562
37465964
37465520
37465051
37462699
37462036
37461057
37461036
Jing Qi
37449806
37449806
37358343
37308294
37295333
37252335
37251086
37201391
37164914
37133306
37107324
37081549
36996997
36960417
36942752
36921803
36921497
36905907
36871734
36824167
36811020
 Jing Xu
37485563
37485563
37484857
37483519
37481190
37480906
37479851
37479105
37477527
37475855
37473815
37470119
37467346
37466343
37462732
37456022
37447353
37446089
37445734
37443039
37441894
 Bo-Zhi Li
34658753
34658753
34293415
34166985
33910027
33716944
32502844
28266138
25813232
 Jin-Sha Huang
32502844
32502844
26659595
20644549
 Yuan Yang
37485380
37485380
37484545
37478679
37459178
37455937
37453316
37437741
37436980
37436933
37418537
37417622
37414617
37402130
37399716
37398513
37394884
37382494
37379926
37374861
37359014
 Zhen-Tao Zhang
36959113
36959113
36929251
36247276
34664458
33070673
32530241
32502844
31851512
31777865
31271317
30776412
29465418
29383514
27334092
24786547
20644549
12964783
 Dong-Ai Yao
35992609
35992609
35256042
32502844
 Qun-Hui Liu
32502844
32502844
30448909
 Min Jia
37455529
37455529
37421564
37404731
37400597
37347872
37342357
37203278
37163423
37161803
37057378
37049901
37035310
37026626
36944667
36906561
36812350
36796259
36688960
36640812
36626779
 Dao-Kai Gong
32502844
32502844
30223258
 Xiao-Hong Ni
36197264
36197264
32502844
 Qi-Mei Zhang
32502844
32502844
29793313
29076782
27943229
27825285
27017961
24708627
19637467
 Fu-Rong Shang
32872070
32872070
32502844
 Nian Xiong
37433411
37433411
37190635
36985154
36829955
36105924
35884658
35830201
35803929
35668454
35600840
35488376
35456127
35219601
35094118
34984583
34956212
34695565
34691027
34585841
34285921
 Chun-Li Zhu
35981383
35981383
32502844
30473824
22296267
 Xi Zhang
37484916
37484916
37483411
37469371
37465051
37463897
37452549
37446915
37444632
37441486
37435080
37433644
37431683
37429942
37428144
37427103
37421866
37414582
37405870
37405013
37404899
