Sapna R. Kudchadkar
37434383
37434383
37341529
37285308
37260337
37172806
36945051
36925889
36918956
36862446
36790201
36661435
36661420
36624726
36581506
36454002
36326460
36306567
36165946
36066595
35943746
 Christopher L. Carroll
37000922
37000922
36968962
36905686
36703558
36661442
36661420
36376506
36308893
36250670
35994614
35704321
35567958
35447632
35359897
35082111
35050932
35022779
34667991
34643390
34508101
Sohaib R Rufai
37222061
37222061
36828959
36038723
35584878
35017232
35001093
34974540
37073616
34452969
34380720
34313724
33972704
33569170
33370159
33185414
32956229
32636287
32522480
32309854
32178534
 Catey Bunce
37392598
37392598
37369549
37358615
37328508
37017702
36883248
36849205
36828959
36418522
36398614
36370635
36302938
36130761
36122660
36104523
36054221
36047788
35661646
35379305
35197562
Travis Sanchez
37421546
37421546
37232114
37118946
37081746
37079516
36952112
36943832
36940183
36927841
36881450
36872623
36803999
36755403
36607707
36479416
36470733
36194416
36156172
36130386
36112005
 Kamal Al Nasr
37371503
37371503
36979343
35561171
35066208
34944417
33338845
31168761
29360779
29313734
29140718
36381267
27008671
26355788
24565041
24384713
22809382
22696406
21714133
20122218
19623775
 Ross Gore
36001362
36001362
33621186
33521186
31091294
29902270
32214550
26332588
 Abdullah Wahbeh
36416280
36416280
33720841
32421686
 Tareq Nasralah
36416280
36416280
33720841
32788147
32421686
 Mohammad Al-Ramahi
36416280
36416280
35911329
33720841
32421686
 Omar El-Gayar
36416280
36416280
34139330
33720841
32788147
32421686
23792137
23439183
Konstantin S. Sharov
36554799
36554799
36498366
35356758
35329076
33959258
33941816
33115677
33110587
32994671
32798031
32653618
32474908
Vittorio Gebbia
37247899
37247899
37114420
36854501
36853408
36585190
36162962
35993090
35659580
35529297
35358809
35211203
34879380
34840807
34720948
34675481
34673219
34387553
34230117
34089169
33985435
 Dario Piazza
36854501
36854501
36853408
36585190
35211203
34840807
34720948
34673219
34387553
34230117
34089169
33288600
33144881
32653216
32606174
32565899
32562478
32412811
31282485
30046407
 Maria Rosaria Valerio
37260975
37260975
37114420
36854501
36853408
36585190
36509043
35211203
35173816
34840807
34720948
34666764
34453206
34215766
34089169
33859534
33833889
33302999
33288600
33144881
32653216
 Nicolò Borsellino
 Alberto Firenze
37265696
37265696
36693416
36678333
36676965
36291329
36174875
36030317
36011935
35886299
35682522
35682170
35564688
35211203
34604565
34387553
34236008
34089169
33923380
33921674
33628962
