Tran Duc Anh Ly
37385944
37385944
37385943
37364433
36370366
35603253
35090542
34921995
34514760
34098094
34050408
33716178
33711448
33605113
33580843
33578010
33512334
33509694
33411174
33279534
33272887
 Didier Zanini
37391315
37391315
33189890
 Vincent Laforge
33189890
33189890
 Sylvie Arlotto
36294190
36294190
35742304
35486358
35084360
34882643
33823281
33686946
35724136
33189890
32576542
 Stephanie Gentile
37004630
37004630
36554830
36294190
35742304
35592843
35576468
35486358
35332585
35090629
35084360
35043109
34992122
34882643
34866005
34565108
34413139
34372647
34230615
34034786
34003483
 Helene Mendizabal
33189890
33189890
30861004
 Michael Finaud
33207255
33207255
33189890
 David Morel
34788842
34788842
33189890
 Olivier Quenette
33189890
33189890
 Priscilla Malfuson-Clot-Faybesse
33189890
33189890
 Alain Midejean
33189890
33189890
 Phuc Le-Dinh
33189890
33189890
18050878
 Gérard Daher
 Berengere Labarriere
33189890
33189890
 Anne-Marie Morel-Roux
33189890
33189890
 Alain Coquet
33189890
33189890
 Patrick Augier
34079532
34079532
33189890
 Philippe Parola
37385944
37385944
37385943
37364433
37349802
37342884
37258852
37241095
37103207
36985289
36957992
36913922
36907070
36717835
36661997
36557620
36554986
36528250
36470351
36374566
36370366
 Eric Chabriere
37443786
37443786
37333853
37292757
36362170
35797848
35440137
34556816
34360916
33980996
33888726
33303919
33207645
33202677
33189890
33086376
32872436
32690609
32601223
32593867
32390993
 Didier Raoult
37443786
37443786
37438469
37416862
37385944
37385943
37364433
37287068
37231091
37217120
37191823
37029880
36915870
36857879
36773029
36682434
36618387
36571112
36526682
36478861
36469177
 Philippe Gautret
37385944
37385944
37385943
37364433
37310895
37267081
37258852
37245851
37207977
37129519
37112949
37035278
36919804
36882037
36637429
36596821
36479321
36470351
36370366
36241422
36150518
Matthieu Mahévas
 Viet-Thi Tran
37459057
37459057
37311514
37182548
37149083
37002778
36910458
36656556
36521653
36226401
35906006
35383197
35103603
34964850
34941554
34332570
34111369
33912905
33819571
33684495
33503635
 Mathilde Roumier
36776936
36776936
34728496
34602813
34237420
34051385
33840791
33707411
33606928
33188624
33125750
32409486
32332072
31525539
26492057
24847759
23508476
 Amélie Chabrol
 Romain Paule
37074923
37074923
36847447
36792010
36477813
36190346
36063462
35713822
35074934
34427590
34324839
34224771
33974484
33947469
33938796
33711774
33188624
32659477
32409486
31671003
31176876
 Constance Guillaud
36913246
36913246
33655452
33228148
32817288
32487712
32409486
32071857
31155444
28915275
28272212
28231985
27348613
26567178
26120067
25183241
24847759
22475291
21295436
 Elena Fois
34131893
34131893
33655452
32409486
28851621
18240235
17278263
17081781
16000508
15360016
 Raphael Lepeule
37076094
37076094
37014800
36702443
36267608
36233404
35464955
35185867
34945119
34640477
34572686
34238367
34000372
33900195
33848352
33780519
33047447
32981789
32409486
32185636
32020163
 Tali-Anne Szwebel
37157817
37157817
36637207
36434007
36233427
35644124
34363386
34299080
34288162
34273008
33926038
33881229
33830623
33763778
33449299
33403488
32959052
32810439
32736600
32661059
32409486
 François-Xavier Lescure
37471704
37471704
37423428
37353541
37302771
37045142
37014800
36962203
36961407
36896770
36891777
36870535
36803567
36797077
36648134
36532949
36518764
36477495
36395214
36382876
36324328
 Frédéric Schlemmer
37439091
37439091
37419861
37404469
37378827
37364766
37331287
37317562
37313855
37291628
37271939
37238245
37222527
37150450
37143154
37029886
37024734
37012769
37008129
37003407
37001052
 Marie Matignon
37479387
37479387
37056357
36749002
36678422
36532030
36159445
35901836
35896117
35870817
35544123
35497889
34991805
34738343
34345414
34254049
34181198
34143917
34116951
34093594
33773002
 Mehdi Khellaf
37350607
37350607
37276468
36914069
34874418
34242255
33655452
33542975
33228148
33201202
32409486
32071857
31489694
31439599
30950041
30816621
30527564
29705219
29630502
29450523
28924974
 Etienne Crickx
37410544
37410544
37247631
36994879
36893453
36726813
36130603
36050197
35503254
35483354
35446373
34614412
34467525
34348453
33853929
33645886
33571429
33512437
32959052
32817288
32678953
 Benjamin Terrier
37410544
37410544
37354498
37312233
37233203
37161084
37157817
37141529
37134130
37122022
36972927
36940799
36927642
36868475
36858909
36847447
36790066
36787809
36750165
36702739
36642436
 Caroline Morbieu
36294770
36294770
35857576
35560067
35413213
35022159
34427590
33684323
32661059
32409486
31444663
29676001
27852281
26907665
 Paul Legendre
37157817
37157817
36847447
36063462
35626223
35413213
35386738
35134549
34698818
34324839
34247230
35382246
33230045
32540450
32409486
32289463
32223511
31639515
30563806
30512777
27989761
 Julien Dang
36646436
36646436
35848215
35787857
35468361
34479966
34278518
33426397
32838082
32616537
32409486
32323060
31103217
30981392
28065255
 Yoland Schoindre
33188624
33188624
32409486
32244015
31918028
31250167
29542204
27367994
27337291
27086869
26350487
25379192
25012067
24782250
24051163
23462883
23075451
22230484
21769840
20843499
20439619
 Jean-Michel Pawlotsky
37108326
37108326
37095145
37081594
36999537
36834705
36806365
36477670
36473907
36343654
36313185
36271885
36224216
36146735
35999965
35941883
35891509
35862982
35514025
35483354
35477312
 Marc Michel
37478400
37478400
37410544
37252802
37247631
37246953
37128870
37097759
37081082
37051753
36893453
36726813
36706358
36705266
36561115
36394535
36342455
36329125
36219790
36156812
36054922
 Elodie Perrodeau
36910458
36910458
36441554
35393271
35350097
35262716
34384777
33876229
33819571
33301928
32479166
32409486
31955353
31833590
31504982
31162031
30679233
30543683
29724729
29695500
28596181
 Nicolas Carlier
36912923
36912923
36455960
36265877
36233427
35926762
34910604
34800432
34299080
34273008
34140297
34088975
33230045
33166904
33141808
32661059
32503849
32409486
 Nicolas Roche
37478331
37478331
37394196
37360348
37210943
37042071
37003203
36958741
36933949
36913346
36912923
36872189
36858443
36856440
36856433
36758999
36705508
36669777
36650958
36623339
36582404
 Victoire de Lastours
37369264
37369264
37091897
37023786
37014800
36785526
36671282
35851931
35698458
35531285
35324915
34718597
34652445
34415466
34000003
33952335
33773631
33609262
33444375
33193186
32886733
 Clément Ourghanlian
 Solen Kerneis
37462830
37462830
37259598
37198604
37014800
37010035
36853002
36671286
36125289
36117231
35803574
35777605
35771615
35648737
35346373
35178577
34894121
34843662
34800432
34702867
34618041
 Philippe Ménager
 Luc Mouthon
37458105
37458105
37376708
37291562
37187855
37128826
37083160
37074923
37022108
36999812
36972927
36940799
36938696
36868475
36835895
36792010
36790066
36727465
36708187
36637207
36549354
 Etienne Audureau
37325351
37325351
37296901
37278943
37216685
37070491
37038105
36998975
36946232
36918264
36891763
36828623
36804451
36705266
36678422
36541180
36532030
36477670
36427656
36306481
36224216
 Philippe Ravaud
37459057
37459057
37311514
37294569
37260086
37182548
37149083
37010865
36910458
36656556
36581305
36521653
36473651
36441554
36424692
36226401
36154932
36038180
36011054
35983949
35906006
 Bertrand Godeau
37478400
37478400
37410544
37252802
37247631
37128870
37051753
36933783
36893453
36792010
36726813
36477813
36342455
36190346
36054922
36048142
35871779
35560067
35538740
35483354
35446373
 Sébastien Gallien
37468500
37468500
37280565
37252802
37228359
37221098
37213429
37207416
37196656
36776736
36737320
36678422
36394373
36342455
36136520
35972940
35806596
35654588
35636701
35500933
35483354
 Nathalie Costedoat-Chalumeau
37459273
37459273
37233203
37218386
37208152
37157817
37035330
36792010
36549355
36481180
36477813
36357774
36306922
36283757
36203063
36190346
36190335
36156304
36054922
35961759
35806955
Joseph Magagnoli
37318233
37318233
37306840
37242422
37219827
37129905
37078531
36993694
36749950
36358127
35652450
35595009
35215211
34855682
34662740
34620711
34521341
34428315
34320903
34229942
33589316
 Siddharth Narendran
37242422
37242422
37129905
36273361
35418688
35326064
35275207
34860583
34620711
34586848
34100716
33850097
33526699
33427823
32968070
32838355
32749462
32511622
31964819
29563693
28757695
 Felipe Pereira
37314598
37314598
37242422
37129905
36946810
36631641
36557718
36534238
36526926
36517111
36495393
36471195
36329377
36307638
36076284
36057364
35947184
35589866
35508761
35500963
35476261
 Tammy H. Cummings
37318233
37318233
37306840
37242422
37219827
37078531
36749950
36548316
36358127
35652450
35595009
35215211
34855682
34662740
34428315
34320903
34229942
33589316
32856940
32838355
32568473
 James W. Hardin
37318233
37318233
37306840
37242422
37219827
37214775
37116644
37087973
37078531
36749950
36576852
36567211
36413049
36358127
35891216
35652450
35595009
35215211
34855682
34697845
34662740
 S. Scott Sutton
37318233
37318233
37306840
37242422
37219827
37078531
36993694
36749950
36358127
35652450
35595009
35215211
34855682
34759636
34662740
34620711
34428315
34320903
34229942
33526699
32968070
 Jayakrishna Ambati
37318233
37318233
37242422
37129905
37043599
36993694
36801892
36749950
36732622
35418688
35275207
35197297
34945083
34860583
34707113
34586848
34100716
33850097
33526699
33427823
32968070
