Alfonso Fasano
37476310
37476310
37438098
37429256
37332654
37291831
37288812
37271568
37172092
37148227
37147135
37084521
37081741
37019221
36949794
36847357
36812432
36802031
36704077
36704075
36704068
 Emanuele Cereda
37407728
37407728
37152680
37070060
36745355
36647148
36615892
36593694
36470115
36436068
36434615
36243472
36009540
35952463
35866079
35852145
35812181
35722985
35406137
35381562
35212911
 Michela Barichella
36593694
36593694
36436068
35852145
35741675
35166042
33337387
33288411
33151126
32690778
32484584
32264793
31278117
30576008
29792366
29352722
28679598
28647435
28370247
28343368
27632223
 Erica Cassani
36436068
36436068
33337387
33151126
32484584
32264793
32025699
31278117
30576008
29792366
29352722
28679598
28647435
28370247
28343368
27543643
27406858
27206902
27143236
26952697
26142206
 Valentina Ferri
37430097
37430097
37137172
37060760
36869177
36638761
36436068
36332946
36317922
35929985
35917607
35852145
35741675
35641196
35596535
35429782
35201442
34729628
34620852
34291829
34023549
 Anna Lena Zecchinelli
36247987
36247987
35986763
35876875
33288411
33151126
32844196
32484584
28831499
28550482
26952697
25456827
25219972
23591553
19727901
19381768
 Gianni Pezzoli
36866559
36866559
36788297
36593694
36436068
36354550
36247987
36243059
35986763
35970579
35876875
35852145
35848942
35810454
35741675
35262230
35166042
34997937
34971324
34875562
34712113
Antonio D’Avolio
 Valeria Avataneo
36673105
36673105
35337152
35164307
35069191
34684572
34591799
34572388
34068180
34065954
34040531
33990984
33942084
33375547
32737820
32607555
32397511
32361744
31965553
31619748
31257937
 Alessandra Manca
37413901
37413901
37375850
37239131
37237997
37126927
37114627
36673105
36615826
36294725
36279720
36145630
36014781
35665680
35631455
35565779
35495697
35484923
35337152
34803692
34572388
 Jessica Cusato
37413901
37413901
37375850
37239131
37237997
37126927
36673105
36615826
36557240
36279720
36222027
36145630
36115063
36014781
35800115
35665680
35631455
35337152
35182287
35164307
35069191
 Amedeo De Nicolò
 Renzo Lucchini
33131247
33131247
32397511
24019771
 Franco Keller
36396447
36396447
34554185
33860650
33085633
32442868
32397511
31742747
30835250
30339303
23254922
20874853
20546017
19641940
19589101
19012531
17918491
17561976
16681439
16201895
15593057
 Marco Cantù
Petre Cristian Ilie
36648776
36648776
36637774
35550703
35304859
35218279
34749542
34493413
34288714
34279551
33926885
33316389
33257465
32665214
32565244
32391369
32377965
 Simina Stefanescu
36700152
36700152
36637774
32377965
 Lee Smith
37480782
37480782
37477722
37469173
37457264
37444747
37427854
37424248
37405496
37402752
37394783
37394136
37393660
37389958
37389527
37354137
37331411
37315378
37299428
37297601
37288652
