Maria Claudia Alzamora
36158290
36158290
32305046
 Tania Paredes
32980976
32980976
32305046
22167541
 David Caceres
36462040
36462040
32305046
30669104
24138474
23223354
 Camille M. Webb
37230476
37230476
34153050
33670581
33610781
32305046
31992652
31992651
30226136
30113327
27787774
 Luis M. Valdez
32908841
32908841
32305046
26452742
15098044
 Mauricio La Rosa
37230476
37230476
36044631
35820422
35032696
33670581
33098451
32305046
32195682
32046371
31811413
31344714
31241586
31241584
30877684
30741803
29995743
29883984
29637011
23743391
Francesco Catellani
34536139
34536139
34387722
32552073
32345864
30112387
27266840
25932827
 Andrea Coscione
36267221
36267221
32345864
32334993
 Riccardo D’Ambrosi
 Luca Usai
32345864
32345864
30112387
 Claudio Roscitano
35645031
35645031
35536053
34310568
32380519
32345864
31445833
31212364
27613702
 Gennaro Fiorentino
34387722
34387722
33871244
32345864
30112387
29987953
27649001
26605253
24400182
Rong Chen
37483442
37483442
37474576
37463651
37455530
37454563
37448887
37443931
37440909
37435355
37430323
37429288
37425943
37425365
37424334
37407932
37391732
37364995
37355132
37351679
37333874
 Yuan Zhang
37485534
37485534
37483544
37480221
37479716
37478918
37478768
37478765
37478057
37476052
37475150
37475060
37470001
37463456
37458592
37458515
37458210
37457886
37454713
37453946
37451575
 Lei Huang
37475367
37475367
37474961
37471041
37469278
37465997
37464473
37460100
37443058
37442735
37429372
37424531
37419968
37405600
37390618
37386808
37378076
37372473
37371723
37365498
37362200
 Bi-heng Cheng
32722722
32722722
32180175
29402153
 Zhong-yuan Xia
37389674
37389674
37215098
37146415
36683371
36185204
36029539
35997859
35227001
34551393
34490304
34105058
33996908
33771972
33620678
33531107
33262996
33051404
32952626
32862381
32582983
 Qing-tao Meng
37152102
37152102
37080813
35659343
34919054
34916327
34490304
33996908
33362568
33324214
33262996
32952626
32582983
32519766
32454250
32342349
32256957
32242315
32215448
32180175
32162211
Yin Du
35014393
35014393
33505258
33390913
32787178
32430561
31868937
31629926
25838134
25591481
25043549
23846531
23033041
22689204
 Long Wang
37475111
37475111
37461165
37446115
37445924
37445703
37439775
37431286
37429067
37422926
37418849
37394882
37393595
37392131
37354751
37350495
37349531
37348589
37347329
37342920
37342810
 Gang Wu
37459587
37459587
37445818
37443367
37438995
37428660
37426517
37425900
37425880
37416982
37408188
37402403
37401674
37401170
37399907
37398194
37396095
37392251
37379704
37376764
37361591
 Xiaoming Lei
34502680
34502680
32430561
32344354
32311451
31056368
30805938
30332482
30029590
29909406
29749511
29709475
29117612
27555054
26286041
26164865
26016839
25509317
25411761
25330860
25098258
 Wei Li
37483541
37483541
37482369
37482006
37480440
37480118
37480108
37477650
37476614
37475712
37471710
37470677
37469204
37468964
37468168
37467972
37467944
37467664
37467467
37465161
37464415
 Jianrui Lv
37057951
37057951
37012870
36849953
36846679
36110186
35337786
35231437
34956516
34822949
33638944
33499717
32677707
32430561
31868937
31837331
31199929
31075559
30805938
30486828
30315387
E Ferrazzi
37478549
37478549
37420083
36992751
36612781
36584523
36014782
36013049
35955851
35838828
35739332
35493836
35390460
35247287
35074494
34768305
34599387
34572945
34393709
34325430
34187688
 L Frigerio
36860200
36860200
36836550
36771236
36761196
36717365
36699017
36295189
35721734
35471580
35458780
35102430
35062732
35001205
34907451
34770641
34685929
34523082
34475202
33915716
33764625
 V Savasi
37353909
37353909
36669520
35031955
33923642
33572203
32823606
32339382
 P Vergani
37373988
37373988
37290343
36992751
36988690
36983649
36899731
36876705
36611712
36443901
36411068
36342446
36323347
36298762
36143263
36142511
35923827
35859696
35794017
35735400
35717635
 F Prefumo
34768305
34768305
31188879
30898658
30636554
29688161
28169498
26809266
26643757
25363897
 S Barresi
37469951
37469951
37438452
37417899
37394731
37312212
37226510
37212894
37163662
37058687
36875662
36831791
36709981
36552060
36534421
36460875
36012614
35962550
35787721
35784925
35733879
 S Bianchi
37486540
37486540
37485678
37480080
37480047
37479074
37478295
37468305
37446074
37444321
37441345
37424924
37424555
37422486
37421589
37421269
37418739
37414564
37414384
37409892
37400298
 E Ciriello
37445235
37445235
37381619
37289047
36801786
36644527
36615306
36538297
36454659
36358579
36269621
36121471
36106536
35775769
34207907
34069690
33813760
33339286
33267684
33080859
32573175
 F Facchinetti
36551561
36551561
35538539
35466995
35066105
35025076
34939342
34636353
34615702
34408077
34298670
34295687
33534430
32964129
32447834
32388065
32323012
32268137
32220780
32179885
31993338
 MT Gervasi
37399795
37399795
37355726
37194083
37106396
37060432
36971002
36936914
36891737
36814313
36766561
36696890
36554895
36336126
36173676
35531285
35409960
35206026
35049260
34922581
34680738
 E Iurlaro
37201318
37201318
35266559
34942154
33923642
33686071
33519712
31569086
31186412
27891140
27356509
26098680
25306335
15289495
15215174
11847007
9594364
5616353
14106535
14049363
 A Kustermann
37141985
37141985
36736929
36673541
36644817
36427809
35921451
35846710
35841731
35790299
35765339
35721325
35691281
35572260
35564368
35485993
35451763
35382093
35298655
35277235
35273451
 G Mangili
37468577
37468577
37444513
37370829
37355448
36980691
36938363
36675955
36655833
36503888
36291953
36220670
35851489
35692798
35681761
35608695
35050212
34955430
34739468
34634660
34426526
 F Mosca
37347392
37347392
37127323
37075142
36978944
36907728
36677362
36533977
36290889
36219218
36048114
35997373
35932492
35900172
35791722
35568274
35558366
35455328
35448647
35377796
35203563
 L Patanè
 D Spazzini
 A Spinillo
37315755
37315755
37296757
37242334
37221826
37102432
37068062
36992282
36851162
36851143
36562959
36553061
36512114
36342202
36263898
36211521
36108459
36060976
35988757
35960328
35934121
 G Trojano
37452373
37452373
37405689
37294976
37232279
37205165
37199978
36816812
36553005
36552055
36543569
36414428
36138162
36086905
35971322
35877104
35675744
35637426
35608658
35582938
35437271
 M Vignali
37447447
37447447
37367393
37166497
36237287
36202717
36104110
35787710
35738278
35715531
35437325
35154790
34667029
34561260
34302612
34154321
33670627
33530428
33398183
33314904
33269572
 A Villa
37482614
37482614
37482222
37482053
37466827
37461759
37460239
37460137
37456673
37453394
37453130
37451692
37448445
37440872
37436743
37433326
37433171
37432926
37428086
37426339
37424771
 GV Zuccotti
34578875
34578875
34066566
32757137
31058301
29553524
28233368
24864231
19633134
 F Parazzini
37238953
37238953
36616701
36289595
36264312
35627414
33926969
33707279
32928981
29688161
29571606
29526145
29519792
28838911
26721771
 I Cetin
37486593
37486593
37486308
37485187
37484629
37483227
37480354
37477875
37470614
37469044
37466023
37462649
37462216
37453787
37450454
37449860
37446328
37442871
37441191
37428619
37428297
