Juliana Amorim dos Santos
37464457
37464457
36775112
36203571
35368144
34551177
34224960
33675910
32829477
32526392
31832792
31720851
 Ana Gabriela Costa Normando
37076380
37076380
37074592
36923449
36890080
36725442
36182650
36114663
35713725
35301098
35199416
35152543
35081229
34511354
34224960
34050426
33991662
33989768
33945368
33759149
33715834
 Rainier Luiz Carvalho da Silva
33511757
33511757
32526392
 Renata Monteiro De Paula
32526392
32526392
27275074
 Allan Christian Cembranel
32526392
32526392
 Alan Roger Santos-Silva
37462418
37462418
37357912
37356209
37288471
37246058
37198047
37183064
37174723
37168350
37150653
37115315
37076380
37074592
37055926
37051863
37045699
37045698
37037738
37023561
37018809
 Eliete Neves Silva Guerra
37464457
37464457
36976404
36963644
36923449
36775112
36725442
36208129
36203571
36153299
36114663
35880354
35713725
35605997
35368144
35301098
35153184
35152543
34551177
34224960
33991662
 E. Monreal
37455150
37455150
37438564
37112698
37002787
36944357
36907381
36836176
36832992
36801650
36749765
36365187
36178134
35805570
35272589
35208618
34834935
34722706
34609451
34535037
34301819
 J. C. Galán
 J. Masjuan
37175950
37175950
36889911
36749006
36318457
36200548
36148923
35981762
35163752
34638676
34528353
34301819
33408167
33406872
33390866
33387891
33272131
33236261
33176324
33165922
33083917
François Bénézit
 Paul Le Turnier
37389381
37389381
37376570
37116577
37104345
36880753
36760090
36730157
36601747
36332877
36331990
36233315
35857576
35854997
34604908
34603707
34576754
34517049
34410501
34125067
34120184
 Charles Declerck
37353977
37353977
37052331
36442386
35962570
34896661
33664936
32304632
 Cécile Paillé
36814749
36814749
35631564
32519202
31836888
31659558
31500579
31346822
31342926
31256410
30892650
30617566
30524070
30447295
28714587
28644889
28269552
28268618
20721821
17905550
11478828
 Matthieu Revest
37353977
37353977
37248684
37107042
37088439
36795280
36561723
36378501
36108718
35862809
35447056
35253890
34858368
34655401
34435591
34425029
34161048
34160992
34160991
34120184
34095339
 Vincent Dubée
 Pierre Tattevin
37354937
37354937
37353977
37207520
37179164
37147149
37088439
37070541
37061101
36922460
36916263
36889644
36880753
36866973
36795280
36683307
36644590
36570969
36461934
36438274
36191847
 Cédric Arvieux
37458969
37458969
37429782
37373879
37317865
37303236
37268802
37202266
37015896
36795280
36306111
36242742
36115536
36094891
36031640
36008216
35778645
35760346
35639123
35597508
35471611
 Marion Baldeyrou
37198604
37198604
35760346
33964486
32758534
32665030
32557563
29248586
30512465
 Jean-Marc Chapplain
35698029
35698029
32706879
26544705
25849843
25698771
25224954
24946849
24365857
23920620
23800784
23300244
21388941
17208042
16672427
16163647
15602126
15075524
12142642
11976990
 Pauline Comacle
36787721
36787721
31703325
27335058
27038797
 Solène Patrat-Delon
 Anne Maillard
37434504
37434504
36865328
36864136
36787721
36672911
35949952
34769110
34288517
34285187
34245168
34226486
34100068
33796508
33753722
33677082
33643368
33561691
33546725
33542195
33384013
 Mélanie Poinot
 Charlotte Pronier
37240937
37240937
37086922
36897848
36787721
36383523
35768794
35032794
34627988
34370316
34212315
33893570
33677082
33609934
33591000
33263066
32859241
32652942
32609083
32570044
32522575
 Faouzi Souala
35768794
35768794
32333726
21388941
21358375
20962614
18673538
16443045
16191890
15602126
15075524
12850158
12172743
11976990
 Vincent Thibault
37086922
37086922
36787721
36383523
35768794
35648171
35465980
35456762
35273311
35144725
35032794
34774895
34627988
34619397
34604721
34265462
34250530
34050951
33934560
33677082
33616973
 Pierre Abgueguen
37176590
37176590
36786240
34896661
34245060
32605085
31374343
31212103
29806997
28602874
27936929
27287833
24678987
24280663
24265811
22049045
20569743
19914127
19733030
19552206
19217336
 Hélène Cormier
 Valérie Delbos
 Marine de la Chapelle
34896661
34896661
33019420
 Alexandra Ducancelle
35715541
35715541
35283720
35235825
35211992
35183302
34948447
34873718
34858406
34754430
34489522
33752951
33636428
32669381
32629186
32593133
32413363
31539347
31501487
29735962
28692443
 Rafael Mahieu
36867272
36867272
36442386
35854995
35599112
35211992
34932935
34896661
34743769
34653718
34362324
34004154
33690674
33678285
32888112
32863555
32306144
31926353
31495643
31400471
31212103
 Valérie Rabier
 Sami Rehaiem
 Yves Vandamme
30698733
30698733
27287833
24678987
24280663
 Charlotte Biron
37277727
37277727
33091021
27882384
27175626
27128103
23837895
22731114
21760529
19948042
19193273
18251726
16283419
15808143
 Jeanne Brochon
 David Boutoille
37419276
37419276
37353977
37168075
37098636
37052569
37008823
36813259
36760090
36720384
36129706
36124844
35854997
35748614
35695691
35691604
34986227
34945223
34702233
34604908
34293150
 Marie Chauveau
37079647
37079647
36586513
35803386
34019653
32950711
32697326
31424548
30689937
27506681
24901259
21714011
21469202
 Colin Deschanvres
37168075
37168075
37008823
36760090
36460531
35691604
34651192
34604908
33813113
33781341
32950711
32768449
32699907
32601687
31858123
31776705
31307987
30615098
30420481
27936929
 Benjamin J Gaborit
34604908
34604908
34019653
32697326
32601687
32443151
32325035
31776705
 Joël Jenvrin
 Raphaël Lecomte
37470477
37470477
37442917
37423032
37409032
37390800
37375599
37331824
37301021
37152446
37052569
36913346
36769694
36760090
36760032
36759359
36705963
36653167
36621399
36481823
36427227
 Maeva Lefebvre
37176590
37176590
36587737
36437298
36049344
35779764
35513532
35262533
33400777
33136758
33091021
32699907
30341638
28031361
27882384
22172770
21840042
20735946
19110298
 François Raffi
Filiz Cebeci Kahraman
37435287
37435287
36891626
36437575
36435635
36090715
35780311
34233904
34087034
33188578
33000526
32945095
32657516
32520428
29984848
Eléonore Chary
37464490
37464490
37361187
37313371
37279192
37261219
37234556
37204799
37202617
37090953
37054983
37034721
36915570
36879004
36862334
36755032
36732786
36609718
36609334
36550259
36532902
 Florent Carsuzaa
37435619
37435619
37327360
37263820
37047067
36925924
36203460
36068323
35682987
35521750
35139735
35008843
34638287
34067697
33984351
32864848
32729227
32527141
32335323
31756652
31264120
 Jean-Paul Trijolet
36237941
36237941
32527141
21817940
21502472
 Anne-Laure Capitaine
36237941
36237941
32864848
32527141
 Mariam Roncato-Saberan
36418019
36418019
33724373
32527141
30601976
16962959
 Kevin Fouet
32527141
32527141
 France Cazenave-Roblot
35076000
35076000
32816095
32617649
32527141
32472191
27995055
26206702
 Mélanie Catroux
 Caroline Allix-Beguec
36418019
36418019
35925394
35776144
35733873
32943401
32862956
32527141
32441644
31391052
30784695
30280646
28339362
26116186
25599400
24172154
24147042
23859911
23671662
23383340
22505766
 Xavier Dufour
37435619
37435619
37047067
36708758
36203460
36068323
35914443
35682987
35521750
35359184
35066651
35008843
34192564
33248902
32864848
32729227
32569444
32527141
32335323
32221360
32008920
