Raef Fadel
37306148
37306148
37302273
35821729
35747122
35677833
35613950
35437511
35382212
35267172
34043744
33937864
33693506
33437898
33372746
33089042
32945856
32722950
32654332
32543702
32427279
 Austin R Morrison
35001670
35001670
34768207
34752550
32660113
32646770
32484121
32427279
32314799
 Amit Vahia
34236024
34236024
32654332
32646770
32604415
32543702
32427279
22354290
 Zachary R Smith
37213428
37213428
37124478
36798331
36795625
36730051
36730050
36454688
35774011
35613039
35560036
35157002
35060999
34922480
34733492
32646770
32495842
32427279
32314799
32182522
32062969
 Zohra Chaudhry
34514710
34514710
34008917
33349940
32766815
32745629
32654332
32623082
32604415
32543702
32427279
 Pallavi Bhargava
34492174
34492174
34237804
33753786
33486208
32656998
32604415
32427279
32407256
32328588
31841384
28804120
26992353
26721328
24237936
23596513
23108491
22728618
22279272
12384840
 Joseph Miller
37433573
37433573
37390499
37349236
37213428
37181845
37125795
37028801
36923287
36914964
36800419
36795625
36730051
36730050
36675408
36590660
36581427
36454688
36396659
36318959
36196222
 Rachel M Kenney
37179765
37179765
37027958
37004756
36777952
36310803
36254520
35802753
35536577
35090351
34768207
34583800
34381269
33693506
33095647
32648506
32605686
32484121
32427279
31997476
31665269
 George Alangaden
37302273
37302273
37106506
36970430
36380574
36254520
35859992
35821729
35633095
35437511
35127437
35090351
35024376
34768207
34752219
34583800
34236024
33939276
33802391
33693506
33596025
 Mayur S Ramesh
35633095
35633095
35267172
33349940
32772098
32766815
32745629
32654332
32646770
32623082
32589700
32427279
30876614
30414909
29774531
26565008
22567489
14729762
 Varidhi Nauriyal
35237434
35237434
35156032
33339283
32604415
18496371
 Jayanth Lakshmikanth
 Asif Abdul Hamed
 Owais Nadeem
17334343
17334343
 Kristin Griebe
35774011
35774011
34636856
33594437
32646770
32495842
27032798
 Joseph M Johnson
36310154
36310154
36293090
35132426
34967253
34379400
34013166
33771993
32646770
32314799
31694831
31401067
29317461
27710762
25213252
23689130
19270272
19161372
18065476
16768494
15595789
 Patrick Bradley
37291378
37291378
37167950
36791514
36730566
36625427
36479669
36138165
36033250
35840361
35537143
35412022
35255046
35003956
34792398
34774726
34441400
34240690
34226992
34140281
34078682
 Junior Uduman
36176645
36176645
35727717
34088853
32809003
35372927
31202389
30429747
30309456
30139462
29107408
 Sara Hegab
35643741
35643741
34733492
34023574
33157552
32495842
29558853
27631708
27364620
22042735
 Jennifer Swiderek
35774011
35774011
34859491
33937864
33372746
32646770
31361849
30429761
26561525
19741064
 Amanda Godfrey
24590026
24590026
27845638
23207533
23205207
19946590
 Jeffrey Jennings
35815883
35815883
34800996
33372746
30991824
30836814
28677255
28571498
28487307
27764006
27631708
26324144
25940250
24909795
23283089
20181169
19198940
15563692
14527926
 Jayna Gardner-Gray
36779094
36779094
36736063
36701079
35420659
35317241
35079739
33902834
33372746
33165621
33052810
32653331
31393323
27364620
26218702
25837232
 Adam Ackerman
35525101
35525101
32675133
31033896
29799964
22855608
22588478
22679158
20118770
20309424
19074476
 Jonathan Lezotte
32878690
32878690
32675133
28911964
 Joseph Ruhala
 Linoj Samuel
37222587
37222587
37169448
36970430
36310803
35679501
35607972
35437511
35302440
34768207
34023573
33597258
33121617
32094123
32094122
32075904
31996444
31639731
31361849
31248660
30057928
 Robert J Tibbetts
36777952
36777952
36579258
34023573
32891736
32656998
29802235
29423923
27795348
27130476
25512418
23363838
22691610
21795003
21411778
19020072
17889490
16006078
12586413
 Indira Brar
37302273
37302273
37106506
36462572
36008926
35821729
35802753
35633095
35437511
35333100
34397746
33937864
33089042
32945856
32745629
32675771
32629687
32623082
32604415
32543702
32450956
 John McKinnon
37328184
37328184
37138358
36476505
36085197
34954095
34619437
34237804
34125632
34037449
34023574
33596025
33387997
33340752
33059567
32771461
32745629
32704973
32675771
32623082
32604415
 Geehan Suleyman
37302273
37302273
36970430
35821729
35437511
34752219
34273463
34236024
33937864
33596025
33089042
33002183
32945856
32604415
32543702
29704133
27816138
27130476
27108715
26629598
 Nicholas Yared
37169441
37169441
36514600
35333100
34252324
34247291
32675771
32604415
31572697
30946259
29465701
17127771
 Erica Herc
36774938
36774938
36462572
36381622
36179278
32945856
32937739
32861155
32645300
32604415
32166097
31118114
30016254
29877755
28807074
28402152
28384807
 Jonathan Williams
37329660
37329660
37218059
37078827
37055961
37019711
37018983
37005911
36938587
36867233
36848194
36824754
36792598
36789764
36738979
36724370
36669112
36484640
36464852
36442430
36369695
 Odaliz Abreu Lanfranco
34377837
34377837
32654332
32604415
32543702
29659764
27881213
27726778
25400984
23715037
23254432
22939417
22440526
22290982
22177667
21609259
18210741
 Anne Chen
37234146
37234146
37106506
36970329
35621653
34480952
33996864
33746590
33638090
33512798
33239006
32730358
32604415
32166097
30898958
28798246
26391404
24531688
23766610
23625610
23535730
 Marcus Zervos
37004756
37004756
36691997
36290076
36260859
36171833
35946316
35836748
35625286
35625204
35536577
35455359
35155713
34954095
34752227
34579179
34551225
34362546
34357579
34318297
33829982
 Eric Scher
31354375
31354375
23205207
23205202
21975614
20480752
21976002
Xiaowei Fang
37397920
37397920
37303052
37032864
36906312
36302625
35982101
35411157
35307056
35131010
34741878
34717838
34215077
34116348
33676694
33335520
33227513
33129191
32825893
32517705
32295710
 Qing Mei
37367017
37367017
37303052
37247027
36473563
35411157
34424285
33335520
33304100
33227513
33039249
32908132
32527343
32517705
32513835
32295710
32283153
32278502
31771717
30656956
30009733
 Tianjun Yang
37303052
37303052
35411157
33687643
33335520
33227513
32517705
32295710
32283153
30827306
30644911
30009733
28826117
28524024
27304305
25936461
25399899
24792881
24761657
23663583
22481181
 Lei Li
37484456
37484456
37481197
37479047
37478256
37475324
37474573
37469455
37468984
37463897
37463767
37460529
37460404
37454293
37453955
37453828
37453670
37452749
37446595
37446187
37441881
 Yinzhong Wang
37303052
37303052
36992655
36863738
36633401
36533696
36357054
36007458
35723514
35411157
34533447
32983180
32527343
32525303
32283153
32229257
31971359
28810543
27827524
26870111
25006627
 Fei Tong
37454467
37454467
37337853
37336147
37322976
37321999
37303052
37302237
37283490
37192894
37070570
37067711
37048538
37023321
37014285
37005081
36994382
36942933
36839952
36826876
36752556
 Shike Geng
37303052
37303052
33335520
33227513
32517705
32295710
32283153
31771717
 Aijun Pan
37303052
37303052
37272947
36789019
36785648
36473563
36103964
35449019
35411157
35307056
35172856
35131010
34173452
33687643
33378277
33335520
33227513
33203670
33184171
33039249
32527343
Yun Ling
37443424
37443424
37434480
37420335
37415511
37341660
37334841
37329712
37262997
37257299
37249178
37203559
37179192
37111986
37095086
37093185
37067827
37000349
36949347
36924630
36879549
 Shui-Bao Xu
32118639
32118639
 Yi-Xiao Lin
33628293
33628293
33268963
32587448
32118639
30675799
30356974
29768259
24671138
21174828
 Di Tian
37483619
37483619
37452850
37428247
37351637
37302222
37187388
37119203
37107648
37103630
37096832
37084151
37067751
37055608
36949347
36891754
36834655
36690952
36686197
36675875
36607551
 Zhao-Qin Zhu
32118639
32118639
22040436
21685274
 Fa-Hui Dai
35769892
35769892
35045853
32986229
32296181
32118639
32015508
30174887
 Fan Wu
37485609
37485609
37484825
37478743
37476961
37474002
37471666
37457025
37455409
37454336
37450617
37450238
37445001
37436986
37429864
37422675
37418381
37417342
37408837
37374924
37369345
 Zhi-Gang Song
36704486
36704486
36151450
35769892
35176118
35116611
35045853
34666873
33419880
33177390
33140861
32986229
32646711
32305243
32296181
32118639
32015508
31913342
30769075
28625769
27618603
 Wei Huang
37482019
37482019
37475677
37475301
37474888
37467620
37466631
37465108
37459728
37457948
37457573
37457314
37453217
37451793
37448441
37442136
37435996
37433774
37432574
37431034
37426596
 Jun Chen
37484369
37484369
37482681
37482600
37481997
37480074
37468667
37460871
37458306
37456842
37453348
37453333
37452473
37451810
37448515
37446745
37440424
37437359
37437245
37434274
37428468
 Bi-Jie Hu
37099843
37099843
36339336
32118639
31700880
27184934
25504075
24405539
24103203
24047808
23856111
23753633
22932165
22490686
22455967
21781510
21426726
21092441
19615150
19035230
18346323
 Sheng Wang
37482201
37482201
37470321
37457691
37445983
37445692
37442200
37420234
37409771
37408076
37397914
37389765
37388922
37387160
37387142
37382388
37381971
37366052
37349961
37348822
37343854
 En-Qiang Mao
36533251
36533251
35965826
35910848
34959222
34260550
33985505
33680109
33209680
33132754
33014217
32793696
32247267
32118639
31576113
31140993
29673592
29455288
28209258
27411463
27317405
 Lei Zhu
37482030
37482030
37478601
37475368
37462532
37459674
37457023
37438377
37437445
37433799
37432801
37418560
37416729
37396042
37395382
37368810
37368058
37362386
37355391
37353124
37344713
 Wen-Hong Zhang
37268605
37268605
36777850
36284093
35615302
35349863
35325101
35296780
35127548
34601149
34222435
34042560
33789759
33585263
33553466
33421578
32757712
32571745
32553881
32404108
32312864
 Hong-Zhou Lu
37324081
37324081
37032074
36396578
35717764
35659547
34790790
34653083
34474119
33310028
33273326
33252379
32988596
32844713
32571409
32515651
32501440
32312864
32118639
31406842
30921198
 Peng Lyu
37308431
37308431
36841049
36799382
36170797
35841967
35248924
35178185
35151751
34835669
34247363
33690044
33535379
33389237
33283739
33266205
33230701
32969864
31954693
31719837
31234333
Xiaofan Lu
37315151
37315151
37210015
37153387
37042759
36823338
36755363
36741313
36648745
36608555
36580634
36465405
36374555
36346310
36246600
36216310
36215722
35832632
35721082
35684936
35620783
 Taige Chen
37302369
37302369
36993811
36611828
35620783
35359626
33041186
32698822
32646506
32430057
32267160
32184037
 Yang Wang
37486617
37486617
37484808
37484502
37483969
37478744
37475847
37474568
37469424
37467146
37465522
37459706
37457837
37456259
37455940
37455569
37454483
37452917
37449560
37446911
37446099
 Jun Wang
37485959
37485959
37485393
37484718
37484525
37484000
37482226
37482021
37481684
37480833
37479167
37478422
37478352
37475371
37475254
37474487
37474030
37470889
37468529
37467857
37467101
 Fangrong Yan
37461311
37461311
37360864
37315151
37313712
37156731
36941537
36823338
36465405
36374555
36371823
36315407
36246600
36217826
36216310
35798905
35721082
35620783
35594366
35578917
35562805
