Helena Barrasa
36858039
36858039
35449037
34834314
34683983
34202113
33285217
32278670
32112965
31936614
31065685
30496913
29441476
 Jordi Rello
37440188
37440188
37436585
37370375
37317101
37268272
37245688
37211217
37167775
37085635
37059605
37031815
36790531
36789360
36789189
36782267
36669904
36585321
36553099
36551461
36358184
 Sofia Tejada
37440188
37440188
36585321
35931613
35876973
35533977
35477009
35203878
35151542
35074245
33947626
33902933
33861168
33670864
33358065
33172592
32859308
32650126
32473604
32347523
32278670
 Alejandro Martín
 Goiatz Balziskueta
34683983
34683983
32278670
 Cristina Vinuesa
32278670
32278670
28002069
 Borja Fernández-Miret
32278670
32278670
18727887
 Ana Villagra
32394211
32394211
32278670
25693449
23314894
23296630
22751376
22297667
18580520
17989165
17468567
16484897
15891339
15599163
15243686
15025772
14608459
14530760
12548027
12373473
11790648
 Ana Vallejo
36967243
36967243
36523996
34295912
32278670
31216007
28417934
26468208
25448398
24324445
20154365
20007129
 Ana San Sebastián
32278670
32278670
 Sara Cabañes
 Sebastián Iribarren
32278670
32278670
 Fernando Fonseca
37372090
37372090
37341220
37255122
37193252
37147676
37050099
36942083
36883802
36881832
36864245
36840536
36820714
36727594
36724838
36674698
36627777
36612728
36509021
36362377
36335440
 Javier Maynar
36858039
36858039
35449037
34683983
34202113
33285217
32278670
32112965
31936614
30712031
30496913
27683226
23908259
23817653
18307371
17356270
16291417
16239363
16137353
15978309
15647409
Pavan K. Bhatraju
37457915
37457915
37292692
37273234
37248708
37205332
37178093
37103955
37099286
37045721
36790189
36600780
36567786
36519995
36284548
36209335
36201483
36050993
35986336
35919517
35710995
 Bijan J. Ghassemieh
32227758
32227758
28137488
26890477
26866439
 Michelle Nichols
37139815
37139815
36689592
36634397
35962619
35951660
35819393
35759418
35415905
35355265
35198212
35144922
35105185
34887656
34840187
34767317
34284943
34197215
33913767
33470991
33350708
 Richard Kim
37483311
37483311
37454724
37406335
37359413
37358854
37340635
37243592
37230754
37224609
37210030
37195343
37192792
37165897
37146218
36967405
36942492
36932910
36803080
36796089
36738333
 Keith R. Jerome
37466213
37466213
37214809
37207227
37199630
37165032
37162835
37126090
37074875
36951943
36809468
36712077
36695358
36693927
36519118
36352021
36272098
36178789
36146679
36095012
36069983
 Arun K. Nalla
33655324
33655324
33655319
33006983
32556287
32535397
32511328
32444880
32405257
32269100
32227758
28536375
26512949
23441133
22984561
22511755
22177802
21945852
21855541
21813510
21455571
 Alexander L. Greninger
37466213
37466213
37346095
37279602
37214809
37183889
37165832
37162835
37099299
37099295
37097146
36940224
36913789
36878012
36856712
36802755
36798414
36797293
36763666
36732066
36711914
 Sudhakar Pipavath
37444527
37444527
37285083
37205332
37127203
36786906
35830884
35610068
35608267
34903059
34848676
34739887
33964516
33874973
33183067
32470156
32227758
31862440
31793991
31670294
31115618
 Mark M. Wurfel
37336058
37336058
37273234
37248708
37205332
37178093
37099286
37094100
37018921
36975209
36821369
36791309
36790189
36600780
36567786
36519995
36108888
36050993
35608267
35486077
35350814
 Laura Evans
37459888
37459888
37395055
37164574
36928012
36790189
36632444
36600780
36519991
36284548
36043503
35985343
35726987
35667747
35608267
35587274
35587214
35579918
35481878
35471939
35213552
 Patricia A. Kritek
36729002
36729002
36258878
33870323
33870317
33870282
33870281
33734938
32306488
32227758
32216877
32140601
33870265
33870264
31661296
31636831
31523994
31139732
30800944
30779527
29716910
 T. Eoin West
37457570
37457570
37020544
36877019
36814569
36570973
35994523
35961351
35852993
35608267
34909698
34848676
34727111
34478439
34394091
33986070
33874973
33602702
33593842
33534772
33221351
 Andrew Luks
37000143
37000143
36847809
36721497
36201281
35544405
35212006
35081281
34468285
33978479
33870282
33870281
33617754
33563458
33196294
33183067
33136114
33034744
32735170
32721248
32579436
 Anthony Gerbino
37424566
37424566
36781101
35311225
33204543
32227758
23588364
23304996
18071023
11744671
 Chris R. Dale
32227758
32227758
 Jason D. Goldman
37352211
37352211
37278994
37193826
37180102
36969241
36864666
36817759
36694448
36679852
36454570
35658503
35547855
35484176
35216672
35212363
35123660
34788328
34514710
34489601
34480861
 Shane O’Mahony
 Carmen Mikacenic
37336058
37336058
37205332
37125997
37099286
36821369
36600780
36567786
36519995
35608267
35486077
35157553
34909698
34812186
34767537
34758269
34754946
34740959
34652268
34593707
34526076
Jun Chen
37484369
37484369
37482681
37482600
37481997
37480074
37468667
37460871
37458306
37456842
37453348
37453333
37452473
37451810
37448515
37446745
37440424
37437359
37437245
37434274
37428468
 Tangkai Qi
37286922
37286922
37078751
37026863
36782323
36777445
36651302
36441484
36356965
35219884
35130974
34999246
34732614
34588390
34307187
34158238
34149679
34074256
33952310
33892189
33594656
 Li Liu
37485877
37485877
37484938
37484822
37482573
37482304
37478041
37476494
37474710
37471384
37469864
37466395
37466182
37465451
37463561
37462398
37462246
37461672
37459834
37458069
37456862
 Yun Ling
37443424
37443424
37434480
37420335
37415511
37341660
37334841
37329712
37262997
37257299
37249178
37203559
37179192
37111986
37095086
37093185
37067827
37000349
36949347
36924630
36879549
 Zhiping Qian
36992343
36992343
36969896
36712653
36626326
36569093
36345143
36159019
36081337
36052222
35875559
35037228
34869500
34869468
34758747
34668629
34532334
34468963
34412498
34409052
34249983
 Tao Li
37484252
37484252
37484015
37476383
37476192
37475351
37474520
37470767
37468270
37464413
37460531
37458756
37454871
37446479
37445138
37443193
37439298
37430470
37426488
37424829
37424465
 Feng Li
37484373
37484373
37479877
37478430
37477629
37470116
37466303
37465027
37464447
37462692
37461690
37461034
37460620
37459265
37455452
37454686
37447771
37442191
37437852
37437614
37435540
 Qingnian Xu
36109709
36109709
34668629
33148005
32671131
32573353
32391667
32275643
32171869
28680448
27293460
26896597
26848866
26760979
26572488
26506519
26221327
26175398
26136615
25798051
25247194
 Yuyi Zhang
37484905
37484905
37389766
37032783
37010326
36999445
36903087
36802635
36750610
36733884
36712653
36518663
36203089
36082417
36030397
35610968
35469019
35424877
35389232
35197503
36654204
 Shuibao Xu
37286922
37286922
36441484
35130974
34158238
34074256
33892189
33594656
32671131
32434211
32171869
32118639
 Zhigang Song
37381224
37381224
37376512
37312006
37075488
36935138
36926838
36921563
36712915
36704486
36537371
36522791
36512727
36465348
36408137
36282376
36253911
36206337
36151450
36084503
35921553
 Yigang Zeng
36129287
36129287
35471480
34960610
34926329
34756078
32928222
32312307
32212918
32171869
30868687
29723851
28826163
26397152
24824041
24480999
24069260
23667514
23609182
23399020
23354591
 Yinzhong Shen
37286922
37286922
37085231
37026863
36782323
36685921
36441484
36309305
36187617
36062074
35637337
35579892
35219884
35130974
34999246
34732614
34588390
34318871
34307187
34281390
34158238
 Yuxin Shi
37392260
37392260
37387285
37318854
37304906
37193249
37176865
37037249
37031579
36959751
36774341
36662150
36656084
36625741
36575881
36470654
36464364
36389319
36337961
36230547
36215885
 Tongyu Zhu
37332779
37332779
37255423
37184280
36915661
36859428
36658472
36636832
36211389
36207299
36129287
36070781
35847060
35795483
35699239
35619579
35471480
35443747
35304437
35223891
34960610
 Hongzhou Lu
37484496
37484496
37459867
37331800
37324081
37254144
37245987
37245543
37181365
37100801
37034346
37032074
37026863
37024795
36990764
36937849
36928222
36915970
36782323
36685921
36682801
Nanshan Chen
36719280
36719280
34861398
34379989
33522958
33167955
33078367
32632816
32187464
32007143
28276680
 Min Zhou
37480625
37480625
37477756
37455170
37451017
37432144
37408805
37406883
37406357
37403923
37394676
37393420
37391563
37389546
37388220
37384959
37378311
37371903
37367994
37353022
37336074
 Xuan Dong
37392534
37392534
37300490
37177218
37175284
36992480
36968480
36851575
36773438
36747238
36735969
36734916
36618330
36505276
36462642
36443688
36354585
36311432
36282820
36121241
36076167
 Jieming Qu
37461235
37461235
37403923
37311354
36910077
36868960
36827175
36777445
36708692
36669778
36574216
36466682
36463140
35941654
35930458
35863486
35863038
35835754
35830201
35710264
35619189
 Fengyun Gong
36118035
36118035
35797981
35235711
33421381
33172477
32187464
32007143
31010740
29754146
29270742
29246288
28714412
28325280
26629169
24765205
24649102
24219865
23090643
22886968
22684551
 Yang Han
37483090
37483090
37482682
37475042
37469778
37467939
37464984
37457937
37455278
37449071
37446962
37445936
37439148
37434184
37420701
37408037
37406748
37395372
37382407
37381948
37381058
 Yang Qiu
37393175
37393175
37332943
37298501
37273686
37254422
37185836
37184875
37165434
37104090
37032786
37023933
37019233
37001614
36943280
36883266
36870574
36822310
36807706
36801296
36778059
 Jingli Wang
37476915
37476915
37282965
36948796
36522374
36400273
36184090
36155627
36057301
35983360
35905881
35687677
35276235
35104378
34802422
34705513
34599631
34559072
34557227
34148283
33529894
 Ying Liu
37486235
37486235
37486143
37485926
37485569
37484777
37484718
37483389
37481563
37481151
37481091
37480813
37480065
37479565
37479187
37478665
37478133
37476195
37476154
37471209
37470451
 Yuan Wei
37479506
37479506
37476942
37460872
37456304
37455079
37454562
37449493
37446537
37443030
37442135
37439870
37437160
37417966
37406171
37400468
37393818
37393242
37357223
37355762
37349531
 Jia'an Xia
34355001
34355001
32631393
32200645
32167524
32105632
32007143
31368243
28224433
 Ting Yu
37482887
37482887
37385099
37375414
37340824
37340423
37335900
37333592
37329852
37328300
37284884
37270965
37261895
37257812
37256919
37243666
37243598
37218529
37202601
37189163
37181910
 Xinxin Zhang
37480000
37480000
37468937
37467419
37458289
37457357
37455295
37442051
37370596
37364134
37361265
37355354
37354639
37353750
37347215
37310396
37303803
37270171
37259071
37257517
37254084
 Li Zhang
37486420
37486420
37486153
37485882
37484525
37483523
37480014
37478270
37478238
37477378
37475116
37471667
37467977
37467357
37466874
37465924
37463493
37463246
37463001
37462709
37462215
Tao Chen
37486200
37486200
37484958
37483342
37480342
37471530
37470782
37468894
37467469
37466763
37462929
37460123
37453141
37452074
37450577
37448873
37441896
37435711
37432798
37431945
37431174
 Di Wu
37481602
37481602
37480565
37470067
37469398
37466798
37463592
37460011
37459711
37459663
37459063
37457837
37457816
37454462
37451094
37450367
37450364
37447414
37444884
37438273
37435533
 Huilong Chen
37397728
37397728
37254040
36748190
36508249
36312378
35781367
35562653
35355601
35185998
35066637
35051503
34663264
34390330
33776910
33681736
33628105
33050972
32854750
32279676
32258151
 Weiming Yan
37388281
37388281
37315816
36878044
36572737
36427723
36177348
35926777
35801804
35460174
35259374
35149125
35125831
35026259
34994217
34848218
34594213
34391513
34390330
34387835
34282382
 Danlei Yang
37127200
37127200
36430782
36349586
36184338
36139122
35489519
35431087
34936228
34565583
33443505
33183266
32980130
32217556
32158203
27216214
26885033
26251585
25565795
23517391
23300791
 Guang Chen
37485517
37485517
37477381
37467691
37462846
37456312
37446367
37446207
37420806
37392004
37318887
37307187
37284065
37270147
37260444
37253905
37240056
37229259
37216722
37214441
37184934
 Ke Ma
37482112
37482112
37474991
37469573
37444285
37423169
37420017
37408861
37390238
37381466
37379215
37365592
37328117
37327385
37300662
37285424
37274309
37273903
37268878
37238618
37212322
 Dong Xu
37478264
37478264
37471098
37464378
37440529
37435839
37429959
37424174
37422114
37417561
37416728
37403633
37399108
37394416
37392691
37389760
37374427
37364831
37348716
37344379
37328796
 Haijing Yu
37280619
37280619
37115401
36057703
35787161
35682185
35356325
35331583
34390330
33482151
33075079
33026573
32922520
32854750
32217835
32217556
31937165
31830623
31357085
30650393
30619295
 Hongwu Wang
37482355
37482355
37430569
37389043
37347056
37315670
37249837
37185224
37094822
36910649
36871358
36846009
36832135
36814226
36791380
36702348
36679067
36580772
36463748
36401449
36389015
 Tao Wang
37485687
37485687
37484531
37483241
37482970
37480594
37478850
37477881
37474444
37470905
37470826
37468168
37467718
37466431
37463940
37462055
37461596
37460861
37455771
37454679
37453380
 Wei Guo
37484905
37484905
37483385
37482028
37478753
37478491
37476985
37469555
37467708
37465027
37457335
37455452
37449786
37448775
37446865
37438011
37434780
37434193
37426180
37425952
37404815
 Jia Chen
37474475
37474475
37462401
37455391
37455089
37434285
37424805
37421839
37410638
37395118
37381432
37343101
37341435
37324803
37316344
37310203
37305757
37301787
37283098
37255447
37254345
 Chen Ding
37473846
37473846
37460463
37459175
37436653
37415682
37404000
37402997
37402274
37399243
37395826
37342689
37328785
37274446
37228228
37194931
37185558
37172062
37168390
37158593
37144430
 Xiaoping Zhang
37480608
37480608
37449516
37404820
37394018
37376372
37376066
37368671
37356614
37346142
37338363
37325318
37318962
37300344
37294581
37290356
37285486
37267133
37216262
37207146
37193192
 Jiaquan Huang
37447072
37447072
37331201
37280619
37115401
36878044
36754951
36589083
36572711
36072332
35934762
35932973
35743127
35638797
35346577
34848085
34757361
34743252
34442301
34390330
34276617
 Meifang Han
36437367
36437367
35926777
35460174
35197452
35149125
34848218
34391513
34390330
34387835
33977332
33870432
33776910
33026573
32854750
32727811
32663850
32217835
32217556
31612388
31172415
 Shusheng Li
37464428
37464428
37399610
37001918
36516186
36279621
36178906
35943021
35840928
35611437
35431941
35219895
35154067
35004751
34860139
34712673
34532356
34488665
34379988
34290740
34290517
 Xiaoping Luo
37293501
37293501
37283655
37227574
37162176
37150982
37106126
37097751
37051251
36990068
36913109
36899776
36878044
36819678
36706253
36669772
36650520
36635911
36611640
36590006
36589818
 Jianping Zhao
37473504
37473504
37346551
37255213
37237310
37194612
37163068
37142578
37117273
37111842
37110567
37059987
37056936
37042826
37025008
37022025
36946608
36850124
36809694
36754276
36752798
 Qin Ning
37453139
37453139
37424676
37398660
37346771
37308915
37236544
37112543
37062986
37051251
37007873
36940948
36896629
36878044
36790652
36758548
36754951
36710337
36655747
36571711
36522132
