Carol H. Yan
36964286
36964286
36580290
36542694
36507615
36409559
36249088
36091633
35478953
35373533
35032409
34821478
34604819
34455569
34364539
34309228
34264269
34096193
33864717
33118690
33116139
 Farhoud Faraji
37308665
37308665
37304550
37255050
36378539
36139676
36066461
35879302
35571573
35456049
35102568
34879393
34850048
34450596
34329867
33998088
33957701
33651718
33367502
32846040
32743605
 Divya P. Prajapati
34096193
34096193
33864717
33218969
32964657
32513065
32329222
32279441
 Benjamin T. Ostrander
37001930
37001930
36171808
35861199
35571573
34620764
34006147
32329222
32097320
32088920
30921148
30908438
30904367
30471809
29995015
29499126
 Adam S. DeConde
36249088
36249088
35791572
35734889
35032409
34821478
34604819
34455569
34096193
33864717
32964657
32866287
32862746
32830895
32623838
32583950
32513065
32500006
32484425
32395913
32329222
 E. Monreal
37455150
37455150
37438564
37112698
37002787
36944357
36907381
36836176
36832992
36801650
36749765
36365187
36178134
35805570
35272589
35208618
34834935
34722706
34609451
34535037
34301819
 J. C. Galán
 J. Masjuan
37175950
37175950
36889911
36749006
36318457
36200548
36148923
35981762
35163752
34638676
34528353
34301819
33408167
33406872
33390866
33387891
33272131
33236261
33176324
33165922
33083917
François Bénézit
 Paul Le Turnier
37389381
37389381
37376570
37116577
37104345
36880753
36760090
36730157
36601747
36332877
36331990
36233315
35857576
35854997
34604908
34603707
34576754
34517049
34410501
34125067
34120184
 Charles Declerck
37353977
37353977
37052331
36442386
35962570
34896661
33664936
32304632
 Cécile Paillé
36814749
36814749
35631564
32519202
31836888
31659558
31500579
31346822
31342926
31256410
30892650
30617566
30524070
30447295
28714587
28644889
28269552
28268618
20721821
17905550
11478828
 Matthieu Revest
37353977
37353977
37248684
37107042
37088439
36795280
36561723
36378501
36108718
35862809
35447056
35253890
34858368
34655401
34435591
34425029
34161048
34160992
34160991
34120184
34095339
 Vincent Dubée
 Pierre Tattevin
37354937
37354937
37353977
37207520
37179164
37147149
37088439
37070541
37061101
36922460
36916263
36889644
36880753
36866973
36795280
36683307
36644590
36570969
36461934
36438274
36191847
 Cédric Arvieux
37458969
37458969
37429782
37373879
37317865
37303236
37268802
37202266
37015896
36795280
36306111
36242742
36115536
36094891
36031640
36008216
35778645
35760346
35639123
35597508
35471611
 Marion Baldeyrou
37198604
37198604
35760346
33964486
32758534
32665030
32557563
29248586
30512465
 Jean-Marc Chapplain
35698029
35698029
32706879
26544705
25849843
25698771
25224954
24946849
24365857
23920620
23800784
23300244
21388941
17208042
16672427
16163647
15602126
15075524
12142642
11976990
 Pauline Comacle
36787721
36787721
31703325
27335058
27038797
 Solène Patrat-Delon
 Anne Maillard
37434504
37434504
36865328
36864136
36787721
36672911
35949952
34769110
34288517
34285187
34245168
34226486
34100068
33796508
33753722
33677082
33643368
33561691
33546725
33542195
33384013
 Mélanie Poinot
 Charlotte Pronier
37240937
37240937
37086922
36897848
36787721
36383523
35768794
35032794
34627988
34370316
34212315
33893570
33677082
33609934
33591000
33263066
32859241
32652942
32609083
32570044
32522575
 Faouzi Souala
35768794
35768794
32333726
21388941
21358375
20962614
18673538
16443045
16191890
15602126
15075524
12850158
12172743
11976990
 Vincent Thibault
37086922
37086922
36787721
36383523
35768794
35648171
35465980
35456762
35273311
35144725
35032794
34774895
34627988
34619397
34604721
34265462
34250530
34050951
33934560
33677082
33616973
 Pierre Abgueguen
37176590
37176590
36786240
34896661
34245060
32605085
31374343
31212103
29806997
28602874
27936929
27287833
24678987
24280663
24265811
22049045
20569743
19914127
19733030
19552206
19217336
 Hélène Cormier
 Valérie Delbos
 Marine de la Chapelle
34896661
34896661
33019420
 Alexandra Ducancelle
35715541
35715541
35283720
35235825
35211992
35183302
34948447
34873718
34858406
34754430
34489522
33752951
33636428
32669381
32629186
32593133
32413363
31539347
31501487
29735962
28692443
 Rafael Mahieu
36867272
36867272
36442386
35854995
35599112
35211992
34932935
34896661
34743769
34653718
34362324
34004154
33690674
33678285
32888112
32863555
32306144
31926353
31495643
31400471
31212103
 Valérie Rabier
 Sami Rehaiem
 Yves Vandamme
30698733
30698733
27287833
24678987
24280663
 Charlotte Biron
37277727
37277727
33091021
27882384
27175626
27128103
23837895
22731114
21760529
19948042
19193273
18251726
16283419
15808143
 Jeanne Brochon
 David Boutoille
37419276
37419276
37353977
37168075
37098636
37052569
37008823
36813259
36760090
36720384
36129706
36124844
35854997
35748614
35695691
35691604
34986227
34945223
34702233
34604908
34293150
 Marie Chauveau
37079647
37079647
36586513
35803386
34019653
32950711
32697326
31424548
30689937
27506681
24901259
21714011
21469202
 Colin Deschanvres
37168075
37168075
37008823
36760090
36460531
35691604
34651192
34604908
33813113
33781341
32950711
32768449
32699907
32601687
31858123
31776705
31307987
30615098
30420481
27936929
 Benjamin J Gaborit
34604908
34604908
34019653
32697326
32601687
32443151
32325035
31776705
 Joël Jenvrin
 Raphaël Lecomte
37470477
37470477
37442917
37423032
37409032
37390800
37375599
37331824
37301021
37152446
37052569
36913346
36769694
36760090
36760032
36759359
36705963
36653167
36621399
36481823
36427227
 Maeva Lefebvre
37176590
37176590
36587737
36437298
36049344
35779764
35513532
35262533
33400777
33136758
33091021
32699907
30341638
28031361
27882384
22172770
21840042
20735946
19110298
 François Raffi
Andrea Giacomelli
37417271
37417271
37390811
37385285
37317783
37115764
37098947
37030631
36775704
36695464
36689312
36597859
36521564
36481096
36415133
36190370
36135619
36082684
36043240
36007659
35993271
 Laura Pezzati
36914095
36914095
35869660
35404963
35086438
35045808
34682369
34651605
34371077
34157984
34062183
33782207
33646509
33542096
33227514
32776534
32538221
32325127
32215618
 Federico Conti
36689312
36689312
35869660
35632768
35086438
35045808
34682369
34651605
34157984
34062183
33646509
33626045
33542096
33453329
33227514
32961253
32776534
32577427
32512519
32325127
32215618
 Dario Bernacchia
34076620
34076620
33626045
33227514
32961253
32650305
32446978
32325127
32222993
32215618
31230205
 Matteo Siano
35746657
35746657
35045808
34644336
34090124
34062183
33650967
33635844
32446978
32325127
32215618
30359962
 Letizia Oreni
37317783
37317783
37310576
37289732
37115764
37031355
36914095
36775704
36481096
36135619
35796710
35687293
35605811
35404963
35086438
35077770
35062367
35045808
34983306
34731116
34682369
 Stefano Rusconi
37386613
37386613
37207617
36992471
36927963
36840488
36801833
36775983
36708743
36259527
36097757
36038903
35830597
35760225
35746657
35551366
35499468
35443987
35249472
34999223
34784300
 Cristina Gervasoni
37390811
37390811
37331988
37310576
37071559
36787631
36728343
36712651
36551920
36290068
35979833
35499117
35086438
34870935
34829210
34750337
34221853
34198597
34076620
33864625
33850298
 Anna Lisa Ridolfo
37317783
37317783
37289732
37115764
36914095
36775704
36481096
35796710
35688417
35687293
35605811
35404963
35338871
35146340
35086438
35045808
34983306
34779362
34651605
34221853
34198597
 Giuliano Rizzardini
37417271
37417271
37115764
37030631
36775704
36660819
36538295
36521564
36481096
36478593
36346079
36082684
36043240
36007659
35993271
35934310
35796710
35738529
35687293
35572976
35527425
 Spinello Antinori
37420083
37420083
37417271
37390811
37317783
37310576
37289732
37264942
37115764
37071559
37030631
36914095
36869698
36775983
36775704
36728343
36712651
36597859
36547229
36481096
36423117
 Massimo Galli
37292212
37292212
37289732
37267680
37187697
36872400
36869698
36833481
36818497
36551414
36423117
36264401
36169798
36016246
35982650
35894064
35869660
35830597
35783409
35746453
35614003
T. Klopfenstein
37362538
37362538
36526892
36283468
35612500
32989889
30454021
28402796
28380587
27537840
25013996
22514099
19784808
19359504
30764271
12571468
11329306
11290229
11106814
9078300
7790080
 N.J. Kadiane-Oussou
 L. Toko
34832555
34832555
34518919
33046282
32957970
32798660
32387320
28750007
27941597
24916111
19242346
17508843
11924717
11745763
10931827
9066646
7487122
7487121
7181541
 P.-Y. Royer
 Q. Lepiller
32907890
32907890
 V. Gendrin
32870139
32870139
21763098
 S. Zayet
36109191
36109191
36093303
34832593
34392809
34247325
34036334
33425364
33200388
33190304
31531808
29102310
27743753
23885273
