Jianghong An
35726793
35726793
33784011
33145303
32793725
32546566
31751913
31736240
26733476
25506199
25230125
25117203
23798677
23460611
22623184
22177091
22072542
21909252
21129721
20696054
20081860
 Xuejiao Liao
37475148
37475148
37457721
37396140
37250171
37230974
36914890
36589219
36522677
36444724
36402756
36215047
36085321
35869631
35836765
35816225
35619176
35547259
35493732
35184681
35096849
 Tongyang Xiao
36750726
36750726
36465812
36071039
34996837
34675557
34663909
33791320
33251230
33145303
31804315
31496759
31456790
31398482
30065936
29084750
29050755
28588287
27005544
26980493
26254141
 Shen Qian
37484013
37484013
37432247
37432032
37425691
37422733
37416532
37383719
37380353
37355331
37325502
37266537
37226600
37203277
37195238
37189016
37184383
37183188
37168804
37123069
37107396
 Jing Yuan
37459867
37459867
37455314
37452841
37451027
37447340
37443478
37427770
37427339
37426001
37425996
37421063
37418988
37403577
37401940
37398698
37396357
37393030
37386882
37382846
37352757
 Haocheng Ye
36057256
36057256
34585238
34465850
34100633
33791320
33145303
33099582
 Furong Qi
37470432
37470432
37457721
37027476
36922648
36119105
36071039
35607524
35095917
34452933
34349096
34315869
33936072
33597547
33145303
33101705
32793725
32199615
32131728
30238319
28369576
 Chengguang Shen
33145303
33145303
 Lifei Wang
37437740
37437740
37358471
37310773
37306955
37298640
37277864
37274036
36985555
36852496
36749260
36730435
36729825
36614447
36584638
36510124
36455023
36342274
36204886
36163619
36149481
 Yang Liu
37486011
37486011
37485455
37485330
37484385
37483942
37483237
37482524
37482206
37482165
37481912
37481548
37480027
37479695
37477873
37477654
37477218
37477215
37476189
37475376
37475190
 Xiaoya Cheng
33145303
33145303
32099970
31695581
31523056
34530992
30203968
30149918
24751137
24632403
19699584
12594960
 Na Li
37484074
37484074
37482797
37479683
37479202
37478707
37474984
37471682
37469772
37467449
37465347
37463621
37456302
37455722
37454216
37450238
37450125
37449874
37449760
37446750
37446572
 Qingxian Cai
37002924
37002924
36928222
36883561
36643044
34667824
34349096
34322497
33392360
33145303
32958625
32761993
32634547
32409502
32387074
32351050
32346491
32298767
32239761
32122299
32070272
 Fang Wang
37486153
37486153
37485595
37485065
37483421
37481893
37480257
37480052
37479494
37478679
37477650
37475225
37469162
37468903
37465984
37465363
37460766
37458773
37458706
37454082
37450840
 Jun Chen
37484369
37484369
37482681
37482600
37481997
37480074
37468667
37460871
37458306
37456842
37453348
37453333
37452473
37451810
37448515
37446745
37440424
37437359
37437245
37434274
37428468
 Guojun Li
37327315
37327315
37202767
37193251
37186821
37178654
37072656
37038792
37010570
36995994
36930804
36826326
36817915
36810664
36733402
36606883
36562258
36514351
36463982
36386408
36378845
 Qiu’e Cai
 Yingxia Liu
37471184
37471184
37459867
37396307
37395346
37245543
37181088
36928222
36874104
36791943
36714132
36681668
36643032
36522750
36427780
36304493
36196429
36085321
35992363
35958248
35928154
 Yunfang Wang
37468667
37468667
37211139
37158387
37126892
37076725
36919813
36867623
36804859
36638165
36575135
36532586
36478519
36158676
35915074
35838234
35656304
35614843
35512589
35463361
34875515
 Feng Zhang
37485723
37485723
37485609
37480694
37478601
37478165
37475627
37467690
37462027
37459259
37455724
37449836
37441936
37432306
37420654
37410647
37402923
37396763
37392965
37392496
37390921
 Yang Fu
37467820
37467820
37452758
37440004
37438532
37418892
37416884
37385058
37381467
37368244
37353787
37273607
37260959
37249555
37204665
37189019
37169050
37146706
37139575
37137351
37116727
 Qing He
37469397
37469397
37455905
37436471
37409881
37378530
37345756
37330937
37324482
37322867
37288856
37286739
37278203
37273826
37260439
37250310
37235964
37224239
37211944
37206431
37206141
 Xiaohua Tan
37482748
37482748
37457646
37426413
37354780
37329188
37280048
37243325
36878846
36808400
36703989
36647940
36609933
36597456
36505254
36457702
36226607
36111374
36109080
36064576
35897843
 Lei Liu
37483430
37483430
37481946
37481151
37478720
37478163
37477871
37475708
37463541
37463020
37461770
37461391
37461207
37449199
37448746
37441237
37438872
37436938
37434986
37432456
37426132
 Zheng Zhang
37486153
37486153
37486121
37470432
37470320
37469235
37458397
37457721
37435056
37427811
37423037
37420952
37420624
37418718
37415241
37409966
37408679
37403400
37400367
37396140
37391039
Jie Chen
37483429
37483429
37482037
37481922
37480003
37479744
37479660
37478361
37477978
37476536
37473532
37471238
37464899
37459244
37456755
37456045
37453099
37449639
37449541
37449357
37447024
 Xiaoping Xu
37355624
37355624
37313777
37300688
37270308
37256088
37183546
37154247
37148179
37145164
37130182
37105284
37099274
37012824
37000075
36992290
36946492
36930572
36929870
36876169
36870956
 Jing Hu
37484401
37484401
37483732
37482333
37476483
37475007
37451631
37448360
37447752
37444143
37439696
37433856
37429666
37415131
37414585
37413916
37403837
37402713
37401860
37400420
37392859
 Qiangda Chen
37418574
37418574
36600557
36349143
35871313
35798891
35059985
34904411
34718325
34632851
34514722
34402138
34277458
34176089
33708956
32973929
32909961
32643277
31930046
 Fengfeng Xu
36892418
36892418
36507668
36363149
36243166
36105075
35441874
35152146
35073517
34976182
34847937
34548616
34465399
34275559
34272452
34173205
33584512
33010271
32909961
32896642
32653375
 Hui Liang
37481848
37481848
37481747
37474845
37452986
37395697
37351421
37336270
37325519
37322498
37286941
37259971
37224650
37208718
37200053
37197448
37189069
37187370
37161147
37161060
37140139
 Nanmei Liu
37190798
37190798
36604251
34921827
33285740
32909961
29749549
29667230
26456668
25412664
24338158
23918879
23884141
23794207
23624354
23374156
22490906
21865406
17363239
 Hengmei Zhu
36749999
36749999
35924273
34656383
33531822
32909961
32840148
22159350
21613793
21537828
19207862
 Jinlong Lan
32909961
32909961
26978942
 Lan Zhou
37474283
37474283
37466117
37397520
37327551
37302267
37284186
37241579
37223508
37138571
37079439
37069268
37034083
37028704
37003402
36998191
36985565
36972499
36963741
36963166
36866758
 Jiajun Xing
37188171
37188171
36510861
36315971
35946648
33392099
32909961
 Ning Pu
37418574
37418574
36628545
36600557
36439227
36381132
36349143
36014431
35871313
35798891
35780033
35612832
35451384
35420792
35059985
35046693
34904411
34792696
34718325
34692846
34632851
 Zhigang Cai
37474274
37474274
37427918
37392422
37324064
37271868
37251632
37238252
37201977
37166029
37056176
37009865
36971615
36749234
36749090
36727753
36571588
36359418
36348348
36267746
36249742
Q. Sue Huang
35598608
35598608
34953903
34482383
34262041
34255934
34147296
33948570
33647033
33579926
33200149
32856578
32675757
32531019
32525898
31941786
31718744
31678990
31513690
31364578
31275311
 Tim Wood
37473741
37473741
36901952
36067040
35830218
35782621
35728111
35667727
35394426
35242566
35000217
34637945
34482383
34387910
34337092
34255934
33956236
33579926
33401932
33237502
33223454
 Lauren Jelley
35821124
35821124
35141190
33948570
33900175
33579926
33400642
33311501
33200149
32525898
31718744
31623283
30274471
30016464
27373693
26071334
24395730
23692962
23110610
 Tineke Jennings
33579926
33579926
33200149
 Sarah Jefferies
35838532
35838532
35709433
35233774
34958131
34787778
34718782
34715802
34559423
34467991
34426804
34209555
33900175
33777822
33710615
33579926
33461766
33400642
33311501
33273313
33200149
 Karen Daniells
33579926
33579926
33200149
30586147
 Annette Nesdale
37414078
37414078
34531582
33579926
33200149
31945050
27806035
26905993
24481382
19859099
 Tony Dowell
36592770
36592770
35728158
34320619
34239152
33579926
33200149
32951702
30898600
30408813
29565938
28494479
26719482
24602688
24150262
24028348
22472714
21300425
21125078
20690354
19401008
 Nikki Turner
37414079
37414079
36860307
36827756
35728180
35728134
35698133
35417025
35248420
34531594
34045102
33579926
33200149
32951764
32868133
31830020
31830017
31674648
31647790
31614582
31465331
 Priscilla Campbell-Stokes
33579926
33579926
33200149
17609310
16101975
 Michelle Balm
37182906
37182906
36320197
34695098
33579926
33332345
33200149
32161416
31607377
31196812
28782216
28404675
27447138
26905993
25829036
25719855
25392357
24148135
23453619
23374756
22840461
 Hazel C Dobinson
37463351
37463351
34265316
33579926
33200149
33079959
32043701
30350895
29343684
28158395
26135858
26082464
 Cameron C. Grant
37126435
37126435
37036117
36958326
36958322
36754468
36592768
36521092
36241354
35861029
35728237
35403582
35244959
35214609
35206664
35062737
34964988
34953903
34797748
34482383
34212833
 Shelley James
37474158
37474158
37388288
37327832
37308536
37214658
37170947
37099534
36327314
36068015
36018045
35914006
35236727
35236294
35195045
35162071
34769934
34769800
34716168
34682653
33682001
 Nayyereh Aminisani
37400651
37400651
36619835
36619152
36471352
36262782
35673447
35137100
35128908
34595726
33579926
33564380
33417199
33200149
32856578
32525898
32138698
32133072
32028546
31881414
31667121
 Jacqui Ralston
34868014
34868014
33948570
33579926
33200149
31941786
31275311
30016464
29610662
29112724
23908945
20875294
 Wendy Gunn
33579926
33579926
33200149
31623283
30274471
30016464
28483992
27466468
23908945
 Judy Bocacao
33579926
33579926
33200149
31718744
30016464
23908945
19124585
 Jessica Danielewicz
33579926
33579926
33200149
 Tessa Moncrieff
33579926
33579926
33200149
 Andrea McNeill
36309507
36309507
35821124
35247266
34965365
34715802
34480534
33579926
33400642
33200149
33065023
31718744
16904193
16869936
 Liza Lopez
34262041
34262041
33754994
33579926
33200149
31718744
29884140
28144681
27031105
24079470
21668677
19453466
17589549
 Ben Waite
35760179
35760179
34953903
34147296
33948570
33579926
33200149
32531019
31941786
31678990
31623283
30274471
30016464
29112724
 Tomasz Kiedrzynski
35667727
35667727
33579926
33200149
28043222
27454745
27349165
26117672
25829037
 Hannah Schrader
37440561
37440561
36705425
36265686
35867772
33579926
33200149
30959087
 Rebekah Gray
36341487
36341487
33579926
33200149
 Kayla Cook
33579926
33579926
33200149
 Danielle Currin
36183598
36183598
34688116
33587397
33579926
33200149
32896384
 Chaune Engelbrecht
33579926
33579926
33200149
 Whitney Tapurau
33579926
33579926
33200149
 Leigh Emmerton
33579926
33579926
33200149
 Maxine Martin
33579926
33579926
33200149
 Michael G. Baker
37390035
37390035
37289491
37252910
37209673
36997742
36893391
36717984
36691602
36658626
36646106
36569446
36529370
36455181
36271250
36213134
36038465
35999802
35999791
35987720
35789826
 Susan Taylor
37236722
37236722
37230365
37223905
37223110
37212165
37167938
37128629
37066274
37043829
36993163
36933928
36924935
36892429
36859094
36855225
36813135
36764356
36763861
36745362
36735815
 Adrian Trenholme
34953903
34953903
34482383
34147296
33579926
33263515
33200149
33084587
33067310
32856578
32726529
32675757
32531019
32525898
32094154
31364578
30016464
29125216
28430397
26905995
25283480
 Conroy Wong
37429685
37429685
36628672
36404576
35728191
35675149
34795034
34708111
34570994
33590570
33585655
33579926
33313422
33200149
33084587
32587699
32531019
32525898
31678990
31405828
30016464
 Shirley Lawrence
36648469
36648469
34024629
33586069
33579926
33449450
33263515
33200149
32798993
32094154
31672520
31551139
31468469
31369053
31272813
31154940
31034565
31011903
30820785
30675703
30463743
 Colin McArthur
37405413
37405413
37343576
37314244
37039790
36942550
36525245
36479278
36456249
36215171
35660843
35608484
35315874
35012761
34895985
34800996
34673891
34606578
34402173
34351722
34351721
 Alicia Stanley
33579926
33579926
33200149
 Sally Roberts
37395490
37395490
37277236
37039559
36846815
36704827
36338137
36227116
36201728
36049792
35728152
35203279
35125201
34735550
34695090
34531591
34440768
34440671
34423830
33838922
33787363
 Fahimeh Ranama
33200149
33200149
 Jenny Bennett
35939420
35939420
33579926
33200149
20400570
19139236
17720842
17521363
16672424
 Chris Mansell
35195336
35195336
34605121
33767480
33579926
33200149
30496162
27873697
24481380
22595924
17515945
16138172
 Meik Dilcher
36773772
36773772
36603330
36561679
35458388
34848508
33760278
33579926
33200149
32994618
32078595
31221888
30358526
30021826
29432420
26615220
26542354
25649667
25491420
24986085
24461712
 Anja Werno
36763091
36763091
36114621
35458388
34368726
33579926
33200149
32517260
32308193
32242175
32161416
32078595
31237834
30021826
28878004
28367738
27999016
26905989
26523022
26135858
26117393
 Jennifer Grant
37344093
37344093
37072861
37071589
37005988
36890850
36863978
36731196
36434666
36337603
36337356
36223119
36199248
35739419
35704778
35274118
35243432
35190328
35045989
35007248
34933882
 Antje van der Linden
33579926
33579926
33200149
31196812
30150477
22738785
21952387
19305985
18953395
15599747
12531444
 Ben Youngblood
36959018
36959018
36631639
36356156
35570136
35119937
34852226
34788079
34644568
34282328
34129822
33690816
33644866
33579926
33200149
32624330
32507312
32231298
29479065
29403491
29236685
 Paul G. Thomas
37461683
37461683
37391405
37290501
37248417
37052506
37036008
37030296
36993205
36958334
36939421
36851695
36718537
36596894
36551771
36476997
36428091
36425549
36302969
36221269
36206339
 Richard J. Webby
37248261
37248261
37193732
37166327
37162920
37112926
36989367
36926342
36843223
36776748
36695597
36679981
36678384
36610728
36603507
36517469
36459536
36417959
36328072
36323336
36255426
Minlin Jiang
37224550
37224550
35281414
34927899
34840703
34729299
34604048
34532488
34436851
34430356
34350261
34290908
34093873
34029741
34006632
33976553
33832322
33758510
33717593
33705885
33591942
 Ya Li
37478040
37478040
37467335
37450079
37443401
37441702
37420739
37399803
37395147
37393448
37392060
37384900
37382653
37379456
37378527
37366043
37354795
37346409
37343431
37340922
37340744
 Mingli Han
37420031
37420031
36686765
36199303
35820907
35768868
35704908
35664779
34689819
34116680
34094664
33896421
33397365
33273726
33257643
33244865
33162971
33121324
33072568
32944002
32735773
 Zhenhua Wang
37460070
37460070
37459462
37446291
37431037
37426196
37408615
37408585
37407526
37403593
37401457
37390524
37358255
37346754
37312966
37298885
37292516
37292041
37247321
37246246
37234479
 Yuhang Zhang
37453867
37453867
37446750
37444971
37419344
37418901
37414260
37347635
37322464
37317782
37313127
37269738
37268073
37267343
37249278
37244002
37242054
37219050
37211158
37204868
37175988
 Xinwei Du
37287629
37287629
36366600
35430864
34940823
34872757
33194192
32318703
32289343
32283161
32114043
32093619
31416536
31052788
30654286
29969617
29358023
28967205
28930836
28789799
28786617
Hong Zheng
37473910
37473910
37463332
37457737
37454113
37449229
37440217
37434117
37432907
37429013
37421927
37400975
37358727
37351833
37350849
37346150
37324285
37286596
37251943
37241738
37236969
 Yiran Hu
37132137
37132137
37056062
36758949
36537346
36535919
35576654
35502185
35493119
35398251
35241173
34984026
34465693
34369023
33887449
33839174
33751472
33616880
33370803
33314797
33240942
 Li Dong
37486750
37486750
37486353
37482144
37481678
37480636
37477368
37474975
37470691
37469042
37466949
37465101
37453157
37453035
37449045
37443810
37441606
37437628
37433801
37433783
37433306
 Qi Shu
37378676
37378676
37313561
37228596
37126732
37105513
37044346
37016894
36844874
36827924
36541603
36263210
36116563
35938036
35895818
35852674
35850814
35777529
35770600
35631769
35610007
 Mingyang Zhu
37266156
37266156
37083291
36874006
36725457
36407440
36165190
36010834
35528974
35514130
35023311
34078439
34008614
33987407
33201426
33141993
32867503
31958320
24145479
24029906
22781569
 Yuping Li
37454113
37454113
37432907
37417397
37415121
37322852
37298726
37235939
37195012
37108155
37016293
36867539
36862149
36818655
36781027
36746264
36744246
36739755
36718444
36711836
36684013
 Chengshui Chen
37462807
37462807
37426126
37417397
37331543
37245303
37234758
37166489
36934380
36698460
36629041
36495131
36461597
36387164
36329620
36187941
36091165
36090647
35954241
35877022
35858249
 Hongchang Gao
37473910
37473910
37454113
37432907
37334756
37312153
37127173
37126732
37094397
36943093
36585111
36459717
35950184
35761396
35761156
35715864
35688435
35595221
35369440
35303679
35284551
 Li Yang
37485978
37485978
37485627
37485353
37484699
37484501
37484383
37484163
37482682
37482211
37479877
37479683
37479016
37478765
37477881
37477123
37476071
37475307
37475258
37474949
37474893
