Joelle O’Neil
 Susan Hughes
37165752
37165752
36718845
36478627
36426418
35791311
35521008
35507107
35493932
35445687
35305867
35184576
35130043
34845825
34822340
34741306
34719246
33874999
33709042
33559401
33374957
 Andrea Lourie
37410788
37410788
37405313
36462295
31188075
27508952
24881128
20722061
18450126
 John Zweifler
34469034
34469034
27167664
22778125
21317524
20181011
20164735
20051544
19007397
18450126
17893388
17565522
16735524
16092296
15883905
23253466
14507617
12350058
M. Jawad
37343705
37343705
37331261
37248281
37172765
37123137
37049526
37017770
37012032
36982712
36975598
36829187
36811724
36794599
36654083
36640240
36550257
36521662
36336068
36135868
36092927
 R. Schoop
36986225
36986225
35980652
35676485
33832544
33333722
32907596
27385188
25659009
21986890
21881884
19685146
18708764
16678640
16220977
2591183
2657361
2522079
6280629
 A. Suter
37478433
37478433
37459539
37459247
37458090
37452435
37447388
37442671
37420381
37419872
37415209
37398393
37395282
37391669
37382043
37376866
37345829
37341314
37341312
37341311
37334480
 P. Klein
26284178
26284178
 R. Eccles
36703164
36703164
36629403
36450437
35767923
35389069
34520675
34341517
33464981
33447113
32545548
31940481
31673082
30802821
30683880
30134598
30083516
29893623
31517176
29225062
29130244
E. Tiralongo
37189534
37189534
34943555
34504270
33622724
32933343
32784003
29104260
27395805
27023596
26982796
26902488
25856678
24671091
23846168
26105609
22351762
21280113
21125390
19002274
18221569
 R. A. Lea
 S. S. Wee
 M. M. Hanna
 L. R. Griffiths
