Craig Brammer
32919586
32919586
22973800
22608869
22216869
21471501
21465896
21314214
20820025
 Stacy Donohue
33454583
33454583
32919586
 Timothy Elwell
33454583
33454583
32919586
28516505
27974869
 Eliza Fishbein
33454583
33454583
32919586
 D'Ante Forschino
 Dorothy Horne
32919586
32919586
 Buffy Lloyd-Krejci
32919586
32919586
 Jessica Little
37486599
37486599
37391632
37259951
37104686
36993360
36906276
36799469
36329015
35917540
35802461
35676823
35526780
35504908
34947040
34400044
34233964
34022099
33622776
33589842
33534978
 Bistra Nikiforova
32919586
32919586
 Elizabeth Winterbauer
33454583
33454583
32919586
24343886
Ayesha Appa
35759251
35759251
35380287
35139877
34508704
34233752
34109255
33978726
33904900
33409331
32839781
32821935
32511482
32494584
29071284
25146458
24618096
24072011
23773505
 Gabriel Chamie
37408473
37408473
37280036
37220015
37000383
36961855
36473203
36342940
36301834
36217183
36215069
36201226
35982635
35908553
35749510
35616939
35286144
35103888
35018317
34939083
34919862
 Aenor Sawyer
37193709
37193709
36460679
34233752
34109255
33442575
32839781
32827329
32511482
31411437
27549989
26250503
25745892
23698572
22886910
22658001
21443975
12851367
 Kimberly Baltzell
37438774
37438774
37220134
36745667
36062416
34233752
34193475
33752673
33211744
33024845
32764221
32733657
32511482
32419692
32041561
31595873
31315631
31307494
31200600
29889810
29372177
 Kathryn Dippell
34233752
34233752
32511482
 Salu Ribeiro
36961855
36961855
34233752
32511482
 Elias Duarte
36790168
36790168
34385463
34233752
34117227
34109255
34034658
33637093
33564754
33146722
33112933
32840625
32839781
32511482
 Joanna Vinden
37242341
37242341
35730550
34233752
34117227
34109255
34013298
33564754
32839781
32511482
30559133
30418593
26691226
 CLIAHUB Consortium
34233752
34233752
32839781
32511488
 Jonathan Kramer-Feldman
34773280
34773280
34233752
33501538
32511482
28875254
 Shahryar Rahdari
34233752
34233752
32511482
30460546
 Doug MacIntosh
34233752
34233752
32511482
12602836
 Katherine Nicholson
37119480
37119480
36407950
35426491
34233752
32511482
31740545
31259593
31136007
29239974
27264165
25728572
25202471
24436974
23303054
22180350
21924562
21836464
23382151
20697696
20579432
 Jonathan Im
36918806
36918806
34233752
32511482
19802923
19627928
19479150
 Diane Havlir
37450436
37450436
37408473
37408322
37399555
37220015
37018493
36961855
36877848
36787723
36507688
36473203
36347059
36342940
36301834
36252253
36219705
36215069
36201226
36134602
36036933
 Bryan Greenhouse
37420214
37420214
37291425
37288661
37242341
37208120
37134083
37127688
37119030
37034660
36962736
36824880
36798288
36792575
36792574
36790811
36790168
36696483
36584122
36239699
36228916
Min Cheol Chang
37434359
37434359
37355804
37338565
37337603
37322423
37294087
37220633
37218143
37205743
37176665
37171341
37171314
37168846
37120584
37120377
37016305
37007578
36990376
36988356
36940397
 Wan-Seok Seo
36891595
36891595
35196830
34510867
33971697
33096399
32942349
32466523
32295326
31674161
30288157
28687447
28326118
26847985
25740085
24519694
23251204
20927306
20478740
20041056
18439116
 Donghwi Park
37434359
37434359
37322423
37176665
37171314
37120584
36990376
36582658
36552552
36458369
36291450
36230938
36228233
35836136
35754262
35639850
35556260
35468715
35455844
35407570
35385898
 Jian Hur
37370283
37370283
37100782
36880107
35706078
35632834
35632623
34817278
34408188
33958526
33897912
33606699
32942349
32894853
32794386
32757497
32635290
32602272
32597046
32537954
32513618
Marci L. Drees
32684180
32684180
26769283
21139034
 Mia A. Papas
36986094
36986094
36282285
35973033
33688638
32977725
32705816
32684180
34467098
31784392
31452492
30295700
30081494
29979923
29360158
29117094
28758601
28669372
28573871
28242593
34466889
 Terri E. Corbo
32684180
32684180
 Kimberly D. Williams
35973033
35973033
35846074
35402853
32816540
32684180
34467108
31044646
28423982
26567144
26179444
24022874
22312056
22131202
20421919
19728540
18778532
18494372
 Sharon T. Kurfuerst
32684180
32684180
Erin F. Flynn
37213121
37213121
32479895
29860237
21268586
 Elizabeth Kuhn
37258299
37258299
37085328
37061167
36706574
36641644
36258017
36226046
36215061
36156308
35843110
35606867
34720998
34704027
33032654
32479895
32202593
31286994
30715491
30611156
30489190
 Mohammed Shaik
37483412
37483412
37445822
37373394
37371579
37305313
37298090
37025362
36831067
36771872
36771651
36768686
36728697
36722275
36672725
36615440
36556488
36500672
36499868
36499412
36432023
 Elizabeth Tarr
32479895
32479895
31413069
31056465
29588345
 Nicole Scattolini
32479895
32479895
 Allison Ballantine
32479895
32479895
26642122
25132324
20440783
20368494
17933624
