Fei Zhou
37468964
37468964
37457729
37440907
37418406
37398512
37390182
37350731
37300977
37291978
37258577
37253803
37245815
37236355
37229351
37225032
37212654
37206210
37193083
37192621
37189075
 Ting Yu
37482887
37482887
37385099
37375414
37340824
37340423
37335900
37333592
37329852
37328300
37284884
37270965
37261895
37257812
37256919
37243666
37243598
37218529
37202601
37189163
37181910
 Ronghui Du
36926472
36926472
36362498
35792704
35409148
35173734
34304502
34021314
33870851
33298617
33240089
33196399
32944177
32907886
32820146
32805177
32645295
32621955
32448345
32437016
32423584
 Guohui Fan
37321233
37321233
37204755
37056988
36795456
36226154
35990949
35928619
35883052
35513826
35473747
35433747
35401364
35385369
35155477
35074630
35001555
34872515
34583675
34534435
34222179
 Ying Liu
37486235
37486235
37486143
37485926
37485569
37484777
37484718
37483389
37481563
37481151
37481091
37480813
37480065
37479565
37479187
37478665
37478133
37476195
37476154
37471209
37470451
 Zhibo Liu
37474941
37474941
37416318
37338120
37330593
37318538
37277675
37103565
37093272
37036562
37019890
36923091
36922816
36916201
36812239
36745408
36632233
36562255
36502984
36402764
36234972
 Jie Xiang
37480969
37480969
37457490
37421950
37284329
37193858
37184873
37175535
37151651
37142180
37096093
37087829
37071536
37064198
37056799
37032875
37020229
37008327
37000674
36965245
36925297
 Yeming Wang
37434854
37434854
37369282
37337997
37321233
37026906
36828006
36716195
36478734
36188433
36093094
36045658
35748704
35611349
35568052
35355793
35345417
35317717
35234623
35155477
35074630
 Bin Song
37464338
37464338
37456640
37453753
37439935
37438521
37404109
37397872
37384578
37378899
37369618
37334872
37308663
37304128
37293571
37276744
37251234
37229264
37201327
37191923
37188987
 Xiaoying Gu
37321233
37321233
36744132
36619810
36316630
35898809
35755062
35697052
35678952
35611349
35602490
35568052
35563622
35458712
35345417
35219375
35155477
35131324
35074630
35054949
34950055
 Lulu Guan
37344696
37344696
37168998
37042015
36902127
36594671
36439532
36222589
35615577
35467579
34966788
34881181
34855842
33784583
32255382
32224074
32171076
30854278
30388190
30006956
27534493
 Yuan Wei
37479506
37479506
37476942
37460872
37456304
37455079
37454562
37449493
37446537
37443030
37442135
37439870
37437160
37417966
37406171
37400468
37393818
37393242
37357223
37355762
37349531
 Hui Li
37486036
37486036
37482605
37481223
37480786
37479889
37479639
37478758
37478188
37477105
37475506
37475064
37475063
37475062
37474742
37471657
37471643
37471263
37471187
37467387
37467131
 Xudong Wu
37479438
37479438
37474102
37421727
37348755
37327456
37282793
37248506
37242832
37220307
37216827
37177621
37100771
37093957
36985560
36959757
36936840
36929671
36838112
36833399
36733232
 Jiuyang Xu
37321233
37321233
36804909
36625734
36187745
35155477
35074630
34454673
34326192
34246397
33734013
33428867
33421381
33403736
33271074
33079200
33010835
33007478
32840287
32675205
32635916
 Shengjin Tu
37321233
37321233
36719280
36504959
33529638
33428867
33248219
33078367
32675205
32171076
30505678
 Yi Zhang
37486758
37486758
37485350
37484822
37484380
37483457
37482607
37481178
37481158
37480977
37477770
37477718
37477258
37476946
37476834
37476831
37476053
37475287
37473570
37473523
37470365
 Hua Chen
37470912
37470912
37459175
37452404
37449638
37446873
37439523
37438699
37437345
37435891
37431594
37424055
37413807
37390887
37369336
37357835
37351936
37340716
37335602
37303637
37295129
 Bin Cao
37484947
37484947
37452512
37415817
37369282
37356123
37349777
37348518
37330196
37321233
37318116
37307441
37302027
37245814
37241471
37228658
37196009
37154704
37153610
37149249
37126843
Litao Zhang
37482623
37482623
37465184
37378898
37333545
37332130
37249962
37201350
37154471
37067110
37025192
36947698
36890558
36758383
36742321
36730736
36714197
36640238
36628724
36439634
36426235
 Xinsheng Yan
36169875
36169875
32608062
32357700
32306492
31295969
31259883
30464124
 Qingkun Fan
32870988
32870988
32306492
20704542
 Haiyan Liu
37454458
37454458
37435095
37416889
37414272
37406296
37400621
37396782
37364361
37347548
37313135
37311800
37311715
37305518
37295606
37295576
37295190
37290815
37278972
37238663
37230210
 Xintian Liu
36299118
36299118
35603887
34870228
34842468
34822997
34481822
34333127
33974047
33965524
33890773
33668954
33565253
33023402
32628642
32617715
32390337
32306492
30881406
30464124
30317584
 Zejin Liu
37441168
37441168
36541098
36367336
36356782
36116250
35776085
35711535
34525438
32609640
32488090
32306492
30921599
30114799
29715979
29184509
28743890
28181571
27958575
27906351
27805651
 Zhenlu Zhang
37354701
37354701
37311718
36714197
36689830
36457141
36439634
36426235
36186103
35409090
35051690
34837323
33619767
33331953
33027937
32870988
32805876
32628642
32608062
32363848
32331324
Rong-Hui Du
33870851
33870851
33196399
32907886
32269088
32255382
32224074
32065057
30901224
29625260
26049867
25828246
24637412
24570113
22931802
22792330
22363712
22199006
22118979
21813663
21762706
 Li-Rong Liang
36510036
36510036
36334846
35155600
34998813
32907886
32547000
32313612
32269088
32224074
31846980
28875952
27491223
26924514
26016627
25151546
24412030
24300197
24124737
23786929
22292815
 Cheng-Qing Yang
32907886
32907886
32269088
32224074
30128873
28956087
28190199
 Wen Wang
37485661
37485661
37484938
37484485
37471384
37449438
37435058
37428274
37421591
37403545
37393639
37384796
37371331
37368690
37366294
37357725
37357144
37352351
37348792
37348567
37348554
 Tan-Ze Cao
32907886
32907886
32269088
32224074
22931802
 Ming Li
37486695
37486695
37484696
37483621
37477959
37475392
37468661
37467849
37466338
37466041
37463209
37457932
37455389
37452361
37452335
37449439
37447995
37446860
37443018
37442945
37442062
 Guang-Yun Guo
32944383
32944383
32907886
32642277
32269088
 Juan Du
37478768
37478768
37478488
37460729
37457713
37454215
37453868
37450409
37449531
37438709
37431606
37430923
37427458
37426135
37425354
37424693
37409755
37408862
37401337
37397780
37397163
 Chun-Lan Zheng
32907886
32907886
32269088
24862984
24496079
17978563
 Qi Zhu
37483385
37483385
37469407
37456855
37436084
37432375
37425041
37421623
37407521
37373430
37361524
37356911
37354797
37344477
37335082
37302615
37300000
37288582
37283967
37257576
37253873
 Ming Hu
37482358
37482358
37460031
37457350
37445289
37435573
37425940
37396167
37379393
37340566
37329208
37324530
37309179
37304156
37303471
37293040
37285409
37276894
37249274
37217949
37212028
 Xu-Yan Li
36921682
36921682
36765517
36608321
36538834
36510234
36267264
36254016
36241165
36208274
36166821
36048432
36030552
35737521
35078928
34797632
34775948
34712673
34652127
34180658
34165661
 Peng Peng
37486420
37486420
37470699
37427811
37395163
37363234
37332769
37327642
37290905
37285951
37275829
37275360
37273640
37168526
37145881
37105815
37093728
37093211
37091140
37085099
37083136
 Huan-Zhong Shi
37485530
37485530
37432957
35880892
35212454
35209915
35197957
34795282
34790186
34277772
34253218
34163245
33715037
33658837
33486496
33309856
33046503
32953502
32907886
32571326
32547000
Andrea Giacomelli
37417271
37417271
37390811
37385285
37317783
37115764
37098947
37030631
36775704
36695464
36689312
36597859
36521564
36481096
36415133
36190370
36135619
36082684
36043240
36007659
35993271
 Anna Lisa Ridolfo
37317783
37317783
37289732
37115764
36914095
36775704
36481096
35796710
35688417
35687293
35605811
35404963
35338871
35146340
35086438
35045808
34983306
34779362
34651605
34221853
34198597
 Laura Milazzo
37031355
37031355
36914095
35893661
35146340
35086438
35045808
34198597
34062183
33646981
33561203
33542096
33451889
33332691
32984785
32532935
32448770
32446978
32407959
32189238
32172268
 Letizia Oreni
37317783
37317783
37310576
37289732
37115764
37031355
36914095
36775704
36481096
36135619
35796710
35687293
35605811
35404963
35086438
35077770
35062367
35045808
34983306
34731116
34682369
 Dario Bernacchia
34076620
34076620
33626045
33227514
32961253
32650305
32446978
32325127
32222993
32215618
31230205
 Matteo Siano
35746657
35746657
35045808
34644336
34090124
34062183
33650967
33635844
32446978
32325127
32215618
30359962
 Cecilia Bonazzetti
36985328
36985328
36894053
36880576
36636955
36621671
36289699
36271646
35687293
35289294
35045808
34983306
34651605
34157984
34089865
33710652
33693917
33646509
33561203
33122577
32946555
 Alice Covizzi
37292212
37292212
36056571
35371011
35045808
34975897
34062183
33664180
33150470
32470620
32446978
 Marco Schiuma
37292212
37292212
35502147
35371011
35045808
34975897
34588541
34316257
34198597
34062183
33782207
33621484
33150470
32984785
32446978
 Matteo Passerini
37187898
37187898
36908110
36754150
36532294
35045808
34651605
34176425
34062183
33545166
32881014
32596073
32446978
31476877
30138160
29735294
 Marco Piscaglia
35045808
35045808
34176425
34062183
33545166
32596073
32446978
30815508
 Massimo Coen
32446978
32446978
32407959
30348571
25892247
25800800
25239403
23028230
17197828
12409747
 Guido Gubertini
32757154
32757154
32446978
32407959
32376396
30138160
29462201
25452041
25239403
24449480
23796863
23052389
22706343
21831732
20859084
20621632
19041149
15865225
 Giuliano Rizzardini
37417271
37417271
37115764
37030631
36775704
36660819
36538295
36521564
36481096
36478593
36346079
36082684
36043240
36007659
35993271
35934310
35796710
35738529
35687293
35572976
35527425
 Chiara Cogliati
37470891
37470891
37464763
37112764
36929349
36726229
36628270
36539604
36451162
36329375
36103083
35958941
35956070
35932381
35791079
35572976
35502147
35277333
34931918
34903264
34682879
 Anna Maria Brambilla
37338715
37338715
35103926
34538005
34435478
34390463
34316257
34218365
33663708
33254038
32976055
32472477
32446978
31707563
31312449
30594135
30528840
30368718
28952011
28808980
27878311
 Riccardo Colombo
37263312
37263312
37072006
36961606
36878488
36780099
36698031
36135619
35787726
35687293
35678672
35567919
35200194
35045808
34903264
34492226
34194429
34170508
34061871
34034782
33998752
 Antonio Castelli
36961606
36961606
36871459
36698031
36079131
35785927
35200194
34903264
34170508
34061871
33245547
32470620
32454241
32446978
32407959
32250385
32171088
32006896
31639462
30825552
30375219
 Roberto Rech
36961606
36961606
36698031
35200194
34903264
34170508
34061871
33245547
32667669
32526193
32470620
32454241
32446978
32407959
32171088
32006896
31639462
30825552
29732372
28554853
28082360
 Agostino Riva
37394012
37394012
37292212
37144612
37114577
36946287
36830873
36507220
36423117
36203553
36091040
36056571
35864232
35738529
35499468
35499117
35371011
35016195
34975897
34931194
34923946
 Alessandro Torre
36581744
36581744
35294692
34588541
34390463
34198597
34114921
34062183
33476223
33401278
33218990
33186846
32984785
32526371
32470620
32457198
32448770
32446978
32407959
32354522
30914268
 Luca Meroni
35738529
35738529
35086438
34588541
34435478
33332691
33254038
32984785
32940128
32940121
32448770
32446978
32407959
32222993
31498077
31088460
30582388
29185961
28529116
25363855
23796551
 Stefano Rusconi
37386613
37386613
37207617
36992471
36927963
36840488
36801833
36775983
36708743
36259527
36097757
36038903
35830597
35760225
35746657
35551366
35499468
35443987
35249472
34999223
34784300
 Spinello Antinori
37420083
37420083
37417271
37390811
37317783
37310576
37289732
37264942
37115764
37071559
37030631
36914095
36869698
36775983
36775704
36728343
36712651
36597859
36547229
36481096
36423117
 Massimo Galli
37292212
37292212
37289732
37267680
37187697
36872400
36869698
36833481
36818497
36551414
36423117
36264401
36169798
36016246
35982650
35894064
35869660
35830597
35783409
35746453
35614003
Tao Chen
37486200
37486200
37484958
37483342
37480342
37471530
37470782
37468894
37467469
37466763
37462929
37460123
37453141
37452074
37450577
37448873
37441896
37435711
37432798
37431945
37431174
 Di Wu
37481602
37481602
37480565
37470067
37469398
37466798
37463592
37460011
37459711
37459663
37459063
37457837
37457816
37454462
37451094
37450367
37450364
37447414
37444884
37438273
37435533
 Huilong Chen
37397728
37397728
37254040
36748190
36508249
36312378
35781367
35562653
35355601
35185998
35066637
35051503
34663264
34390330
33776910
33681736
33628105
33050972
32854750
32279676
32258151
 Weiming Yan
37388281
37388281
37315816
36878044
36572737
36427723
36177348
35926777
35801804
35460174
35259374
35149125
35125831
35026259
34994217
34848218
34594213
34391513
34390330
34387835
34282382
 Danlei Yang
37127200
37127200
36430782
36349586
36184338
36139122
35489519
35431087
34936228
34565583
33443505
33183266
32980130
32217556
32158203
27216214
26885033
26251585
25565795
23517391
23300791
 Guang Chen
37485517
37485517
37477381
37467691
37462846
37456312
37446367
37446207
37420806
37392004
37318887
37307187
37284065
37270147
37260444
37253905
37240056
37229259
37216722
37214441
37184934
 Ke Ma
37482112
37482112
37474991
37469573
37444285
37423169
37420017
37408861
37390238
37381466
37379215
37365592
37328117
37327385
37300662
37285424
37274309
37273903
37268878
37238618
37212322
 Dong Xu
37478264
37478264
37471098
37464378
37440529
37435839
37429959
37424174
37422114
37417561
37416728
37403633
37399108
37394416
37392691
37389760
37374427
37364831
37348716
37344379
37328796
 Haijing Yu
37280619
37280619
37115401
36057703
35787161
35682185
35356325
35331583
34390330
33482151
33075079
33026573
32922520
32854750
32217835
32217556
31937165
31830623
31357085
30650393
30619295
 Hongwu Wang
37482355
37482355
37430569
37389043
37347056
37315670
37249837
37185224
37094822
36910649
36871358
36846009
36832135
36814226
36791380
36702348
36679067
36580772
36463748
36401449
36389015
 Tao Wang
37485687
37485687
37484531
37483241
37482970
37480594
37478850
37477881
37474444
37470905
37470826
37468168
37467718
37466431
37463940
37462055
37461596
37460861
37455771
37454679
37453380
 Wei Guo
37484905
37484905
37483385
37482028
37478753
37478491
37476985
37469555
37467708
37465027
37457335
37455452
37449786
37448775
37446865
37438011
37434780
37434193
37426180
37425952
37404815
 Jia Chen
37474475
37474475
37462401
37455391
37455089
37434285
37424805
37421839
37410638
37395118
37381432
37343101
37341435
37324803
37316344
37310203
37305757
37301787
37283098
37255447
37254345
 Chen Ding
37473846
37473846
37460463
37459175
37436653
37415682
37404000
37402997
37402274
37399243
37395826
37342689
37328785
37274446
37228228
37194931
37185558
37172062
37168390
37158593
37144430
 Xiaoping Zhang
37480608
37480608
37449516
37404820
37394018
37376372
37376066
37368671
37356614
37346142
37338363
37325318
37318962
37300344
37294581
37290356
37285486
37267133
37216262
37207146
37193192
 Jiaquan Huang
37447072
37447072
37331201
37280619
37115401
36878044
36754951
36589083
36572711
36072332
35934762
35932973
35743127
35638797
35346577
34848085
34757361
34743252
34442301
34390330
34276617
 Meifang Han
36437367
36437367
35926777
35460174
35197452
35149125
34848218
34391513
34390330
34387835
33977332
33870432
33776910
33026573
32854750
32727811
32663850
32217835
32217556
31612388
31172415
 Shusheng Li
37464428
37464428
37399610
37001918
36516186
36279621
36178906
35943021
35840928
35611437
35431941
35219895
35154067
35004751
34860139
34712673
34532356
34488665
34379988
34290740
34290517
 Xiaoping Luo
37293501
37293501
37283655
37227574
37162176
37150982
37106126
37097751
37051251
36990068
36913109
36899776
36878044
36819678
36706253
36669772
36650520
36635911
36611640
36590006
36589818
 Jianping Zhao
37473504
37473504
37346551
37255213
37237310
37194612
37163068
37142578
37117273
37111842
37110567
37059987
37056936
37042826
37025008
37022025
36946608
36850124
36809694
36754276
36752798
 Qin Ning
37453139
37453139
37424676
37398660
37346771
37308915
37236544
37112543
37062986
37051251
37007873
36940948
36896629
36878044
36790652
36758548
36754951
36710337
36655747
36571711
36522132
