Parag Goyal
37478895
37478895
37410623
37403029
37318420
37294244
37260084
37251229
37247753
37186680
37185634
37172035
37100487
37019746
37003081
36993687
36972280
36948539
36926994
36923367
36878055
 Justin J. Choi
37443416
37443416
37382500
36952085
36739706
36480457
36454201
36327865
35756895
35277828
35167610
34997392
34741892
34646911
34641741
34491306
34247320
34131192
34100231
33984883
33894109
 Laura C. Pinheiro
37410623
37410623
37403029
37212636
37132018
37099412
37099118
37019746
36993687
36878055
36729259
36519828
36417133
36384640
36083412
36053535
35896447
35568129
35543819
35377748
35274199
 Edward J. Schenck
37398329
37398329
37056981
37029117
36865304
36588004
36456834
36190729
35864089
35794523
35786445
35702149
35665007
35490502
35469796
35422037
35254675
35187480
34984341
34879241
34599884
 Ruijun Chen
37252274
37252274
37074788
36880288
36436476
35814832
35680274
35533093
34383798
34333606
34304580
34083350
33936484
33775125
33749656
33706377
33610813
33434273
33411620
33260271
33102420
 Assem Jabri
37147587
37147587
37122490
35428359
35353474
35075531
34997392
34741892
32628537
32302078
 Michael J. Satlin
37347188
37347188
37154766
37142704
36946754
36865147
36774938
36381622
36334653
36190729
36154614
35864089
35854988
35724850
35702149
35695506
35522019
35311529
35106312
34864913
34797838
 Thomas R. Campion
37008621
37008621
36644339
36603838
35854728
35713633
35289371
35289370
35049262
34850911
34741892
34694896
34613399
34590684
34354174
33862230
33760709
33712587
33581461
33241548
35265878
 Musarrat Nahid
37410623
37410623
36993687
35641050
34474670
34470795
34355298
32977130
32628537
32302078
30477576
22264062
21476656
 Joanna B. Ringel
37403029
37403029
37341974
36948539
36800060
36541188
36417133
36330357
36305803
36271193
35970249
35801567
35568129
35446759
35355330
35237732
35114739
34878879
34865525
33962741
33899495
 Katherine L. Hoffman
37056981
37056981
36703108
36317552
36190729
36121875
35982662
35982655
35794523
35756895
35702149
35522019
35490502
35469796
35403414
34984341
34936536
34131192
33933654
33902556
33863829
 Mark N. Alshak
31194352
31194352
36070450
35490502
35243391
35182206
35075531
34741892
34657655
34100231
33735125
33373708
32977130
32628537
32302078
31895675
31832290
31568795
31463346
31229516
 Han A. Li
35075531
35075531
34741892
34646911
34100231
34081050
33735125
33579575
33121304
32977130
32753285
32628537
32302078
 Graham T. Wehmeyer
35075531
35075531
34741892
34646911
34100231
33735125
32977130
32628537
32302078
 Mangala Rajan
37341980
37341980
37251229
37072891
36468538
36417133
36330357
36155968
36131246
35996193
35896447
35657680
35490502
35353857
35167610
35075531
34989169
34879241
34797838
34741892
34599884
 Evgeniya Reshetnyak
35353857
35353857
34997392
34517720
34478162
34387620
34189536
33899495
33596897
33302713
33273294
33269599
33140281
33045844
33042950
32986528
32901370
32720240
32703013
32673521
32628537
 Nathaniel Hupert
37098064
37098064
36366506
36251560
36251553
35353857
35072146
35012976
34797838
34530723
34189536
34058986
33731418
33589884
33544024
33532790
33361188
33358277
33173914
32907668
32628537
 Evelyn M. Horn
37115137
37115137
36939851
36924225
36879444
36824981
36618713
36599067
36540874
36340480
35953136
35764099
35419844
34671455
34627973
34158918
34114302
34097027
33888254
33861689
33222608
 Fernando J. Martinez
37411039
37411039
37410623
37348121
37343298
37333382
37314278
37268414
37236628
37228011
37217548
37199732
37199731
37186952
37159910
37159046
37153221
37099412
37056683
37026112
36958741
 Roy M. Gulick
37435958
37435958
37352285
36410385
35687192
34791296
34698505
34399058
34379922
34224260
34127579
34125574
33901188
33875975
33831911
33734021
33306564
33215718
32976026
32864388
32744591
 Monika M. Safford
37410623
37410623
37403029
37378472
37341980
37330205
37184581
37147587
37122490
37099412
37082942
37061162
37052867
37003081
36993687
36972280
36817226
36815290
36807850
36800060
36792277
Chaolin Huang
37321233
37321233
37197655
36964546
36737007
36669700
36563943
36504959
36465627
36377589
36276838
36188433
36059472
35958873
35807717
35784642
35419371
35234623
35116556
34950119
34876996
 Yeming Wang
37434854
37434854
37369282
37337997
37321233
37026906
36828006
36716195
36478734
36188433
36093094
36045658
35748704
35611349
35568052
35355793
35345417
35317717
35234623
35155477
35074630
 Xingwang Li
37388929
37388929
37329905
37324081
37083265
37071534
36750637
36746345
36702236
36699448
36468021
36409451
36291307
36060150
36009934
35492695
35365808
35341173
35222513
35170409
35154615
 Lili Ren
37409968
37409968
37378522
37321233
37275765
37252111
37246325
37218108
37218019
37196129
37191515
37182102
37179120
37153704
37115917
37092817
37059987
37037791
37030459
37027968
37026872
 Jianping Zhao
37473504
37473504
37346551
37255213
37237310
37194612
37163068
37142578
37117273
37111842
37110567
37059987
37056936
37042826
37025008
37022025
36946608
36850124
36809694
36754276
36752798
 Yi Hu
37479200
37479200
37467367
37458833
37452727
37449971
37444234
37431434
37429528
37416771
37409118
37401413
37389238
37386359
37358680
37348164
37340201
37339215
37328779
37308490
37291975
 Li Zhang
37486420
37486420
37486153
37485882
37484525
37483523
37480014
37478270
37478238
37477378
37475116
37471667
37467977
37467357
37466874
37465924
37463493
37463246
37463001
37462709
37462215
 Guohui Fan
37321233
37321233
37204755
37056988
36795456
36226154
35990949
35928619
35883052
35513826
35473747
35433747
35401364
35385369
35155477
35074630
35001555
34872515
34583675
34534435
34222179
 Jiuyang Xu
37321233
37321233
36804909
36625734
36187745
35155477
35074630
34454673
34326192
34246397
33734013
33428867
33421381
33403736
33271074
33079200
33010835
33007478
32840287
32675205
32635916
 Xiaoying Gu
37321233
37321233
36744132
36619810
36316630
35898809
35755062
35697052
35678952
35611349
35602490
35568052
35563622
35458712
35345417
35219375
35155477
35131324
35074630
35054949
34950055
 Zhenshun Cheng
37448884
37448884
37186434
37074394
36925352
36907990
36863160
36852973
36497185
36044099
35755062
35428349
35355710
35332684
35108608
35002722
34873151
34539392
34517383
34315392
34152707
 Ting Yu
37482887
37482887
37385099
37375414
37340824
37340423
37335900
37333592
37329852
37328300
37284884
37270965
37261895
37257812
37256919
37243666
37243598
37218529
37202601
37189163
37181910
 Jiaan Xia
34454673
34454673
34379989
34355001
33522958
33167955
32631393
32200645
32187464
32167524
32105632
32007143
31986264
31368243
28224433
 Yuan Wei
37479506
37479506
37476942
37460872
37456304
37455079
37454562
37449493
37446537
37443030
37442135
37439870
37437160
37417966
37406171
37400468
37393818
37393242
37357223
37355762
37349531
 Wenjuan Wu
37457964
37457964
37390248
37374444
37325938
37296408
37290709
37241626
37240006
37232012
37216181
37186513
37182966
37179940
37170112
37121413
37110584
37055743
37054536
37018476
36845019
 Xuelei Xie
32187464
32187464
31986264
 Wen Yin
37483815
37483815
37455967
37418941
37379354
37378895
37312398
37308837
37264314
37233394
37223541
37190838
37187773
37186377
37182404
37167072
37161054
37113063
37029335
37016525
36976061
 Hui Li
37486036
37486036
37482605
37481223
37480786
37479889
37479639
37478758
37478188
37477105
37475506
37475064
37475063
37475062
37474742
37471657
37471643
37471263
37471187
37467387
37467131
 Min Liu
37485264
37485264
37483026
37481960
37481677
37480702
37480159
37479016
37478186
37477156
37474454
37474052
37468556
37467841
37466365
37466201
37464421
37457699
37456564
37452495
37451839
 Yan Xiao
37468005
37468005
37466749
37466158
37440308
37439923
37439787
37429558
37420156
37418854
37385357
37378522
37357387
37354441
37348568
37334070
37328934
37303679
37295640
37282788
37277052
 Hong Gao
37477228
37477228
37474867
37444310
37441493
37432892
37431213
37333963
37330093
37327511
37315670
37313579
37308423
37296072
37275647
37270931
37266413
37262161
37262156
37262146
37259829
 Li Guo
37485903
37485903
37481785
37480605
37480526
37479824
37479654
37478939
37475514
37458226
37454306
37453509
37447607
37441984
37440909
37439340
37437082
37434235
37427716
37423159
37422272
 Jungang Xie
37056936
37056936
36754276
36578523
36437626
36309899
35785161
35550579
35309511
35168451
35083875
35035670
34746180
34690806
34497752
34368225
33949204
33814982
33666250
33407543
33326955
 Guangfa Wang
37353059
37353059
37294146
37283786
37231445
37201123
37156734
36929680
36882820
36847254
36752798
36693330
36317759
36317750
36176735
36108598
35948453
35911750
35813714
35748174
35713422
 Rongmeng Jiang
37457852
37457852
36409451
36342811
35399246
35186107
35153846
34632732
34618327
34592958
34586608
33024057
32660627
32606209
32535730
32431566
32333248
32217104
32180140
32069255
31986264
 Zhancheng Gao
37480410
37480410
37059987
37029178
37004351
36863991
36844402
36805609
36677496
36646189
36601290
36550436
36514799
36474604
36357898
36201141
36176576
36120657
36070516
36003191
35966877
 Qi Jin
37442390
37442390
37425654
37423564
37376391
37376028
37370851
37367904
37356723
37351901
37210522
37187363
37186156
37185577
37156388
37142314
37142105
37061639
37060338
37032908
37030892
 Jianwei Wang
37480201
37480201
37480037
37473466
37468667
37464378
37443810
37440652
37425654
37424033
37423037
37409968
37397530
37386638
37381783
37378522
37371833
37349329
37340583
37337770
37323087
 Bin Cao
37484947
37484947
37452512
37415817
37369282
37356123
37349777
37348518
37330196
37321233
37318116
37307441
37302027
37245814
37241471
37228658
37196009
37154704
37153610
37149249
37126843
Suxin Wan
34268209
34268209
32954754
32297671
32198776
 Yi Xiang
37455326
37455326
37439635
37273084
37152732
37129759
36910471
36825581
36812321
36669488
36572774
36520743
36411477
36406194
36303589
36272178
36267724
36215576
36215531
36110402
36090453
 Wei Fang
37479201
37479201
37473697
37466644
37460894
37460805
37456458
37430966
37422785
37422085
37409763
37381017
37373532
37368751
37367995
37367652
37365241
37357978
37341572
37330070
37316067
 Yu Zheng
37483471
37483471
37483408
37481616
37447502
37434732
37434457
37431852
37431231
37419404
37405054
37397709
37390766
37386523
37385626
37366827
37364687
37363699
37356146
37343868
37342439
 Boqun Li
37267805
37267805
37050110
36589044
36399879
36275526
36116323
35985384
35714481
35183585
35121551
34023650
33742892
33420687
32954754
32653610
32198776
31934679
31528787
35517649
30159537
 Yanjun Hu
37465758
37465758
37391146
37098591
37071966
36974462
36916012
36906202
36825223
36772641
36753782
36718811
36617523
36607104
36586391
36578869
36556270
36370173
36265384
36209719
36069480
 Chunhui Lang
37278743
37278743
36507607
34734022
34268209
33554183
33024082
32954754
32350462
32297671
32198776
30630805
30128023
27200262
 Daoqiu Huang
32954754
32954754
32198776
 Qiuyan Sun
37473419
37473419
37362916
37356573
37289015
37247062
37194931
36770773
36198802
35385339
33908133
35117274
32954754
32198776
31938047
31275111
31078158
27882133
26319807
25582255
17551669
 Yan Xiong
37483201
37483201
37478468
37457048
37402969
37402373
37398946
37382132
37379301
37367276
37367273
37365684
37358448
37356280
37355626
37354862
37354760
37344537
37329831
37308773
37291217
 Xia Huang
37486327
37486327
37462440
37426642
37426087
37404714
37387610
37378628
37331583
37304295
37292129
37290194
37247440
37208756
37180231
37179377
37121814
37103283
37088044
37081411
37065083
 Jinglong Lv
34268209
34268209
33554183
32297671
32198776
31253213
28259001
27498597
23266733
 Yaling Luo
36639849
36639849
35937242
35725446
35457526
34343431
33816428
32954754
32198776
31614952
31295039
28851074
23746235
23688998
23275086
23127400
23076873
22584585
22340378
21690049
21557907
 Li Shen
37483932
37483932
37474762
37469833
37468235
37459415
37455494
37453398
37453353
37451265
37449775
37448779
37440128
37439764
37429512
37429479
37424750
37418038
37417740
37415161
37403387
 Haoran Yang
37471584
37471584
37460957
37423132
37183359
37177868
37157892
37153523
37093539
36924262
36854113
36762553
36726631
36448412
36410519
36246872
36246236
36183756
36137085
36090833
35992219
 Gu Huang
37366765
37366765
36826809
36699494
36429524
36306600
35848605
35845439
35815005
35402582
34803787
34639297
33769161
33746809
33551936
32954754
32519882
32297771
32198776
32168993
31004577
 Ruishan Yang
32198776
32198776
30882628
30204388
Ruirui Wang
37449575
37449575
37240398
37224982
37146330
37139787
37102851
37056922
37032548
36963475
36931351
36758663
36755060
36726525
36638850
36630031
36627697
36592427
36583209
36577455
36543286
 Min Pan
37478866
37478866
37424828
37406988
37371851
37353861
37229854
37218179
37206825
37166649
37138336
37120050
37078714
36924554
36838395
36793622
36768134
36763283
36761342
36727937
36675018
 Xiumei Zhang
37443928
37443928
37437538
37169789
37108358
37088190
37087664
37086880
36906367
36847359
36773868
36754953
36692869
36589845
36584472
36518918
36507446
36482565
36455725
36450808
36430356
 Mingfeng Han
37271642
37271642
37201409
36418641
36322051
35283823
34926512
34775361
34670161
34540320
34277466
33896114
33867046
33825602
33780352
33687643
33203670
33184171
33068293
32963215
32955691
 Xiaoyun Fan
37344560
37344560
37273084
37054486
36861133
36811022
36749733
36578151
36084457
35844038
35753295
35697982
35046681
34789015
34759820
34616799
34465222
34341336
34270206
34231612
33936238
 Fengde Zhao
32527341
32527341
32289565
 Manli Miao
36704345
36704345
36438491
36217202
34341336
33896114
32289565
31780368
 Jing Xu
37485563
37485563
37484857
37483519
37481190
37480906
37479851
37479105
37477527
37475855
37473815
37470119
37467346
37466343
37462732
37456022
37447353
37446089
37445734
37443039
37441894
 Minglong Guan
34341336
34341336
33936238
32289565
31780368
 Xia Deng
37227584
37227584
37091044
37059309
36643973
36592295
36551183
36424749
35961579
35910015
35658068
35551370
35345912
35209814
34974794
34938205
34858327
34715116
34582711
34400897
34368966
 Xu Chen
37486697
37486697
37467123
37465523
37462929
37454865
37453417
37438732
37438729
37437669
37433257
37428246
37422473
37421791
37420211
37416824
37414388
37406740
37402833
37400663
37393689
 Leilei Shen
37264506
37264506
37117233
37114135
36823653
36461029
36071824
33968716
33831271
33380404
32690041
32289565
31640952
31528329
30648699
27222185
27063157
26238522
26091451
24792516
23968603
Xiaoli Zhang
37481853
37481853
37467424
37438744
37429899
37426283
37421078
37401410
37400281
37396163
37392244
37391772
37368993
37368150
37363096
37356955
37354138
37350271
37349754
37336155
37332701
 Huan Cai
37368993
37368993
37195286
37018663
36961395
36116373
34958665
34956394
34597840
34492547
34459406
34234497
33763906
33546633
33441170
33409669
33117014
32957839
32748578
32730223
32641121
 Jianhua Hu
37445087
37445087
37396070
37228983
37064916
37027010
36970723
36914708
36911372
36837719
36795333
36556768
36531651
36523319
36512052
36417965
36406864
36389730
36339557
36185408
36117587
 Jiangshan Lian
36371013
36371013
36353379
35836102
35600493
34597840
34378216
34081408
33546633
32748578
32730223
32641121
32618658
32543710
32543348
32474608
32474032
32425002
32397011
32213556
32211844
 Jueqing Gu
37368993
37368993
36371013
35836102
35365888
33546633
33441170
32748578
32730223
32641121
32618658
32543710
32474032
32425002
32397011
32213556
32211844
32205284
31215410
30543572
26898297
 Shanyan Zhang
37368993
37368993
33546633
33441170
32748578
32730223
32641121
32618658
32543710
32474032
32425002
32397011
32213556
32211844
32205284
28906419
28906418
 Chanyuan Ye
37368993
37368993
36857812
36371013
35836102
35365888
33887586
33546633
33441170
32748578
32730223
32641121
32618658
32543710
32474032
32425002
32397011
32213556
32211844
32205284
31818478
 Yingfeng Lu
37368993
37368993
36371013
35836102
35755834
35621730
35537463
35365888
35281306
34597840
34367180
34277536
33718404
33662365
33648648
33546633
33492728
32798659
32772564
32748578
32730223
 Ciliang Jin
37368993
37368993
34539640
33546633
32748578
32730223
32641121
32618658
32543710
32474032
32425002
32397011
32213556
32211844
32205284
31203721
 Guodong Yu
37368993
37368993
37019094
36915774
36634942
36579330
36371013
36324379
36168974
36161166
35958502
35735254
35732392
35465432
35173675
34928016
34793883
34612037
34484405
33546633
33523935
 Hongyu Jia
37368993
37368993
37302625
37190427
36765987
36717948
36500268
36234728
35836102
35730799
35631740
35521747
34202485
33546633
33387050
33147068
32979140
32748578
32730223
32641121
32618658
 Yimin Zhang
37453257
37453257
37434677
37353365
37351800
37301101
37291947
37187331
37125075
37104145
37077582
37073848
37046301
36994521
36992583
36963260
36906301
36906298
36900845
36892036
36880750
 Jifang Sheng
36995726
36995726
36845347
36569093
36467156
36417965
36246814
36059822
35737855
35600387
35480060
35248060
34966647
34894002
34859015
34691316
34489933
34365975
34215497
34150352
33954195
 Lanjuan Li
37455323
37455323
37453673
37447310
37433872
37424033
37389070
37377410
37352864
37345844
37328616
37309179
37308966
37305578
37242293
37239939
37208335
37180228
37152060
37068583
37040299
 Yida Yang
37368993
37368993
36970082
36371013
35836102
35601800
35525670
35365888
35225149
34597840
34490322
33970683
33546633
33441170
33284185
32860184
32748578
32730223
32641121
32618658
32543710
