Clara González-Sanguino
37300414
37300414
37115305
36273381
35815124
35344973
35048897
34999293
34334821
34138629
33274660
33271788
33240123
32405150
31955528
31881957
31351829
30616138
29936917
26611320
 Berta Ausín
 Miguel Ángel Castellanos
35815124
35815124
34999293
34693611
34346301
34334821
34138629
33274660
33271788
33240123
32405150
32183487
29309208
26675881
26610847
26426640
 Jesús Saiz
37486418
37486418
37484256
37476846
37469183
37457724
37455775
37453099
37450836
37450598
37433784
37407625
37377355
37343432
37333927
37321841
37316037
37311644
37298995
37297383
37290737
 Aída López-Gómez
 Carolina Ugidos
34138629
34138629
33274660
33240123
32405150
 Manuel Muñoz
Cuiyan Wang
37429942
37429942
37141396
37063950
36689646
36360893
34975313
34128179
33900933
33751915
33742072
33644092
33633595
33598913
33571297
33287826
33194425
33033485
32994025
32563961
32298802
 Riyu Pan
37429942
37429942
36360893
33900933
33633595
33033485
32298802
32155789
 Xiaoyang Wan
37429942
37429942
36878044
36360893
35125831
34848218
33900933
33633595
33412253
33033485
32663850
32351593
32298802
32155789
31894088
31409352
31172415
31024568
30792182
30619295
30395882
 Yilin Tan
37429942
37429942
37055729
36360893
34264226
34128179
33965031
33900933
33742072
33633595
33571297
33033485
32341117
32298802
32155789
 Linkang Xu
34128179
34128179
33900933
33742072
33633595
33571297
33033485
32298802
32155789
 Cyrus S. Ho
37377693
37377693
37341192
37304210
37144922
36050349
35987907
35490557
35365105
35063738
35054263
34863469
34829325
34439587
34422295
34204034
33879125
33781902
33300367
33110521
33028449
 Roger C. Ho
37377693
37377693
37341192
37304210
37144922
36990297
36821531
36603315
36579115
36521662
36438233
36421612
36336068
36317568
36186881
36050349
35987907
35763918
35712195
35648464
35620673
Huiyao Wang
37243276
37243276
36383408
36061292
35845093
35463528
35193538
35182860
35149501
35007582
34906641
34879511
34784908
34625040
34340274
34293226
34149793
33946493
33584384
33451325
33383253
 Qian Xia
37394420
37394420
37343773
37332598
37311977
37274924
37264740
37248543
37236561
37223462
37078554
37011261
36969494
36915734
36881092
36794863
36745473
36716641
36708518
36622947
36609994
 Zhenzhen Xiong
37480092
37480092
37047236
36916906
36410392
35958634
35336819
34140903
33275635
32866693
32854656
32407409
32183776
31468568
30420453
30349268
30108454
28859632
25316224
24438604
 Zhixiong Li
37474342
37474342
37470150
37467346
37439544
37235723
37178934
37171931
37157036
37154332
37052749
36989995
36754112
36509801
36405919
36352297
36323313
36271007
36246144
36203838
36054980
 Weiyi Xiang
34140903
34140903
33275635
32866693
32854656
32407409
32183776
 Yiwen Yuan
37002870
37002870
36984783
36908787
36827012
36559145
36405919
36339808
36316896
36203838
35958634
35953444
35544999
34375247
33762923
33491493
33289508
33275635
32866693
32863308
32854656
 Yaya Liu
37372035
37372035
37204101
36774111
36754129
36359085
35909693
35799591
35670310
35454240
34925356
34583194
34532425
34390318
34182904
34056403
33907107
33410171
32866693
32854656
32407409
 Zhe Li
37482161
37482161
37481621
37475349
37470844
37469392
37462609
37462246
37461371
37458450
37455313
37453152
37450746
37450442
37449183
37444927
37426621
37426111
37423189
37393956
37389754
 Kenji Hashimoto
37482224
37482224
37414494
37407947
37402856
37395219
37198278
37072569
37017434
36972851
36968793
36889434
36881113
36804535
36786865
36732752
36670198
36599350
36597715
36583066
36571897
Yuan Wu
37485514
37485514
37475688
37469120
37468991
37463295
37438234
37402419
37401425
37395231
37385108
37384815
37373547
37358766
37356023
37354009
37341605
37338265
37296799
37287937
37284200
 Jun Wang
37485959
37485959
37485393
37484718
37484525
37484000
37482226
37482021
37481684
37480833
37479167
37478422
37478352
37475371
37475254
37474487
37474030
37470889
37468529
37467857
37467101
 Chenggang Luo
36971909
36971909
36502948
35733144
35602040
34375306
33607812
33014801
32621079
32283221
35117444
27168796
24664280
23298447
 Sheng Hu
37468634
37468634
37455373
37449971
37413971
37401586
37394346
37380909
37337619
37277085
37244244
37223649
37218372
37212167
37188313
37188272
37163774
37040957
37032048
37028610
37007004
 Xi Lin
37463446
37463446
37459732
37455719
37403502
37365639
37348760
37335261
37322591
37269529
37253247
37248800
37242832
37225424
37148242
37096751
37058090
37051308
37048313
37047049
37043579
 Aimee E. Anderson
35997289
35997289
35183705
34847735
33848569
33535019
32979518
32283221
32105789
28514643
26255846
25114797
25040854
23599123
21490066
17110483
 Eduardo Bruera
37482225
37482225
37439217
37402541
37394198
37356595
37339393
37319353
37285183
37235818
37221249
37194763
37190130
37150364
37148983
37146890
37129892
37107832
37080480
37074064
37038067
 Xiaoxin Yang
37386404
37386404
37104062
37055423
37040089
37002257
36739636
36608440
36034842
35568865
35423581
35191693
34787052
34105955
33053613
32929142
32412667
32283221
31605357
30573230
30402023
 Shaozhong Wei
36869473
36869473
36725466
35098394
35096967
34970978
34746234
34531673
34150609
33907439
33849765
33732716
33487592
33194667
33172344
33121497
33014801
32283221
31819651
31770281
31506552
 Yu Qian
37486389
37486389
37485755
37483779
37475855
37475556
37473884
37459304
37457951
37455358
37452878
37448115
37444317
37442943
37442136
37440433
37434152
37425305
37425048
37408392
37405364
Yingfei Zhang
36017065
36017065
35359993
37057488
34535368
33199934
33164565
32815434
32564637
32244498
32049081
31655082
30542733
26458953
24624456
22773303
 Zheng Feei Ma
37475619
37475619
37361275
37098499
37012001
36805365
36733883
35782917
35565659
35443620
35391600
35287302
35174195
35098416
35059381
35002498
37057488
34535368
34279843
33759691
33738684
