Emily Mosites
37483554
37483554
37462182
37424310
37346095
37036716
36862591
36276877
36231422
36208166
36208164
36208163
36201399
36194815
36150508
35996440
35980638
35749582
35618881
35485305
35403502
 Erin M. Parker
35917287
35917287
35065513
34970319
34529634
33900192
33735165
33637592
32644981
32352957
31513561
31050566
30239774
29955671
29527468
29189764
29175833
31903086
27130270
26307107
25955706
 Kristie E. N. Clarke
37421486
37421486
36949879
36479424
36281757
36259559
36208669
35856710
35684974
35485305
35482574
35198651
35137014
35024835
34529634
34437518
33900192
33793462
33735165
32915166
32644981
 Jessie M. Gaeta
36617557
36617557
35195488
34994792
34643873
34421018
33673755
33662132
33617749
33556326
33386326
33351082
33303686
33102413
32869040
32817967
32579806
32516035
32352957
32338732
32037322
 Travis P. Baggett
37364264
37364264
37217039
37184078
36912831
36341658
36127534
35277306
34994792
34971796
34421018
34256156
33662132
33617749
33556326
33351082
33303686
33290147
33102413
32869040
32817967
 Elizabeth Imbert
37399555
37399555
36253952
35913500
35759251
35271622
35262529
35245934
34704204
34403865
34076613
33978726
33962621
33796793
33734836
33651111
33306555
33136742
32887980
32744615
32382919
 Madeline Sankaran
36575605
36575605
35013591
34928340
34407013
34407012
34310528
32744615
32352957
 Ashley Scarborough
33962621
33962621
32800697
32744615
32352957
26372932
 Karin Huster
34723986
34723986
32352957
32352954
29664971
28945753
27688219
25191143
 Matt Hanson
37459206
37459206
34529637
34486912
32352957
30904317
30898393
29415645
27300255
19222048
16363006
 Elysia Gonzales
34723986
34723986
34377728
32352957
32352954
31519792
28796760
27078514
 Jody Rauch
32352957
32352957
32352954
 Libby Page
33640146
33640146
32437547
32352957
32329971
32271726
32240128
31404508
25863555
20070011
19398922
19218180
 Temet M. McMichael
35264278
35264278
34723986
33734836
32681036
32352957
32352954
32220208
32214083
31735710
31451661
30290238
29917090
29079573
28853921
28835547
28435158
26263374
26075508
25405885
24627473
 Ryan Keating
36892944
36892944
35381024
34723986
32352957
32352954
30257574
29871696
23775727
19652078
19116151
 Grace E. Marx
37471261
37471261
37289653
37081591
36862591
36823096
36692856
36490304
36327164
35912653
35040947
34557835
34545801
34529775
34239947
33914718
33912930
33734836
33541229
33496238
32352957
 Tom Andrews
36347147
36347147
33734836
32989815
32898272
32352957
32255232
31306522
30096510
29534606
28514534
28493601
28440892
27456369
27332464
27332433
27332217
26580426
26268198
25693246
25648380
 Kristine Schmit
37053114
37053114
36703605
34735422
32898272
32790662
32730094
32352957
32185390
31419605
30806953
30024493
28333908
26027632
25963038
25477329
25381071
24821227
24655697
24567146
24567115
 Sapna Bamrah Morris
37437558
37437558
36703605
36660866
36327164
36264836
35951495
35934016
35670605
35237703
35120982
35093995
35034671
34988259
34968374
34849680
34499629
34499628
34351392
34237048
33861313
 Nicole F. Dowling
37483151
37483151
36794801
36520660
35446758
33533876
33411702
33073838
33056955
32862556
32725630
32701937
32644981
32584802
32567802
32352957
32350449
32163384
31968202
31868321
31697657
 Georgina Peacock
37342958
37342958
35861310
35324879
37180816
34663536
34591826
34519426
34499628
34272340
34245307
33847734
33533876
33384278
33245528
33219911
33132516
33019699
32989084
32862556
32701937
 Ann Buff
36036611
36036611
33762544
33661861
33287766
32898272
31542772
29661245
29512480
28903758
28818071
28545579
27872120
27406179
26789638
26598567
25180495
23520991
22379220
20478520
20478518
 Calla Jamison
32898272
32898272
 Ruthanne Marcus
37166687
37166687
36944998
36729993
36695363
36435811
36245173
36231422
35858476
35618881
34818317
34812797
34801282
34536178
34374919
33357602
32428276
32190615
34744406
31580103
31370983
 Carol Y. Rao
37052332
37052332
36864562
36464557
35862276
35850418
35442951
34855723
34797849
34723986
34467554
34197362
33596446
32352954
30464190
29636739
29560021
29155662
28806479
27467820
27305043
 Julie L. Self
37161700
37161700
36952282
36703605
35324877
35318920
35051136
34464173
34111061
33764959
33734836
33710092
32352954
31504504
31310227
28056003
27559935
22742612
19557405
18541535
17804482
 Farrell Tobolowsky
37053125
37053125
36301805
36107794
35421074
35416692
34932459
34723986
34412728
33988220
33900791
33549565
33395380
32785683
32773665
32614816
32533755
32352954
32301962
32220208
32214083
 Samantha Williams
37165881
37165881
37163216
37158974
36995974
36910694
36739247
36541843
36541842
36368837
36197629
36194822
36115036
36074797
36006889
35887423
35858476
35819549
35705937
35701665
35300352
 Meagan Kay
35723277
35723277
35389976
34529637
33909524
33712549
33549565
33275088
32352954
32329971
32240128
32220208
32214083
32166310
31630171
31441688
31404508
31369524
30807459
29346337
29190262
 Naveena Bobba
37408322
37408322
33651111
33308357
32687150
 Stephanie Cohen
37256284
37256284
37183788
37115111
37074693
37018493
36788897
36688247
36617522
36575605
36538488
36385723
36347792
36271737
36239486
36194764
36148399
36074735
36040465
35971453
35947071
 Jonathan Fuchs
37462560
37462560
36348213
35658722
35271622
35264028
35133077
34871781
34843602
34642685
34622852
34543291
34221458
34088978
34049105
33871730
33651111
33345843
33034878
32929873
32744615
 Trang Nguyen
37477252
37477252
37474233
37444243
37435937
37431266
37408322
37402610
37361842
37352576
37351396
37327908
37311615
37307442
37280772
37260315
37257176
37255255
37250213
37239919
37189733
 Julie Stoltey
29465634
29465634
Isaac Ghinai
36327164
36327164
36201399
36138039
35608888
35607802
34902035
34855724
34473687
34463672
33983914
33813042
33734836
33270101
33263069
33208190
33151915
33108976
32877446
32701939
32320569
 Elizabeth S Davis
37166782
37166782
36762829
36510751
35363373
34962704
34856112
34694886
34614197
34541896
33722955
33609897
33539228
33263069
20415444
 Stockton Mayer
37088399
37088399
36959607
34856112
34081073
34030459
33490636
33263069
32552028
27130980
26224364
25896707
25383588
 Karrie-Ann Toews
35051132
35051132
34855724
33734836
33263069
30462264
29093104
28333910
27996105
27977641
27919312
27764076
27105747
26513329
24021484
 Thomas D Huggett
34902035
34902035
33263069
 Nyssa Snow-Hill
35122690
35122690
34591028
33392509
33263069
31200985
 Omar Perez
37473985
37473985
36353862
36251491
36084131
35887521
35710303
34911800
34740100
34463672
34004070
33763041
33263069
33258082
33035733
32406713
31931662
30607808
30557194
30532341
30165807
 Mary K Hayden
37439675
37439675
37157903
37067448
36786646
36702617
36695588
36539917
36507897
36467294
36457108
36169403
35803292
35607802
34955190
34731234
34731022
34473687
34463708
36168459
34160592
 Seena Tehrani
33263069
33263069
 A Justine Landi
35776867
35776867
33263069
26884767
 Stephanie Crane
33263069
33263069
23906944
14622680
 Elizabeth Bell
37402727
37402727
37226581
37191962
37187557
37160885
37113206
36705281
36502386
36463975
36190885
36128684
35966451
35883049
35483620
35436713
35397501
35012482
34607633
34521347
34278244
 Joy-Marie Hermes
33263069
33263069
30271638
 Kush Desai
37473860
37473860
37454894
37394033
37330211
36791957
36561933
36542378
36480986
36406029
36406025
36375763
36182254
35732931
35717032
35671937
35598853
35352572
35220693
35176918
35133197
 Michelle Godbee
33263069
33263069
32691436
 Naman Jhaveri
33263069
33263069
 Brian Borah
36327164
36327164
36074752
35748711
35389976
33324750
33263069
30079441
 Tracy Cable
34463672
34463672
33263069
 Sofia Sami
33263069
33263069
 Laura Nozicka
33263069
33263069
 Yi-Shin Chang
36711520
36711520
36601311
34856112
33836531
33324666
33263069
32732938
30692921
30538626
30321791
30145507
28085565
27219475
26858611
26115451
25592996
25075609
24790192
 Aditi Jagadish
33263069
33263069
 Mark Chee
33495758
33495758
33263069
32989714
32743570
32163288
31809400
29340561
27695835
24563622
23335997
22701568
22670222
22558217
22185227
21036922
20964841
20463882
19649210
19638418
19622793
 Brynna Thigpen
33263069
33263069
 Christopher Llerena
36407193
36407193
33263069
 Minh Tran
37470501
37470501
37468961
37432527
37369668
37361647
37350555
37343104
37276570
37240163
37206304
37163149
37146006
37118731
37046733
37035031
37008252
36975826
36971354
36943190
36852059
 Divya Meher Surabhi
36923390
36923390
33263069
 Emilia D Smith
33263069
33263069
 Rosemary G Remus
33263069
33263069
 Roweine Staszcuk
33263069
33263069
 Evelyn Figueroa
34874259
34874259
34856112
33263069
32179602
25646836
24652636
 Paul Leo
37254878
37254878
37031458
36824040
36773702
36765173
36596403
35874074
35840577
35551192
35534039
35176174
34856112
34521114
34274969
34161253
34150645
34032641
33431401
33367756
33276377
 Wayne M Detmer
34902035
34902035
33263069
 Evan Lyon
33263069
33263069
30274560
27780995
21655350
19898229
20845860
16516941
15742589
15539669
 Sarah Carreon
33263069
33263069
 Stacey Hoferka
34095289
34095289
33263069
32497028
26482320
 Kathleen A Ritger
37249079
37249079
33263069
32298246
21828970
21617399
21342907
19815859
19643469
16762736
 Wilnise Jasmin
33263069
33263069
31730313
28182803
 Prathima Nagireddy
33263069
33263069
25716630
25484903
23105033
 Jennifer Y Seo
36401570
36401570
36065896
33617374
33394643
33263069
 Marielle J Fricchione
34473687
34473687
34463672
34049954
33661859
33394643
33263069
33108976
32673295
32479632
32298246
32178768
26930760
26625388
22995921
 Janna L Kerins
37347713
37347713
37231367
37044128
36781304
36482712
36201399
35951487
35608888
35176005
34473687
33661859
33263069
32298246
32291441
31344775
30307908
30293877
29393924
 Stephanie R Black
37044128
37044128
36327164
36201399
35951487
35608888
35607802
34463672
34155414
34085760
33914721
33813042
33270101
33263069
33151915
33108976
32853191
32298246
32291441
32178768
31344775
 Lisa Morrison Butler
33263069
33263069
 Kimberly Howard
35192667
35192667
34940111
33996068
33263069
32685734
30272809
28206849
25575135
23398495
21240692
20932565
19839670
19719025
20234849
18855512
18612039
17088110
16938005
16931473
15194890
 Maura McCauley
34902035
34902035
33263069
 Todd Fraley
33263069
33263069
22073407
 M Allison Arwady
33983914
33983914
33394643
33263069
32298246
31990245
29415264
27191038
27012274
26402744
25811176
25522091
25412067
25340914
25321071
25321070
25291580
20530767
 Stephanie Gretsch
34463672
34463672
34382615
34085760
33914721
33661859
33263069
32584799
32479632
28221842
27105411
 Megan Cunningham
37209422
37209422
35697428
35124723
34902035
34853886
34456039
34345750
33263069
32251263
32234319
32192736
32061369
31810638
31759653
31374335
31109731
30905415
30824132
30694778
30502251
 Massimo Pacilli
36507897
36507897
36138039
36074735
34473687
34155414
33983914
33978150
33263069
33108976
32853191
32298246
32291441
32178768
30307908
29329922
28505234
27832049
25870322
25291580
 Peter S Ruestow
33263069
33263069
32298246
28956625
27377234
27031024
26267168
23733321
 Emily Mosites
37483554
37483554
37462182
37424310
37346095
37036716
36862591
36276877
36231422
36208166
36208164
36208163
36201399
36194815
36150508
35996440
35980638
35749582
35618881
35485305
35403502
 Elizabeth Avery
37418177
37418177
37191770
37148395
37127255
36735600
36240324
35315379
35098901
34729490
33729093
33263069
33249853
32789875
32742664
31739848
31732730
31584147
31399892
30963440
30382712
 Joshua Longcoy
37191770
37191770
35315379
34729490
34466657
34392497
34307001
34185726
33263069
 Elizabeth B Lynch
37418177
37418177
37235043
37133727
34773520
34729490
34403124
33640231
33263069
32864386
32789875
32149273
31399892
31303474
30963440
30171083
27633615
27655734
27524772
26950538
26563672
 Jennifer E Layden
35544440
35544440
33983914
33263069
33108976
32813962
32479632
32298246
32178768
31971930
31959322
31860794
31842218
31747505
31725708
31581166
31491072
30607879
28456611
27296465
26803186
Emeline Han
36597933
36597933
34881514
34049440
33593813
33407447
32979936
32938609
32766544
31670215
31588578
31418984
31412824
30739695
30606218
 Melisa Mei Jin Tan
36778563
36778563
35761365
34840137
34840132
34049440
33407447
32979936
32938609
30739695
 Eva Turk
37193963
37193963
37161751
36714542
35750060
34674582
34648079
34355348
34334989
34257049
34042835
33927261
33593813
33516591
33148252
32979936
32170955
32032336
31125708
31465174
30477370
 Devi Sridhar
37380889
37380889
37224836
36657475
36334611
36289377
35963277
35383313
35125544
34538254
34242239
34173606
33997834
33932328
33853866
33723454
33692026
33627314
33581803
33581048
33472568
 Gabriel M Leung
37448114
37448114
37310875
37289232
37204309
37181534
37105966
37094371
36898549
36823190
36804941
36796397
36780911
36652990
36643735
36638825
36521506
36438907
36435844
36417445
36403618
 Kenji Shibuya
37479767
37479767
37462504
37353573
37261051
37236416
37120076
36935509
36868102
36851137
36849865
36789077
36755340
36681836
36574249
36572705
36453137
36423011
36351730
36344597
36323824
 Nima Asgari
34619099
34619099
32979936
32151326
27043016
25340711
23949292
22683363
21865418
19828051
18957770
17520553
 Juhwan Oh
37118693
37118693
37105889
37055356
37050961
36721180
36691182
36276340
35500181
35418654
35288697
35190207
35127400
34215764
33974687
33919799
33684180
33363282
33261608
33239007
32979936
 Alberto L García-Basteiro
 Johanna Hanefeld
37158907
37158907
36854234
36801830
36753792
36093599
36087336
35589155
35284361
34882750
34814662
34726740
34530861
34344668
34314737
34210311
34114189
33860314
33773619
33593791
33231735
 Alex R Cook
37416322
37416322
37364012
37312947
37280063
36945675
36919979
36797100
36730440
36593086
36466213
36399104
36366548
36106134
36018588
35908477
35891556
35857701
35762238
35746601
35650193
 Li Yang Hsu
37325250
37325250
37107127
36963051
36691602
36646106
36599414
36084884
36047518
35650193
35595199
35562174
34899618
34894996
34864193
34709140
34623327
34619099
34608933
34556113
34518255
 Yik Ying Teo
36962882
36962882
36803432
36229545
35760439
35699469
35664455
35650193
34942102
34932938
34922440
34670603
34619099
34472557
34347523
34319387
34172456
34161790
34108472
33975867
33925125
 David Heymann
37224836
37224836
37146622
36715147
36682375
36682374
36682371
36682370
36402145
35753317
35414694
35272747
35247312
34942102
34619099
34595028
34236022
34161052
34051885
34000258
33964228
 Helen Clark
37187196
37187196
37187195
37085271
36940490
36924776
36894173
36775522
36695395
36642089
36302551
36289380
36028250
35597246
35470220
35342928
35338858
35264403
34866675
34840133
34840131
 Martin McKee
37468148
37468148
37419635
37402509
37385156
37309822
37304105
37279988
37269803
37230535
37211359
37185627
37160305
37105904
37079873
37035237
37024135
37014845
36966784
36966782
36962256
 Helena Legido-Quigley
37279639
37279639
37230103
37187195
36924776
36803432
36778563
36767958
36656903
36642089
36343969
35882391
35761365
35750060
35740226
35740161
35656228
35597246
35272747
35041654
34906331
Heather E. Hsu
37301283
37301283
37066672
35977291
35899280
35801814
34585506
34499124
34189164
33710285
33646260
33017011
32644981
32639568
32267514
32073502
31790542
31776196
31522693
30721286
29669607
 Erin M. Ashe
37210728
37210728
36622674
32644981
32485325
32073502
 Michael Silverstein
37462699
37462699
37338872
37338866
37171819
36661406
36622674
36534302
36219440
36219403
36059240
36040801
35932449
35315879
35289876
35076659
34874412
34747970
34581729
34566199
34531290
 Melissa Hofman
35899280
35899280
34724402
34189164
32644981
 Samantha J. Lange
35949275
35949275
35064761
34932881
34529635
33705371
33676932
33672716
33476311
32862556
32644981
32584802
31560645
31112117
 Hilda Razzaghi
37386826
37386826
37319029
37167154
37016819
36884385
36878415
36816768
36795677
36480674
36264832
35906141
35864015
35725781
35699596
35674233
35452085
34965901
34914669
34598291
34586060
 Rebecca G. Mishuris
37095331
37095331
36859187
36596666
36356593
35441692
35352272
37089992
32644981
32428510
31630113
31136834
31095052
30985283
30143446
28551008
28292304
27401606
25414982
24816246
24637955
 Ravin Davidoff
34646910
34646910
33821283
32644981
29440114
28289023
27324360
26848064
26719061
26553712
25977300
23861447
22253333
22144636
19581520
19195518
18848430
18308019
17488411
16845845
16822359
 Ana Penman-Aguilar
37410939
37410939
35856445
34831945
34529634
33938483
33900192
33793463
33735165
32853193
32644981
31900101
30717345
29503284
29262290
29145359
28151745
29416934
27682733
26916989
26916567
 Kristie E.N. Clarke
37421486
37421486
36949879
36479424
36281757
36259559
36208669
35856710
35684974
35485305
35482574
35198651
35137014
35024835
34529634
34437518
33900192
33793462
33735165
32915166
32644981
 Anna Goldman
37155158
37155158
36644516
36602429
36539066
36534376
36355323
36309416
35927159
35277806
35216718
33810834
33125473
32822496
32644981
32236174
31905055
31364846
31330539
31260350
31216419
 Thea L. James
37021490
37021490
35604722
34284465
33111373
32644981
30503381
25039818
18359602
16436792
 Karen Jacobson
37461515
37461515
37260251
37168567
37125228
36792792
36790811
36402979
36320196
36239699
36172117
36044285
35993116
35760977
35737948
35616119
35588734
35434682
35432348
35411341
35273063
 Karen E. Lasser
37210728
37210728
37202905
36622674
36396881
35997854
35977291
35977157
35624394
35266126
34455111
34405344
34191000
34087621
33386324
33249921
33010473
32644981
32485325
32239222
32073502
 Ziming Xuan
37408299
37408299
37290107
37113379
37069487
36920385
36906849
36622674
36528519
36401241
36036804
35742315
35724842
35450833
35387590
34998246
34969484
34940867
34864356
34779348
34700251
 Alyson B. Goodman
37399028
37399028
36930745
36862137
36350181
35834247
35730688
35257738
35247645
35119459
35025851
34932881
34569837
34529635
34499626
34446639
34446638
34237048
34197283
34097050
33909072
Lauren P. Jatt
33432170
33432170
32840904
32616091
32539876
32463809
 Alexander Winnett
33851180
33851180
33330885
33201430
32857830
32616091
32539876
32463809
32191697
29425203
28529000
 Christopher J. Graber
37397270
37397270
37364262
36353704
36168494
35877123
35506398
35438754
35158007
34261095
34225789
33515622
33077000
32857832
32857830
32829901
32762787
32724760
32659466
32616091
32539876
 John Vallone
32857830
32857830
32539876
26813746
26693167
26691147
26503261
26408330
26110090
25995613
25882613
25393079
24115637
22895270
20596252
18068462
 David O. Beenhouwer
36601554
36601554
35949407
35922100
35434176
34882654
34778173
34529636
34332505
32857830
32584956
32539876
31626687
30901024
28066764
26618545
24586678
24449959
21723612
20303971
19995216
 Matthew Bidwell Goetz
37252267
37252267
37230168
36987859
36691809
36168546
36168491
35639043
35506398
35398532
34849637
34824060
34458394
34049735
34015115
33993897
34279864
33843527
33515622
33512530
33289028
