Alfredo Guiroy
37404516
37404516
37026088
37012723
36701571
36542577
36402303
36400358
36396008
36226212
36128104
36050879
35977752
35948229
35867159
35524824
35486409
35387891
35344512
35216540
35158101
 Martín Gagliardi
 Nicolas Coombes
33408919
33408919
32875914
32599181
 Federico Landriel
35242424
35242424
33556602
33484887
32875914
31123636
31123635
30898750
30762838
30595965
30169755
30060214
30016479
29900033
29430325
28966818
25165616
25165615
24140775
23087818
22362051
 Carlos Zanardi
35901702
35901702
32875914
32204282
32197245
30595965
29399377
25840847
24009045
 Gastón Camino Willhuber
37393993
37393993
37389987
37318098
37315893
37273032
37026088
37018361
36972901
36894002
36858284
31194414
31424775
31194447
31194437
30969539
36701571
36571150
36542577
36396008
36240990
 Juan Pablo Guyot
36762900
36762900
32875914
29977722
27293295
26671572
26002497
24505336
18837648
 Marcelo Valacco
36542577
36542577
36396008
36362508
36176014
35977752
35344512
35216540
35125460
35001199
34991863
34870488
34342496
34121482
33842992
33729870
33577926
33504208
33481089
33452925
33452924
Yufei Li
37478999
37478999
37446089
37385032
37369204
37330443
37306415
37255222
37196441
37159411
37126080
37123418
37036714
37021855
36958140
36945027
36940034
36935030
36877135
36868862
36811306
 Nathaniel Scherer
37461432
37461432
37279194
37075780
35263241
34723988
34548712
34257092
34238285
34194211
34099008
34064939
33879194
33690641
32514304
31361768
 Lambert Felix
35089119
35089119
34991466
33690641
32071174
31646006
30184243
29889304
29860722
29587336
29543980
29473273
28381276
27960229
27852314
26332090
26283063
25907583
24500864
23458994
23349621
 Hannah Kuper
37346815
37346815
37224158
37156584
37132016
37075780
37062296
36962747
36913195
36821779
36720503
36542614
36527117
36522283
35960191
35954824
35953300
35840168
35771660
35747759
35747757
 Jakob Pietschnig
37398839
37398839
36878928
36619122
36412773
35573038
35148316
34968082
34954669
32834015
31920891
30188907
29937622
29561190
28083723
27743176
26449760
26275139
25987509
24579916
24579563
Kossi Blewussi Kounou
32621390
32621390
 Koffi Mawuse Guédénon
 Ayoko Akouavi Dogbe Foli
32621390
32621390
Jianbo Lai
37424160
37424160
37263044
37259431
37248479
37226659
37121218
36994190
36979278
36923936
36915907
36764125
36650644
36628907
36604186
36586603
36422533
36400152
35987305
35693955
35489034
 Simeng Ma
37009110
37009110
36937723
36924701
36871905
36672135
36586357
36581174
36525765
36402037
36399858
36375541
36359772
36302427
35845470
35809411
35597473
35588909
35550897
35509174
35248649
 Ying Wang
37486669
37486669
37484811
37484016
37482970
37481959
37479506
37479118
37478399
37477876
37476048
37474573
37474059
37471226
37470370
37467992
37464943
37464741
37464416
37464316
37464276
 Zhongxiang Cai
37349692
37349692
36840781
36803504
36739835
35688021
35227272
34930896
34671011
34248719
34180199
33765451
33384620
33051440
32971356
32909374
32346373
32293518
32240764
32202646
30005745
 Jianbo Hu
37186821
37186821
36687342
36366615
35890877
35781340
35695720
35618705
35581025
35371280
35334700
35289629
35199908
34990128
34848678
34750384
34719679
34383352
34325347
34151122
34037407
 Ning Wei
37421090
37421090
37405085
37373390
37315887
37275332
37268204
37209866
37201068
37200961
37193789
37188605
37184569
37155110
37139083
37124805
37116665
37101526
37062772
37037781
36965746
 Jiang Wu
37455330
37455330
37453826
37450312
37425798
37425050
37422663
37420344
37407213
37399753
37383525
37376572
37372387
37368947
37352351
37302372
37284760
37282959
37279780
37255921
37234802
 Hui Du
37460171
37460171
37459963
37444632
37343271
37323232
37316448
37193909
37020793
37009125
36982472
36946519
36922772
36833614
36614961
36572390
36537749
36438219
36413075
36380687
36332286
 Tingting Chen
37480756
37480756
37462266
37456170
37452764
37449927
37441499
37439102
37420176
37391534
37384472
37361266
37361227
37359383
37356943
37338607
37330971
37314502
37307708
37302113
37297061
 Ruiting Li
37290559
37290559
37227014
37158961
37139806
37125037
37068355
36924610
36910709
36854751
36840584
36813914
36740702
36739631
36735547
36591272
36581179
36550201
36526145
36482805
36403432
 Huawei Tan
36238234
36238234
35062349
34248719
34190165
33051440
32202646
27148975
27103267
26640697
26599708
26504559
26266416
26115771
25416420
25268141
25267795
24655567
26504544
 Lijun Kang
37190659
37190659
37009110
36937723
36871905
36776560
36586357
36581179
36402037
36375541
36357369
36323230
36245889
35845470
35782381
35686203
35597473
35588909
35509174
35199034
35153876
 Lihua Yao
37453196
37453196
37342765
37226720
37190659
37169166
37100012
36932880
36924701
36909330
36871905
36744206
36641015
36614127
36587855
36581179
36525765
36402037
36375541
36357369
36066083
 Manli Huang
37468932
37468932
37414234
37293641
37250417
36970289
36462609
36436207
36421896
36405925
36348342
36244202
36103758
35695720
35677048
35643389
35463513
35444255
35121376
35013099
34896845
 Huafen Wang
37426638
37426638
37270387
37257877
36979278
36771864
34935655
34710499
34103688
32985162
32779844
32425010
32425005
32391658
32292636
32202646
29597070
26170642
25767393
25196259
24273081
 Gaohua Wang
37437732
37437732
37348762
37333920
37210391
37176617
37172964
37139313
36990286
36937723
36933555
36924701
36785827
36732748
36623760
36584714
36581179
36506868
36372121
36357369
36245889
 Zhongchun Liu
37415683
37415683
37326829
37261369
37210391
37190659
37169166
36970287
36933555
36924701
36902578
36871905
36744206
36739835
36624549
36586357
36581179
36529410
36525765
36402037
36399858
 Shaohua Hu
37424160
37424160
37399730
37381335
37291106
37263044
37260741
37259431
37248479
37208752
37121218
37119525
37009128
36923936
36915907
36874958
36824022
36764125
36678523
36676370
36650644
