Kamil Polok
37418221
37418221
37401577
37003997
36892904
36876868
36856698
36710127
36709678
36550499
36000694
35888626
35869557
35643053
35501185
35344585
35230008
34955167
34210358
34163179
34105407
 Jakub Fronczek
37147232
37147232
36550499
36031413
35869557
35643053
35501185
35332524
35251409
34955167
34210358
33967260
33935187
33288505
32600160
32395317
32380820
32016840
31939814
31808754
31720026
 Peter Vernon van Heerden
37165131
37165131
37162595
37129126
36854893
36575394
36572867
36261587
36056194
35945477
35680329
35678326
35636347
35491385
35357546
35303201
35274490
35218366
35193328
35152143
35136896
 Hans Flaatten
37384977
37384977
37323022
37264423
37260427
37248892
37165131
37162595
37133796
36899440
36854893
36812571
36700459
36609257
36575394
36301954
36278342
36261587
36205730
36056194
35945477
 Bertrand Guidet
37323022
37323022
37264423
37260427
37248892
37166347
37165131
37162595
37133796
36958363
36944989
36933060
36906643
36899440
36854893
36812571
36609257
36575394
36511970
36301954
36282222
 Dylan W. De Lange
37248892
37248892
37165131
37146274
37140519
37100039
36854893
36817782
36812571
36762902
36751883
36639780
36609257
36604782
36575394
36518490
36314571
36301954
36278342
36261587
36187507
 Jesper Fjølner
 Susannah Leaver
37264423
37264423
37260427
37248892
37165131
37162595
37133796
36899440
36854893
36812571
36609257
36575394
36301954
36284350
36278342
36261587
36056194
35945477
35869557
35678326
35636347
 Michael Beil
37248892
37248892
37165131
37162595
37133796
37129126
36875254
36854893
36812571
36609257
36575394
36278342
36261587
36056194
35945477
35869557
35680329
35678326
35636347
35501185
35491385
 Sigal Sviri
37248892
37248892
37162595
37133796
37129126
36854893
36812571
36746165
36679953
36609257
36575394
36278342
36261587
36056194
35869557
35680329
35678326
35636347
35398948
35357546
35350916
 Raphael Romano Bruno
37480877
37480877
37278760
37248892
37165131
37133796
37003970
36854893
36812571
36683506
36633679
36575394
36555888
36421939
36284350
36278342
36261587
36227011
36055474
36004448
35945477
 Bernhard Wernly
37467893
37467893
37430154
37372652
37338618
37310371
37264423
37248892
37165131
37133796
37103556
37103056
37093274
37052626
37025482
37017795
37003970
36899440
36854893
36812571
36683506
 Antonio Artigas
37351068
37351068
37328874
37248892
37165131
36894763
36875557
36854893
36812571
36788582
36575394
36498564
36469709
36383780
36301954
36261587
36167550
35945477
35908988
35890341
35869557
 Bernardo Bollen Pinto
37265332
37265332
37165131
36854893
36812571
36575394
36261587
35987705
35945477
35869557
35448505
35357546
35344570
35303201
35274490
35218366
35136896
35115458
35099394
35090721
34955167
 Joerg C. Schefold
37165131
37165131
36854893
36812571
36652938
36636785
36584079
36575394
36455160
36384641
36301954
36261587
36038717
35985909
35945477
35922829
35880515
35869557
35857036
35765374
35733869
 Michael Joannidis
37389603
37389603
37248892
37236991
37165131
37071135
37012016
36854893
36823168
36812516
36788324
36627655
36611406
36575394
36414790
36301954
36271410
36266588
36261587
36170962
35986336
 Sandra Oeyen
37248892
37248892
37165131
36575394
36301954
36261587
35945477
35869557
35501185
35415186
35398948
35357546
35303201
35274490
35261330
35218366
35136896
35099394
34955167
34666709
34556171
 Brian Marsh
37165131
37165131
36575394
36301954
36261587
35945477
35869557
35501185
35398948
35357546
35303201
35274490
35218366
35136896
35099394
34955167
34666709
34491355
34487039
34417919
34375122
 Finn H. Andersen
37165131
37165131
36575394
36261587
35945477
35898170
35869557
35501185
35398948
35357546
35303201
35274490
35218366
35136896
35099394
34955167
34666709
34556171
34487039
34417919
34226660
 Rui Moreno
37248892
37248892
37170120
37165131
36854893
36639780
36575394
36301954
36261587
35945477
35869557
35501185
35398948
35357546
35303201
35274490
35218366
35136896
35099394
34955167
34789298
 Maurizio Cecconi
37330928
37330928
37326646
37326473
37260427
37246841
37085231
37083621
37052980
37052065
37039790
36943710
36900674
36854893
36832119
36831489
36808901
36788134
36769705
36739758
36675492
 Christian Jung
37467893
37467893
37430154
37350487
37302420
37278760
37264423
37260427
37248892
37234375
37174915
37165131
37162595
37148451
37138228
37133796
37128985
37103056
37069547
37067030
37052626
 Wojciech Szczeklik
37462400
37462400
37401577
37284335
37265332
37260427
37248892
37165131
37162595
37094336
37078722
37012173
36876868
36856698
36854893
36812571
36682485
36621439
36609257
36575394
36550499
 Marc Tobed
36943650
36943650
34524714
27380218
 José Miguel Villacampa
 Adriana Agüero
 José Ignacio Tato
 Laura Rodrigáñez
 Victoria Duque Holguera
34524714
34524714
 Daniel Poletti
34524714
34524714
29760737
27155376
25963837
 Gabriela Simonetti
34524714
34524714
33001293
31090788
 Vanessa Villarraga
34524714
34524714
32739603
 Álvaro Sánchez Barrueco
37410145
37410145
37405455
37063978
37005041
36826522
36719504
36272442
36109276
35796097
35680655
35189727
34937855
34524714
33339759
32815758
30642220
30402795
28322111
27957368
26961009
 Maria Casasayas
34905065
34905065
34665301
34524714
34441400
33938992
33581504
33452917
32615457
32389324
31346690
30527320
30426230
 Jordi Rello
37440188
37440188
37436585
37370375
37317101
37268272
37245688
37211217
37167775
37085635
37059605
37031815
36790531
36789360
36789189
36782267
36669904
36585321
36553099
36551461
36358184
 Pedro Castro
37480730
37480730
37466539
37436173
37429787
37390124
37371533
37344305
37305369
37284165
37173530
37150798
37089787
37067730
37052449
37045474
37016527
37005526
36986845
36958364
36943617
 Isabel Vilaseca
37316388
37316388
37149137
37051892
36818763
36181529
36087502
35565388
35141992
34839418
34569120
34535226
34524714
34226992
34092434
33916314
33885721
33855335
33632427
33609478
33034625
T. Volo
36998862
36998862
36375362
 P. Stritoni
35404331
35404331
32788142
32332377
30933178
28885660
28534125
27338642
24108656
23730906
23103608
16403059
15710712
14678103
12633636
10231679
8869409
8803586
8800997
7549357
8074043
 I. Battel
37243979
37243979
37126792
36860145
36534007
36478035
36420250
35358744
34767083
34605620
34363203
34234702
33592242
32861667
32656673
32514647
31899352
31389498
30089299
29967554
28698267
 B. Zennaro
37260975
37260975
36337050
36179553
36027614
33271969
31468740
31434264
30773041
30158501
29868851
29389176
28648108
28481127
28208069
27648962
27716539
27303945
27060289
26728351
26479058
 F. Lazzari
37480335
37480335
37298570
37285168
37227329
36943075
36839873
36734519
36112842
36069454
36050481
35792682
35529794
35326125
35198419
35138876
34736189
34727354
34678003
34670808
34554163
 M. Bellin
37440894
37440894
37287225
37260361
37078927
36940317
36883446
36744376
36404274
36382801
36206465
36206464
36206463
36206462
36206461
36206460
36206459
36059907
36049832
35881699
35762618
 L. Michieletto
36042203
36042203
20595734
17947840
17722501
17206187
8305662
 G. Spinato
36978767
36978767
36304095
34938268
33682810
32656673
32604875
32275263
31912750
29074172
28473663
24490063
6599063
6599007
6599006
6399498
 C. Busatto
37287969
37287969
36147520
35869515
35838758
35521752
35410495
34022637
33044802
32915541
32857118
32055966
30637094
29960671
29145754
29137313
11040944
9713590
11669705
8904026
4041676
 D. Politi
37439828
37439828
37311042
37178011
37015164
36586617
36509758
36311528
36270276
35955462
35881512
35604515
35267433
35252550
35132961
34975500
34949568
34914705
34794194
34684568
34622481
 R. Spinato
33575808
33575808
Denise Battaglini
37474816
37474816
37453007
37418061
37332761
37328874
37322325
37264477
37259054
37237141
37221544
37200838
37081276
37081275
37052252
37043157
37024861
37005666
37004053
36900032
36846344
 Francesco Missale
37370706
37370706
37122496
36490206
36306673
36122412
35819506
35396588
35053510
34999266
34571850
34557960
34274996
34220848
34208672
34066538
33710441
33643653
33529403
33438339
33412804
 Irene Schiavetti
37421432
37421432
37353204
37309103
37232279
37190584
37184645
37154406
37144177
36980803
36795775
36603292
36553316
36423202
36288760
36288659
36137347
36086905
36083713
36053475
36043974
 Marta Filauro
37204843
37204843
36883671
36831538
36647733
36429617
35819506
35612512
35612502
35396588
34557960
34274996
34208672
33649868
33495704
33372918
33084951
32796540
32728847
32506145
32117789
 Francesca Iannuzzi
37389899
37389899
37073635
35604617
35307564
35185592
35090525
34899560
34337922
34208672
34116707
34030809
33522953
33329361
31304978
29720859
28005574
25397457
24084343
21663626
20578143
 Alessandro Ascoli
36490206
36490206
34999266
34208672
34066538
33885202
33438339
32325435
 Alberto Bertazzoli
34208672
34208672
 Federico Pascucci
36013228
36013228
34208672
33583481
32962148
32713377
32234108
 Salvatore Grasso
37428015
37428015
37370885
37370367
37306944
37107073
36928501
36843320
36826554
36745125
36434629
36281899
36234218
36140474
36061108
35648278
35608270
35315625
35224958
35071263
35057852
 Francesco Murgolo
37370367
37370367
34911541
34662857
34621780
34208672
34099028
33608030
33385260
33218354
32932346
32755090
 Simone Binda
34208672
34208672
31649401
 Davide Maraggia
34208672
34208672
 Giorgia Montrucchio
37326473
37326473
37035317
36902196
36836310
36551485
36547597
36278643
36258239
36079137
36031619
36013939
35961239
35956159
35889963
35566606
35327521
35138990
35123562
35085463
34488946
 Gabriele Sales
37035317
37035317
36567321
36013939
35947650
35889963
35794144
35566606
35534470
35459212
35266509
35177756
35123562
34644528
34527188
34436366
34208672
34160800
33946566
33835445
33556140
 Giuseppe Pascarella
37102277
37102277
36948651
36924169
36902846
36800810
36458366
36412047
35995636
35930169
35670339
35470714
37386517
35262260
37386519
35027476
35010492
37386567
34527412
34518369
34407696
 Felice Eugenio Agrò
 Gaia Faccio
34208672
34208672
 Sandra Ferraris
34208672
34208672
32585739
30012641
 Savino Spadaro
37425317
37425317
37391857
37386674
37297869
37208787
37147887
37110369
37097986
37012173
36973743
36972972
36941580
36894254
36848505
36769705
36749422
36748283
36498656
36352423
36347564
 Giulia Falò
 Nadia Mereto
34208672
34208672
 Alessandro Uva
34208672
34208672
 Jessica Giuseppina Maugeri
35247550
35247550
34208672
19830181
19014714
 Bellissima Agrippino
34208672
34208672
 Maria Vargas
37404518
37404518
37403940
37391804
37386582
37222882
37195550
37193850
37180035
37169219
37072539
36989417
36797394
36708267
36704994
36675909
36673467
36601486
36590950
36553928
36550511
 Giuseppe Servillo
37403940
37403940
37391804
37386582
37312415
37278379
36977958
36930389
36797394
36704994
36674692
36601486
36590950
36431344
36430960
36363477
36356024
36350385
36271666
36079156
35838266
 Chiara Robba
37474816
37474816
37453007
37423948
37386682
37386605
37386599
37332761
37322325
37317479
37280579
37259054
37254166
37225535
37221544
37210686
37200838
37192477
37192445
37165296
37150798
 Lorenzo Ball
37386599
37386599
37261117
37234075
37200838
37052252
36966073
36846344
36835919
36810363
36669936
36655192
36551480
36476122
36460252
36271410
36135645
35913679
35791768
35780195
35653251
 Francesco Mora
37349187
37349187
37204843
37089880
37052555
36647733
36598066
35819506
35612512
34568434
34274996
34208672
33710441
33389311
33372918
32759787
32705360
32658568
32325435
31637295
30480214
 Alessio Signori
37353204
37353204
37324003
37204031
37190322
37166132
37163840
37052252
37017710
36970546
36902555
36900105
36892650
36769577
36766492
36675262
36600265
36597723
36554644
36543569
36511379
 Antoni Torres
37436585
37436585
37328874
37328754
37201119
37195462
37147677
37116517
37105206
37072597
37053151
37038609
37019740
37012484
37012080
37003610
36894603
36867758
36867727
36788582
36769574
 Daniele Roberto Giacobbe
37466425
37466425
37394943
37254300
37203695
37110433
37061102
37052252
37030653
37022211
36976301
36943596
36900105
36856521
36806152
36716764
36698815
36669936
36655192
36551480
36548447
 Antonio Vena
37466425
37466425
37445578
37394943
37256125
37254300
37107104
37061102
37052252
37041967
36976301
36900105
36810363
36806152
36718980
36655192
36551480
36548447
36543346
36463916
36373395
 Matteo Bassetti
37466425
37466425
37445578
37394943
37256125
37254300
37229548
37203695
37195462
37107104
37061102
37052252
37030653
37022211
37012484
37012080
36998130
36976301
36943596
36900105
36856521
 Giorgio Peretti
37432600
37432600
37204843
37122496
37051892
36883671
36831538
36647733
36490206
36429617
36306673
36250285
36036272
35908362
35819506
35719939
35612512
35612502
35396588
35162736
35158812
 Patricia R. M. Rocco
37474816
37474816
37453007
37354342
37340634
37332761
37330732
37261117
37175936
37081517
37007034
37005666
36964742
36925690
36835919
36793446
36758998
36756178
36603552
36571572
36529842
 Paolo Pelosi
37474816
37474816
37462394
37453007
37436585
37332761
37322325
37318522
37280579
37264477
37261117
37259054
37234075
37224406
37208282
37200838
37194240
37192445
37081474
37052252
37041553
 Jihad Mallat
37439527
37439527
37297946
37273952
37166242
37144742
36902782
36071534
35842352
35807206
35794612
35462083
35268427
35250575
35006023
34640566
34612616
34470517
34446823
34421648
34408082
Omar Breik
37178655
37178655
37014458
36980727
36437486
36228524
36081370
35652420
34599697
33808781
33775653
33616852
33128655
32741512
32513432
32272383
32102005
30409291
30037502
29508129
27836550
 Paul Nankivell
36796393
36796393
35932094
35899897
35789510
35634790
35151564
34771681
34742011
34698394
34418219
34323008
34192550
33840043
33777442
33153130
33137587
32682977
32589769
32391954
32266461
 Neil Sharma
37481003
37481003
37455057
37397932
37396455
37370843
37351078
37268010
37251794
37070205
37042081
36766654
36731578
36686426
36556092
36537290
36400629
36250372
36243104
35986223
35909243
 Mansoor N. Bangash
37393133
37393133
37297890
37250485
36728428
36661470
36040579
36033249
35911546
35706489
35615243
34882508
34605779
34224453
33560344
33058770
33016557
32991065
32934046
32670267
32632416
 Camilla Dawson
36127892
36127892
35932637
32895326
32623527
32010210
31971339
31939813
31805250
31227448
28459758
25311210
25265187
24676025
 Matthew Idle
36045860
36045860
35652420
34599697
33846190
33775653
32741512
29656948
26856006
24388051
23182417
 Peter Isherwood
35940946
35940946
34261924
33277292
27984301
26762108
22061518
 Christopher Jennings
35899897
35899897
33820012
33599656
33391658
21879890
20660396
20463334
20357274
 Damian Keene
34746717
34746717
34706900
34308306
32795320
31875895
29572386
26468431
24240827
23649100
 Mav Manji
27688630
27688630
22964738
19358707
18269741
16775565
15868526
12761618
12545001
 Tim Martin
37248895
37248895
36746193
36711212
35618112
33616852
32020364
30576014
30091788
28523085
28287483
27261548
25889693
25575450
24315201
24162748
24131883
23772761
23725739
23721981
23169923
 Rob Moss
36738957
36738957
35393014
34799102
33599767
33038892
32567720
19406275
12695478
 Nick Murphy
37250485
37250485
37134006
36880355
36662023
36407895
34664367
34261806
33823917
33277292
32534603
32531237
32179731
31108041
31064706
30515159
30134302
27835640
27801687
27688630
26744221
 Dhruv Parekh
37297890
37297890
37180160
36936404
36829583
36728428
36661470
36457159
36338536
36167472
36139476
36040579
35911546
35706489
35596000
35234046
35139042
35139041
35078796
35072713
35069952
 Sat Parmar
37222984
37222984
37014458
36228524
36003774
35760643
35680462
35633763
35265270
34753656
34707785
34599697
34567417
33995828
33613828
33456679
33160732
32642036
32642024
31971339
30834461
 Jaimin Patel
37395319
37395319
37297890
37288189
37140547
37119103
36874042
36728428
36661470
36378485
36159902
36040579
36018591
35981781
35911546
35851603
35706489
35596000
35538385
35494962
35490708
 Paul Pracy
35899897
35899897
35818027
35151564
34742011
34323008
33137587
32589769
32374942
32108408
31971339
31762130
31218447
26857792
24315201
20091684
15949098
 Prav Praveen
37014458
37014458
36228524
35760643
35680462
35652420
35400902
34949789
34599697
33775653
33160732
32741512
32272383
32102005
31611612
30851351
30834461
30576014
29542214
28523085
27068724
 Carla Richardson
37094890
37094890
34765656
33277292
32973115
32166297
31423822
31317131
31124894
28906205
 Alex Richter
37479299
37479299
37414897
37398676
37339874
37206270
37146882
37095599
37006158
36915199
36895158
36863347
36841835
36719907
36631440
36298466
36215226
36211396
36167472
36159846
36145196
 Rajneesh Sachdeva
32165553
32165553
 Adrian Shields
37339874
37339874
37206270
37095599
36863347
36211396
36167472
35906930
35860286
35720400
35641155
35420363
35020852
35016901
34780850
34778853
34735795
34561239
34324939
34082475
33933530
 Somiah Siddiq
36056651
36056651
34812313
34165625
30943516
30926070
29754260
29191999
26972996
25395494
25035314
 Simon Smart
36464051
36464051
35622460
35491602
35088796
34694675
34678348
33972848
33946958
33813199
33520449
33067860
32758787
32716189
32309923
32167111
31788220
31492066
31412496
31386782
31026278
 Laura Tasker
35830677
35830677
