Maria Claudia Alzamora
36158290
36158290
32305046
 Tania Paredes
32980976
32980976
32305046
22167541
 David Caceres
36462040
36462040
32305046
30669104
24138474
23223354
 Camille M. Webb
37230476
37230476
34153050
33670581
33610781
32305046
31992652
31992651
30226136
30113327
27787774
 Luis M. Valdez
32908841
32908841
32305046
26452742
15098044
 Mauricio La Rosa
37230476
37230476
36044631
35820422
35032696
33670581
33098451
32305046
32195682
32046371
31811413
31344714
31241586
31241584
30877684
30741803
29995743
29883984
29637011
23743391
Rachel M. Burke
37157868
37157868
36719054
36350200
36285882
36070595
36068112
35771734
35709071
35581101
35335081
34785101
34741818
34398953
34374426
34193337
33963017
33576746
33211872
33151922
33151920
 Claire M. Midgley
37451722
37451722
37347715
37338211
36806690
36749589
36705269
36703252
36201400
36095030
36074732
35788827
35141347
35118481
35085222
34818320
34624182
34473791
34292924
34193337
33754981
 Alissa Dratch
34545792
34545792
32908946
32877446
32134909
30625478
 Marty Fenstersheib
32877446
32877446
32134909
24513170
 Thomas Haupt
37421970
37421970
37275117
36312637
35836466
35834417
35536787
35439269
34623760
33872279
32877446
32322889
32134909
31803545
31770045
33543064
31491072
31114944
30679937
30626457
30247244
 Michelle Holshue
33914719
33914719
33734847
32877446
32470316
32320565
32134909
32004427
31095534
29200807
20377024
 Isaac Ghinai
36327164
36327164
36201399
36138039
35608888
35607802
34902035
34855724
34473687
34463672
33983914
33813042
33734836
33270101
33263069
33208190
33151915
33108976
32877446
32701939
32320569
 M. Claire Jarashow
32877446
32877446
32134909
30605444
 Jennifer Lo
37384709
37384709
37038000
36736332
36483375
35380628
35230146
35124259
34843962
34775072
34746347
34728538
34469745
36341036
34233163
34117054
33753253
33597266
33558846
33060503
32755598
 Tristan D. McPherson
37104293
37104293
36862506
36626187
34522425
33978150
33108976
32877446
32853191
32673295
32298246
32291441
32178768
32134909
29633869
29560569
 Sara Rudman
32134909
32134909
18076061
 Sarah Scott
37223981
37223981
37223578
37216465
37183437
37159400
37071794
37042605
36171163
36083541
35877160
35786066
35655444
35654405
35500815
35413107
35365060
35141347
35080951
35066788
35060793
 Aron J. Hall
37352280
37352280
37319011
37167154
37026408
37022977
36682288
36479424
36317478
36288521
36285882
36201400
36201373
36074486
36070595
36065896
35980866
35927486
35913377
35856710
35830653
 Alicia M. Fry
37305842
37305842
36502434
36031405
36006864
35862284
35856710
35694628
35544110
35271561
35141347
35044097
34967121
34735426
34735425
34702188
34673962
34673782
34624182
34559838
34499627
 Melissa A. Rolfes
37484765
37484765
37483554
37424310
37346095
36875208
36875204
36821715
36705269
36701144
36656786
36523413
36377913
36276877
36150508
35996440
35991589
35788827
35749582
35665629
35512334
Jing Cai
37476195
37476195
37461124
37432808
37422762
37381020
37375709
37369620
37348134
37300736
37298396
37296165
37285271
37277094
37265243
37231289
37214266
37209890
37205204
37197325
37189155
 Wenjie Sun
37407996
37407996
37329903
37317499
37235743
37199591
37142527
37094467
37070696
37056675
37056668
37050041
37041532
37027865
36981940
36874251
36850319
36745269
36731477
36709685
36706151
 Jianping Huang
37482448
37482448
37396241
37279080
37207737
37142034
37116390
37082116
37079659
37077846
37072159
37068250
37044129
37037848
37004484
37001216
36993772
36993158
36974567
36950110
36873789
 Michelle Gamber
37199591
37199591
35615302
35613081
35395755
33725951
33688094
33553466
33272831
32996377
32562171
32557694
32343410
32275074
32195941
32163030
32033382
30896641
25254984
19601485
 Jing Wu
37479739
37479739
37478765
37477622
37470773
37464725
37463878
37461023
37460936
37453378
37449266
37449225
37445654
37443281
37442622
37437435
37427064
37422097
37421607
37407020
37401600
 Guiqing He
36731477
36731477
36268227
36120867
35550524
33725951
33688094
33421578
33361124
33268103
33068310
32653486
32557694
32353511
32343410
32339719
32339487
32275074
32273489
32163030
31595172
Jasper Fuk-Woo Chan
37403902
37403902
37279466
37158848
37148585
37122119
37101119
37090592
37083859
37072051
37068258
37045873
36992395
36857860
36851564
36662861
36411276
36195094
36145288
36084644
36039901
 Shuofeng Yuan
37414753
37414753
37090592
37084889
36992395
36851564
36844503
36794676
36726760
36662861
36564389
36495872
36495868
36411262
36259516
36195094
36145288
36084644
36056469
36039901
35943779
 Kin-Hang Kok
36992395
36992395
36314823
36059532
35922005
35880656
35275039
35135441
34849654
34536277
34406358
34134991
34003073
33772013
33727703
33675655
33431849
33420022
33322574
33230504
33205709
 Kelvin Kai-Wang To
37340427
37340427
37112634
37068258
37060743
37045873
36992395
36949763
36897907
36706582
36596904
36592163
36591327
36493789
36482706
36465098
36445095
36423128
36357955
36354024
36278515
 Hin Chu
37301910
37301910
37122119
37068258
36992395
36928316
36857860
36662861
36529763
36411276
36411262
36195094
36145288
36084644
36039901
35943779
35938726
35922005
35874959
35874954
35739114
 Jin Yang
37481362
37481362
37480572
37474995
37461088
37456834
37456733
37455998
37455557
37445714
37437020
37434680
37426142
37421821
37420549
37419511
37417698
37415366
37397372
37393390
37393077
 Fanfan Xing
37463402
37463402
37158848
37101119
36509359
36037832
35572995
35442979
35187006
35034556
33015080
32918365
32234557
31986261
31914937
31277589
30952829
30597630
29942764
29259325
26317788
 Jieling Liu
31986261
31986261
31277589
30617635
23798152
23549803
20940517
20796317
19811360
18855263
 Cyril Chik-Yan Yip
37403902
37403902
36482706
36445095
36357955
36084644
36052220
36016336
35811422
35762834
35737809
35234870
35178548
34943453
34915551
34718428
34498683
34406358
34309648
33956593
33918447
 Rosana Wing-Shan Poon
36706582
36706582
36482706
35880656
34943453
34498683
34419925
33918447
33845058
33778795
32916926
32539986
32516739
32501535
32482633
32459137
32213337
32132187
32047895
31986261
31960460
 Hoi-Wah Tsoi
37112634
37112634
35739650
35398786
34961854
34498683
34419925
34309648
32840608
32835326
32215622
32132196
31986261
31960460
29106348
28613145
27051044
23918408
23623390
22937142
22615319
 Simon Kam-Fai Lo
31986261
31986261
31914937
31277589
 Kwok-Hung Chan
37112634
37112634
36992081
36706582
36357955
36314829
36314802
36304475
36195094
36016336
35891286
35874954
35762834
35750868
35578759
35545127
35418598
35414865
35398786
35285250
35254121
 Vincent Kwok-Man Poon
37090592
37090592
36195094
36052220
35943779
35922005
35739114
35737809
35641502
35534483
35438546
35234870
34815389
34689086
34536277
34134991
33890550
33727703
33657424
33538646
33216851
 Wan-Mui Chan
37060743
37060743
36493789
36445095
36357955
36195094
36052220
36016336
35880656
35750868
35739650
35737809
35271728
35234870
35187006
35135441
34961854
34951565
34915551
34689086
34498683
 Jonathan Daniel Ip
37060743
37060743
36493789
36445095
36357955
36016336
35750868
35739650
35737809
35271728
35234870
35187006
35135441
34961854
34951565
34915551
34689086
34498683
34419925
34309648
33851214
 Jian-Piao Cai
37279466
37279466
37112634
37084889
37068258
36992395
36857860
36726760
36662861
36591327
36564389
36529763
36195094
36145288
36084644
36052220
35943779
35938726
35922005
35874959
35874954
 Vincent Chi-Chung Cheng
37429411
37429411
37223243
37086890
36985239
36677420
36482706
36465098
36445095
36423128
36357955
36289955
36278515
36063397
36016336
36009945
35880656
35811422
35810057
35765578
35762834
 Honglin Chen
37467799
37467799
37466793
37424692
37379527
37311641
37303521
37299050
37269925
37261719
37260134
37244622
37221201
37212652
37199304
37194138
37122119
37112634
37062798
37060733
37045873
 Christopher Kim-Ming Hui
33778547
33778547
31986261
31786568
26784019
 Kwok-Yung Yuen
37474466
37474466
37435542
37279466
37223243
37158848
37122119
37113328
37112634
37101119
37090592
37083859
37068258
37045873
36992395
36857860
36706582
36697369
36662861
36591327
36529763
Huijun Chen
37478580
37478580
37449919
37382519
37336073
37276212
37275141
37253163
37098082
37043771
36949405
36861936
36860042
36853181
36819282
36721855
36713439
36519361
36484231
36207687
36191857
 Juanjuan Guo
37125034
37125034
36604052
36299991
35942315
35893254
35745243
35402538
35346196
35341008
35282019
35282006
35071136
34947599
34889903
34876109
34557548
34217791
33850202
33827559
33708138
 Chen Wang
37482204
37482204
37478594
37476177
37475736
37475520
37474226
37469180
37468986
37468236
37467750
37460623
37460172
37459517
37457928
37457850
37455937
37451907
37450717
37450109
37449253
 Fan Luo
37308156
37308156
37268224
37247880
37198140
37177860
37122006
37016312
37004608
36977125
36946014
36927705
36758645
36698670
36618634
36614547
36531369
36484372
36405921
36376834
36361361
 Xuechen Yu
37450575
37450575
36632873
36374040
36370068
36312556
35917645
35629007
35479098
35071136
34553022
34213377
33937083
33309944
32335053
32161604
32151335
32039036
31488087
31143195
30867416
 Wei Zhang
37485595
37485595
37484667
37482217
37481882
37480646
37480248
37479708
37478946
37477897
37477276
37476166
37475869
37475632
37475309
37474935
37474626
37474589
37469566
37469556
37469210
 Jiafu Li
37454705
37454705
37450819
37410379
37247674
37235225
36739019
36733450
36706410
36643972
36306755
36306747
36181990
36035187
35938673
35388926
35355717
35209354
35178403
35041127
34807085
 Dongchi Zhao
36409451
36409451
36341376
36224006
35782827
35637792
35496212
35071136
35028292
34618327
34332182
33996675
33857805
33854430
33850202
33677796
33224906
32887670
32850529
32774150
32505462
 Dan Xu
37486731
37486731
37485679
37475354
37469772
37462548
37462544
37459266
37457889
37444259
37434106
37419368
37418668
37417713
37407573
37386831
37372180
37352949
37341909
37335206
37334908
 Qing Gong
37125192
37125192
36414028
36371574
36341698
36308940
36002810
35866203
35432583
35315365
34435521
34323080
34222242
34173349
34060883
33986196
33634130
33391472
33324412
32652328
32606763
 Jing Liao
37474888
37474888
37463924
37460871
37458111
37452066
37441638
37428659
37425395
37399715
37394245
37391766
37377067
37295013
37279137
37257256
37240099
37206002
37182930
37181884
37130331
 Huixia Yang
37474299
37474299
37468986
37336424
37287743
37244638
37152930
37122528
37026857
36989681
36937287
36914957
36874460
36802507
36777355
36741990
36729357
36589946
36479286
36465614
36421190
 Wei Hou
37481163
37481163
37465295
37460041
37443440
37415128
37390091
37382270
37367765
37342565
37331473
37309066
37308156
37270638
37254311
37237762
37219709
37126308
37119503
37111499
37093556
 Yuanzhen Zhang
37368392
37368392
37248651
37154866
37038227
37037937
36909340
36464167
36303086
36299991
36178661
36078169
36035187
35989335
35961521
35745243
35600595
35593475
35590366
35524630
35467265
