Nathanael Lapidus
37452492
37452492
37165336
37060075
36873425
36815354
36529681
36509387
36444965
36343384
36186789
35956277
35836593
35710774
35672373
35597776
35413841
35144970
35066992
34822130
34661761
 Xianlong Zhou
37034990
37034990
36935919
36616562
36339905
36336232
35968916
35832486
35089014
34605072
34537009
34326998
34172008
34046384
33887909
33681238
33623450
33063241
33046304
33033507
33016532
 Fabrice Carrat
37464077
37464077
37436681
37399238
37398037
37365557
37156279
37084751
37067790
37060075
36959255
36891763
36586513
36545799
36534446
36529681
36444965
36423784
36350653
36294456
36287341
 Bruno Riou
36976563
36976563
36942533
36335235
36157895
35286147
34653382
34530886
34397528
36576341
33674521
33252375
33063241
32845301
32722204
32639402
32621374
32301884
31855884
31549176
31418059
 Yan Zhao
37485474
37485474
37484528
37483353
37482623
37480183
37479663
37477210
37476953
37475167
37475132
37475025
37470412
37468748
37468609
37465679
37461139
37460362
37457198
37457017
37453470
 Gilles Hejblum
36529681
36529681
36444965
36186789
35266869
34193499
33063241
32833976
31786434
31654535
31404722
29357377
29092761
28835354
28003282
27327159
26831332
26830112
26765105
26207363
26109261
Xiaobo Feng
37421228
37421228
37022980
36937755
36730125
36581906
36123708
35917912
35907003
35851966
35733210
35732667
35617029
35402073
35386457
35340126
35304463
35224302
35177629
35145201
35135526
 Peiyun Li
37034205
37034205
36583864
36581091
36461974
36216813
36192877
35905618
35890770
35889910
35600822
35458978
35406027
35134442
34875677
34799164
34631725
34079139
33675484
32850926
36659140
 Liang Ma
37484499
37484499
37477658
37470724
37463894
37457926
37457659
37456747
37453203
37452107
37425787
37422462
37421228
37406523
37368150
37360722
37340577
37339946
37337754
37311756
37307744
 Hang Liang
37393403
37393403
37334350
37266553
37081713
36918878
36792863
36600524
36245978
36045724
35968445
35387628
35051441
34889522
34546852
34442128
34391405
33811079
33634135
33536933
33110992
 Jie Lei
37485882
37485882
37463926
37428211
37420739
37393220
37379745
37279456
37243820
37211630
37195873
37182179
37161431
37118748
37105436
37056559
37031292
36969176
36950135
36926347
36914579
 Wenqiang Li
37467584
37467584
37460578
37420993
37418568
37355232
37335695
37315484
37306255
37269009
37262271
37084560
37083900
36970999
36952380
36937752
36930964
36845416
36802340
36746550
36706560
 Kun Wang
37481787
37481787
37481042
37478781
37471602
37469106
37467461
37464479
37463122
37461079
37459859
37457837
37450121
37440487
37437616
37437453
37437140
37436078
37431183
37415542
37408815
 Yu Song
37484476
37484476
37481722
37467917
37467048
37456161
37450188
37448688
37444293
37437621
37420628
37418416
37417705
37415417
37406734
37400933
37397717
37391196
37383692
37364847
37359906
 Shuai Li
37486107
37486107
37484916
37470182
37466052
37457939
37452534
37452042
37446571
37430329
37429578
37419094
37418979
37417625
37403780
37400822
37398887
37395076
37386357
37381397
37378979
 Wei Yang
37483878
37483878
37483803
37474982
37470370
37468912
37467122
37464916
37463811
37463506
37461646
37461126
37458404
37457245
37456330
37454742
37454264
37451500
37449518
37449128
37447299
 Cao Yang
37480182
37480182
37467091
37459728
37457983
37455460
37426624
37421678
37421228
37420913
37419827
37416951
37408010
37407519
37402846
37396832
37392964
37383715
37382451
37381053
37362216
Fei Zhou
37468964
37468964
37457729
37440907
37418406
37398512
37390182
37350731
37300977
37291978
37258577
37253803
37245815
37236355
37229351
37225032
37212654
37206210
37193083
37192621
37189075
 Ting Yu
37482887
37482887
37385099
37375414
37340824
37340423
37335900
37333592
37329852
37328300
37284884
37270965
37261895
37257812
37256919
37243666
37243598
37218529
37202601
37189163
37181910
 Ronghui Du
36926472
36926472
36362498
35792704
35409148
35173734
34304502
34021314
33870851
33298617
33240089
33196399
32944177
32907886
32820146
32805177
32645295
32621955
32448345
32437016
32423584
 Guohui Fan
37321233
37321233
37204755
37056988
36795456
36226154
35990949
35928619
35883052
35513826
35473747
35433747
35401364
35385369
35155477
35074630
35001555
34872515
34583675
34534435
34222179
 Ying Liu
37486235
37486235
37486143
37485926
37485569
37484777
37484718
37483389
37481563
37481151
37481091
37480813
37480065
37479565
37479187
37478665
37478133
37476195
37476154
37471209
37470451
 Zhibo Liu
37474941
37474941
37416318
37338120
37330593
37318538
37277675
37103565
37093272
37036562
37019890
36923091
36922816
36916201
36812239
36745408
36632233
36562255
36502984
36402764
36234972
 Jie Xiang
37480969
37480969
37457490
37421950
37284329
37193858
37184873
37175535
37151651
37142180
37096093
37087829
37071536
37064198
37056799
37032875
37020229
37008327
37000674
36965245
36925297
 Yeming Wang
37434854
37434854
37369282
37337997
37321233
37026906
36828006
36716195
36478734
36188433
36093094
36045658
35748704
35611349
35568052
35355793
35345417
35317717
35234623
35155477
35074630
 Bin Song
37464338
37464338
37456640
37453753
37439935
37438521
37404109
37397872
37384578
37378899
37369618
37334872
37308663
37304128
37293571
37276744
37251234
37229264
37201327
37191923
37188987
 Xiaoying Gu
37321233
37321233
36744132
36619810
36316630
35898809
35755062
35697052
35678952
35611349
35602490
35568052
35563622
35458712
35345417
35219375
35155477
35131324
35074630
35054949
34950055
 Lulu Guan
37344696
37344696
37168998
37042015
36902127
36594671
36439532
36222589
35615577
35467579
34966788
34881181
34855842
33784583
32255382
32224074
32171076
30854278
30388190
30006956
27534493
 Yuan Wei
37479506
37479506
37476942
37460872
37456304
37455079
37454562
37449493
37446537
37443030
37442135
37439870
37437160
37417966
37406171
37400468
37393818
37393242
37357223
37355762
37349531
 Hui Li
37486036
37486036
37482605
37481223
37480786
37479889
37479639
37478758
37478188
37477105
37475506
37475064
37475063
37475062
37474742
37471657
37471643
37471263
37471187
37467387
37467131
 Xudong Wu
37479438
37479438
37474102
37421727
37348755
37327456
37282793
37248506
37242832
37220307
37216827
37177621
37100771
37093957
36985560
36959757
36936840
36929671
36838112
36833399
36733232
 Jiuyang Xu
37321233
37321233
36804909
36625734
36187745
35155477
35074630
34454673
34326192
34246397
33734013
33428867
33421381
33403736
33271074
33079200
33010835
33007478
32840287
32675205
32635916
 Shengjin Tu
37321233
37321233
36719280
36504959
33529638
33428867
33248219
33078367
32675205
32171076
30505678
 Yi Zhang
37486758
37486758
37485350
37484822
37484380
37483457
37482607
37481178
37481158
37480977
37477770
37477718
37477258
37476946
37476834
37476831
37476053
37475287
37473570
37473523
37470365
 Hua Chen
37470912
37470912
37459175
37452404
37449638
37446873
37439523
37438699
37437345
37435891
37431594
37424055
37413807
37390887
37369336
37357835
37351936
37340716
37335602
37303637
37295129
 Bin Cao
37484947
37484947
37452512
37415817
37369282
37356123
37349777
37348518
37330196
37321233
37318116
37307441
37302027
37245814
37241471
37228658
37196009
37154704
37153610
37149249
37126843
Yonghao Xu
37360309
37360309
37059908
37055275
37027546
36949955
36898986
36819546
36785648
36775933
36532037
36333809
36241980
36103964
35984793
35960000
35908725
35877807
35820835
35683736
35155471
 Zhiheng Xu
37479154
37479154
37465290
37426144
37330676
37310669
37163082
36939759
36896968
36759508
36712677
36686501
36650421
36594626
36571716
36526795
36520723
36368769
36338309
36333809
36249800
 Xuesong Liu
37459595
37459595
37315651
37311149
37286019
37275177
37216810
37193789
37108850
37105040
37037781
36988431
36960769
36931088
36923950
36922506
36919422
36912866
36871671
36869874
36806386
 Lihua Cai
36483800
36483800
35981974
35653183
34338086
34306379
33608398
33571282
33195325
32944349
32702592
32653650
31375672
29648602
29568746
29310581
26479726
25315638
24641951
23132042
22991693
 Haichong Zheng
37426144
37426144
35242382
34540872
34393811
33870649
33334610
33195325
31242025
30231236
29615686
29255356
27431014
27103436
26615223
 Yongbo Huang
37426144
37426144
36984161
36949955
36898986
36626550
36532037
36350496
36333809
36241980
35910232
35820835
35242382
34966028
34955143
34947431
34671268
34659231
34592936
34540872
34537053
 Lixin Zhou
37355892
37355892
37342781
37339563
37165661
37144835
37126332
37054660
36976328
36967830
36931677
36922372
36909244
36862900
36776052
36754900
36726748
36725225
36699903
36570381
36568242
 Linxi Huang
37361230
37361230
37009134
36866867
36484839
36034880
35784691
35449019
35413424
35242382
35172856
34551202
34544079
33882501
33560663
33195325
32749826
31553972
31236586
30244686
34996162
 Yun Ling
37443424
37443424
37434480
37420335
37415511
37341660
37334841
37329712
37262997
37257299
37249178
37203559
37179192
37111986
37095086
37093185
37067827
37000349
36949347
36924630
36879549
 Liehua Deng
37317745
37317745
37051218
37051207
36874384
36873873
36856313
36812975
36681676
36566344
36449404
36181338
35524924
35500779
34845724
34182540
33905885
33879692
33861420
33363395
33195325
 Jianwei Li
37456724
37456724
37421017
37406910
37364197
37354283
37339556
37326381
37314921
37268764
37268462
37252942
37248423
37246610
37240574
37229202
37223522
37216229
37207902
37205123
37202633
 Sibei Chen
37343642
37343642
37207903
36333809
35908725
35155471
34592936
34379989
34263634
34058680
33334610
33195325
33167955
32944341
32802452
32727526
32601708
32342724
32293905
32293451
32203672
 Dongdong Liu
37484635
37484635
37434557
37430037
37399930
37392499
37384819
37368248
37233286
37086533
37063280
37044326
36958615
36911401
36873997
36809906
36802162
36770160
36757212
36715588
36648145
 Zhimin Lin
37470228
37470228
37451813
37426144
37178390
37158128
36980831
36816740
36590551
36505304
36499579
36091030
35908725
35892948
35836771
35832215
35730093
35548275
35242382
34973502
34834602
 Liang Zhou
37478757
37478757
37468833
37455999
37446408
37427890
37405018
37402552
37397457
37393565
37381642
37361063
37360309
37339496
37327735
37307801
37302808
37299680
37292141
37285312
37262982
 Weiqun He
37426144
37426144
37158128
36819546
36333809
36241980
36071755
35908725
35155471
34916812
34659231
34592936
34540872
34263634
33850111
33262968
33195325
32293451
31785505
31537234
30174891
 Nanshan Zhong
37481849
37481849
37452066
37451700
37386364
37377656
37324081
37315325
37301869
37225694
37207649
37178731
37121151
37069171
37059908
37038356
37005365
37003996
36969254
36794141
36752809
 Xiaoqing Liu
37481742
37481742
37481579
37479187
37448800
37437501
37430328
37426144
37395782
37388724
37382225
37379042
37370111
37361035
37360309
37348492
37324285
37305106
37268840
37265111
37264502
 Yimin Li
37469953
37469953
37436378
37435019
37426144
37300272
37283962
37251406
37250707
37221523
37170186
37145161
37140346
37090728
37083343
37059908
37053227
37036368
37035039
37027821
37009820
Yi Zheng
37482287
37482287
37480171
37477258
37475634
37460804
37429089
37420774
37413733
37408769
37404683
37379835
37374783
37363719
37360054
37355767
37350559
37345464
37343797
37340829
37326841
 Li-jun Sun
37074450
37074450
36081937
36053375
36045660
36002233
35991640
35945184
35725869
35714554
35659547
35255253
34906050
34896474
34850777
33646596
33615066
33515207
33509125
33252379
33080695
 Mi Xu
37326141
37326141
37190595
35948461
35457968
35316552
35280373
35233896
35222317
34399534
33226395
33170995
32990983
32772756
32485020
32425003
32280527
32190267
35531559
31361387
29977968
 Jian Pan
37456311
37456311
37434606
37423037
37404753
37404472
37397529
37386207
37383585
37365910
37325531
37301826
37297039
37283096
37267930
37264691
37196033
37181006
37178381
37169301
37021255
 Yun-tao Zhang
36918071
36918071
36758594
36596779
36579118
35760812
35665745
34536349
34464868
34179477
33726966
33543213
33204121
32742997
32425003
31900117
31610785
28549553
27609375
25938142
25571713
 Xue-ling Fang
32425003
32425003
32355990
31351423
19930887
18186579
17997903
17690042
17571315
16959151
16548353
12601883
 Qiang Fang
37407988
37407988
37310537
37227576
37226458
37222685
37207426
37177648
37081757
37067845
37065785
37007559
36996369
36851993
36846144
36827179
36793310
36763995
36760706
36679654
36542863
 Hong-liu Cai
32425003
32425003
32075786
19930887
