Xiaobo Yang
37474682
37474682
37447403
37433375
37421866
37298846
37298405
37262241
37247023
37228608
37165497
37119641
37034211
37034208
36973682
36970591
36939787
36926303
36889077
36858511
36856834
 Yuan Yu
37486399
37486399
37486292
37476496
37460549
37458778
37458289
37446875
37439582
37432413
37403783
37386820
37359529
37358033
37340651
37329603
37315457
37304668
37288578
37288291
37259675
 Jiqian Xu
37197655
37197655
36569932
36567568
36526145
36341336
36195935
36191588
36068919
35967847
35927154
35924528
35785930
35167328
34876996
34869450
34676222
34660625
34243582
34062415
33863396
 Huaqing Shu
37124033
37124033
37081927
36687520
36526145
36195935
36191588
36114552
36068919
36062193
35967847
35785930
35237368
35123448
34980314
34869450
34743860
34676222
34660625
34366051
34265832
 Jia'an Xia
34355001
34355001
32631393
32200645
32167524
32105632
32007143
31368243
28224433
 Hong Liu
37486316
37486316
37485547
37483931
37481305
37478057
37473786
37470691
37464951
37462269
37458515
37456320
37453493
37452682
37452385
37446723
37433653
37429265
37425224
37425078
37420385
 Yongran Wu
37158961
37158961
37125037
36473570
33511146
33425960
33425951
33231857
32865701
32720214
32631393
34676128
32410714
32302435
32105632
28420468
 Lu Zhang
37482189
37482189
37481498
37469185
37469124
37464298
37460713
37457662
37455261
37454442
37454086
37449216
37444586
37436378
37435567
37432420
37427957
37423116
37422279
37419658
37414123
 Zhui Yu
37244049
37244049
36916341
36880237
36713335
36506549
36377459
35013321
34744697
34412742
33879732
33511146
33425960
33323819
32887670
32852385
32684211
32506258
32410714
32385999
32385987
 Minghao Fang
37450071
37450071
37308475
37084417
37030879
36930538
36868327
36634157
36238478
36040450
35924018
35897927
35758882
35656027
35611706
35577954
35224788
35189572
34961998
34674393
34587478
 Ting Yu
37482887
37482887
37385099
37375414
37340824
37340423
37335900
37333592
37329852
37328300
37284884
37270965
37261895
37257812
37256919
37243666
37243598
37218529
37202601
37189163
37181910
 Yaxin Wang
37485977
37485977
37470905
37445816
37404557
37397544
37378437
37353345
37318726
37286009
37252649
37249901
37157554
37146257
37141777
37138903
37138662
37137928
37107619
37105369
37042353
 Shangwen Pan
37124033
37124033
36191588
36062193
35967847
35237368
34876996
34676222
33863396
33620438
33425951
33424852
33424804
33422128
33231857
33128875
32865701
32853967
32720214
32636835
32105632
 Xiaojing Zou
37158961
37158961
37139806
37125037
37030879
36473570
36195935
36191588
36114552
36068919
35967847
35785930
35728861
35664359
35656027
35237368
35125962
35123448
34876996
34869450
34660625
 Shiying Yuan
37308186
37308186
37158961
37124033
37017434
36687520
36526145
36347892
36288971
36229865
36191588
36114552
36068919
36062193
35965346
35831877
35785930
35572571
35452852
35449019
35303276
 You Shang
37308186
37308186
37260608
37197655
37158961
37124033
37017434
36789019
36785648
36649504
36569932
36567568
36567402
36526145
36473570
36405561
36341336
36195935
36191588
36114552
36103964
Yihui Huang
37284234
37284234
36982120
36593682
36554423
36483726
36475528
36418355
36298609
36126552
35970047
35855390
35591071
35574383
35505281
35329392
35309830
35196914
35120010
35059407
34941531
 Mengqi Tu
35280281
35280281
33778568
32984387
32767522
32283159
32114074
30394322
29737480
28683105
28296759
28225791
26484385
 Shipei Wang
34195213
34195213
33828483
33787594
33585382
33416091
33336560
33240911
33029089
32984387
35117831
32283159
35117587
32114074
32088437
31877826
29270747
28585149
 Sichao Chen
37090973
37090973
36846082
36704715
36338617
35813506
35574383
34483842
34306348
34195213
34135961
33828483
33787594
33607647
33585382
33425716
33416091
33384386
33336560
33224799
35117303
 Wei Zhou
37485687
37485687
37482485
37481947
37478234
37475506
37468882
37467970
37466011
37461573
37452037
37446772
37444227
37441842
37440595
37439624
37437227
37436382
37434685
37430333
37425708
 Danyang Chen
37405558
37405558
37386905
37362002
37358336
37347867
37317041
37268066
37244045
37108365
37080437
37064873
37056116
36977976
36944965
36910922
36874068
36846300
36826840
36789072
36707689
 Lin Zhou
37480414
37480414
37480249
37478905
37466302
37449400
37431690
37407573
37396383
37387602
37386279
37385531
37381440
37370246
37348548
37334925
37331183
37330825
37325182
37312185
37297977
 Min Wang
37486587
37486587
37486240
37485764
37485631
37485399
37485072
37483942
37480052
37477712
37477496
37476831
37475053
37467994
37466964
37465019
37464916
37457324
37455911
37455506
37455075
 Yan Zhao
37485474
37485474
37484528
37483353
37482623
37480183
37479663
37477210
37476953
37475167
37475132
37475025
37470412
37468748
37468609
37465679
37461139
37460362
37457198
37457017
37453470
 Wen Zeng
37478186
37478186
37452162
37446552
37434112
37427424
37403282
37401139
37361062
37241708
37231635
37224620
37206548
37156020
37154485
37150363
37109906
37087984
37072056
37069183
37055706
 Qi Huang
37477346
37477346
37458772
37453703
37445839
37438735
37429231
37425480
37422102
37416897
37410111
37403282
37398840
37393941
37386875
37375698
37368640
37357805
37354324
37353487
37346077
 Hai'bo Xu
35752479
35752479
34873766
33936974
33787118
33428144
33416172
33084159
32576137
32489049
32474568
32282775
32114074
32029004
31929970
31464937
31193098
30705914
29309992
29281098
29066883
 Zeming Liu
37122849
37122849
36857751
36820321
36785790
36779189
36451424
36398455
36250413
36133353
36110320
36105600
36084948
36054590
36035490
36035182
36034397
35846376
35692106
35574383
35478958
 Liang Guo
37461703
37461703
37430879
37405016
37401600
37401599
37396542
37393616
37390931
37386076
37337206
37334782
37324868
37323232
37316672
37313423
37313324
37288300
37250958
37246599
37234018
Kunhua Li
37464200
37464200
36963492
36593858
36534810
36317100
34553256
34470822
34272467
34114757
33390821
32541877
32265829
32118615
31826738
31581174
31544274
31082273
30763067
29725007
29182909
 Jiong Wu
37428235
37428235
37381467
37310898
37216212
37171947
37129057
37082658
36973538
36856904
36852079
36782197
36621549
36575513
36508355
36387082
36374912
36366612
36346499
36336967
36252997
 Faqi Wu
37003178
37003178
35517056
34174346
33987915
32118615
28842771
26103635
24992386
24765861
21941755
16724734
15852920
 Dajing Guo
37464200
37464200
37392233
36930590
36643030
36388875
36280029
36165612
36018487
35626199
35558339
35386311
35360177
35246943
35194836
34983097
34916791
34899168
34837795
34564743
34553256
 Linli Chen
37424430
37424430
36277708
36249230
35910467
35854215
34837795
34697410
34564743
33621195
33258715
33082389
32524786
32211963
32118615
32091414
31632912
30431091
29843222
28211539
27184937
 Zheng Fang
37467690
37467690
37454215
37429826
37421630
37404751
37368392
37349332
37341462
37329879
37312205
37308847
37272674
37230023
37205909
37198164
37195736
37183760
37175757
37173750
37146305
 Chuanming Li
37415633
37415633
37346067
37266658
37142819
36495117
36481660
36359276
36099727
35775053
35668757
35580588
35517056
35463351
35356298
35233374
34983097
34960113
34564743
34174346
33987915
Xi Xu
37470267
37470267
37468774
37455820
37435898
37420300
37355371
37318164
37312215
37237857
37230639
37210997
37209451
37190470
37107273
36939338
36932814
36914257
36760019
36752654
36748818
 Chengcheng Yu
37236000
37236000
37191156
37084973
36934335
36193308
36031402
35718967
35630685
35335572
34907709
34578483
34524271
34129722
33636364
33244871
33102227
32977224
34691685
32208010
32107577
 Jing Qu
37468667
37468667
37378670
37312869
37308417
37285263
37284444
37261950
37221891
37207411
37204115
37199024
37193050
37158785
37118553
37117743
37095575
37084237
37076725
37065652
37010884
 Lieguang Zhang
36068226
36068226
35959622
35810174
35560820
34397444
33433006
32838353
32199142
32107577
32060619
12890363
 Songfeng Jiang
32107577
32107577
28390707
12890363
 Deyang Huang
35959622
35959622
34397444
32107577
23963272
21182287
19593756
15620093
15202253
12890363
 Bihua Chen
37392282
37392282
37326883
36900524
36247780
35924529
35371147
35261264
34964736
34956273
34539706
34530726
34220934
34040589
32964774
32879792
32318077
32117983
32107577
35117187
31737671
 Zhiping Zhang
37473786
37473786
37452420
37434304
37395666
37311660
37290722
37282886
37275264
37260449
37249279
37217146
37163695
37149202
36996354
36993601
36986940
36940883
36916173
36868428
36813048
 Wanhua Guan
32208010
32208010
32107577
 Zhoukun Ling
32576345
32576345
32199142
32107577
 Rui Jiang
37478488
37478488
37464589
37456294
37438973
37429103
37351545
37346154
37323818
37319081
37306208
37300932
37295367
37256221
37251916
37241450
37239903
37234420
37227799
37222247
37221784
 Tianli Hu
36966325
36966325
36714726
36201486
36124549
35816764
35685005
35235923
34982056
34219535
32107577
31473541
31260823
30786150
30673228
30424463
29471202
28663141
 Yan Ding
37454507
37454507
37443117
37439663
37435395
37429486
37390188
37382125
37379594
37373270
37365185
37352958
37352437
37292035
37287196
37269482
37267897
37263335
37232144
37201708
37189326
 Lin Lin
37485833
37485833
37459866
37455821
37452282
37448071
37437480
37427386
37425964
37423469
37368076
37350069
37344994
37341801
37337163
37335650
37332241
37332140
37331166
37286992
37279253
 Qingxin Gan
36325114
36325114
33390771
32864570
32199142
32107577
 Liangping Luo
37427368
37427368
37259396
37242423
37171492
37111692
36741697
36678748
36585109
36466449
36404330
36026551
35898876
35665050
35647201
35637855
35601559
35574560
35546710
35246149
35224311
 Xiaoping Tang
37409133
37409133
37384047
37360309
37212313
37011093
36933713
36899712
36828833
36719357
36619907
36574222
36406455
36338432
36325114
36270516
36229892
36220995
36178562
36125838
36091043
 Jinxin Liu
37399206
37399206
37369704
37368247
37312970
37299550
37290656
37233018
37140125
37093500
37069497
37035052
37025399
36999653
36989856
36976645
36945149
36937857
36933781
36826251
36807762
Wenjie Yang
37454211
37454211
37325625
37201122
37175360
37173744
37088543
37063886
37059587
37051056
37028095
37020189
36912090
36902193
36898345
36891991
36873101
36868960
36842477
36835476
36811787
 Qiqi Cao
37393620
37393620
37353907
37336873
37148315
36854305
36384596
36317249
35994298
35756389
35688983
35646530
35416530
35310976
34974221
34767776
34710452
34705640
34582091
34542892
34494234
 Le Qin
37475083
37475083
37436890
37436338
37301125
37202778
37176030
37035021
36860582
36845398
36690896
36690227
36654786
36518238
36495368
36332750
36322382
36229619
36215973
36160950
36159497
 Xiaoyang Wang
37484694
37484694
37483078
37418911
37407064
37391155
37344645
37334918
37321040
37269196
37246946
37221481
37217498
37163804
37160170
37147054
37126545
37082150
37034164
37031841
37015930
 Zenghui Cheng
37335041
37335041
36528314
36502376
35388914
35242369
35072301
34887722
33708843
33524572
33373868
33049809
32838005
32755197
32631458
32607634
32561279
32346594
32174128
32112884
31869769
 Ashan Pan
33490178
33490178
32953523
32838005
32346594
32112884
 Jianyi Dai
35879274
35879274
33725951
32953523
32838106
32838005
32525548
32423816
32346594
32343410
32112884
26032700
15099464
14558959
 Qingfeng Sun
37428964
37428964
37340558
37323016
36907989
36867829
36746563
36604067
36583722
36146102
36083672
36018692
35950470
35925598
35657882
35588238
35500324
35499235
35433752
35332128
35076199
 Fengquan Zhao
32953523
32953523
32838005
32112884
 Jieming Qu
37461235
37461235
37403923
37311354
36910077
36868960
36827175
36777445
36708692
36669778
36574216
36466682
36463140
35941654
35930458
35863486
35863038
35835754
35830201
35710264
35619189
 Fuhua Yan
37335041
37335041
37291590
37198348
37188998
37166511
37165908
37141646
37083155
37064157
37052557
37030683
37023400
36988420
36976337
36968080
36967053
36919529
36883631
36845688
36800112
