Hae-Young Lee
37436657
37436657
37259165
37258583
37122032
37095689
37015719
36800678
36788612
36781979
36703129
36660436
36627738
36609802
36593518
36575485
36514267
36451242
36381018
36316765
36268774
 Juhee Ahn
37150310
37150310
36839624
36647518
36551382
36450739
36368602
36065433
36060568
36028994
36002113
35889104
35884169
35561980
35335673
35215091
35196792
34997948
34995297
34921957
34439069
 Juhong Park
36919898
36919898
36642501
34785643
34184878
33858123
33535790
29799725
29618842
29434261
29170514
27147503
26155262
25382854
24659898
 Chang Kyung Kang
37448122
37448122
37309699
37251284
37081872
37033936
36849638
36755360
36536547
36466861
36399654
36229591
36218350
36106393
35891618
35880508
35689946
35686133
35588970
35568362
35508998
 Sung-Ho Won
37460953
37460953
37154599
33858123
33535790
32693820
24337434
23531425
18751541
 Dong Wook Kim
37482650
37482650
37470930
37463690
37457411
37392417
37376145
37367071
37366637
37357868
37357388
37336136
37304227
37199387
37111861
37104217
37072680
37067644
37066794
36949155
36948083
 Jong-Heon Park
37247095
37247095
37080728
36554502
35760396
35042390
35010641
35010384
34858006
34148851
33858123
33720059
33669927
33631028
33557485
33535790
33494129
33108122
33071238
32889960
32699161
 Ki-Hyun Chung
35275210
35275210
35257525
35040299
33858123
33535790
32989937
32743995
32259477
32242348
 Joon-Sung Joh
37309700
37309700
36835896
36233779
34893799
34871098
34209104
33858123
33535790
33238656
33230985
33052143
32989937
32789110
31522517
30477961
30060038
29892209
29527838
29153641
28902596
 Ji Hwan Bang
37272233
37272233
37033936
36400408
35981691
35978016
35689946
35595789
35470600
35378185
35257525
35132832
35040299
34951534
33858123
33847082
33592353
33535790
33172283
33169558
33050983
 Cheong Hee Kang
33858123
33858123
33535790
27081619
26713044
26005624
 Wook Bum Pyun
37452364
37452364
37337866
37095689
36991063
36818142
36781979
36208782
35863061
35388992
35096995
34503866
34134467
34085433
33946492
33858123
33739126
33719521
33710170
33671916
37155669
 Myoung-don Oh
37448122
37448122
37442351
37309699
37206623
37081872
37033936
36852854
36808546
36755360
36536547
36515544
36466861
36399654
36218350
36106393
35891618
35880508
35689946
35686133
35617986
Payam Peymani
37120984
37120984
37070633
37064207
36806202
36441676
36330640
36309751
36253662
35795566
35517797
34574981
34527613
34527609
34000058
33912499
33521322
33102383
33102382
32921756
32861229
 Tania Dehesh
37171485
37171485
37147992
37095125
36853269
36713798
36712299
36258739
36088363
35094377
35093123
34816683
34703532
34144716
33638141
33521322
32962665
32943593
32770852
32696886
32494140
 Farnaz Aligolighasemabadi
37002624
37002624
36853269
34723746
34222432
34116330
33521322
29744124
 Mohammadamin Sadeghdoust
37002624
37002624
36853269
34723746
34222432
34116330
33521322
29744124
 Katarzyna Kotfis
37445781
37445781
37414511
37122675
37012173
36992599
36853269
36767840
36508996
36447130
36430028
36341249
36233617
36232655
36231922
36131315
36076479
36051850
35806098
35790979
35781076
 Mazaher Ahmadi
37069217
37069217
36555829
35931405
35304223
35050594
34517623
34206057
34203268
33750859
33592722
33521322
33070863
32927022
31220568
30982396
30159829
30077098
28456282
28110680
27837869
 Parvaneh Mehrbod
37167706
37167706
37039867
36594062
36497321
36097520
36076921
35729614
35606770
34598697
34588898
34206057
34203268
33766078
33726731
33679384
33521322
33374938
33374214
32777353
32272130
 Pooya Iranpour
36895460
36895460
36046717
35965940
35959231
35919083
35755101
35378436
35355527
35284347
35101294
35025781
34327023
34024714
33628262
33521322
33387992
33262796
33257273
32801422
32699056
 Sanaz Dastghaib
37294480
37294480
37265573
36798664
36229797
36175937
35931405
35708778
35365911
35304223
35282811
34723746
34536148
34206057
33933022
33521322
33374938
33105603
33016937
32915643
32515037
 Ahmad Nasimian
36902436
36902436
36835239
36733702
34830443
34638414
34398426
33521322
32989584
32353423
29672933
29285029
28039621
27012037
26298454
23229720
 Amir Ravandi
37392580
37392580
37190124
36892958
36853269
36677004
36562016
36273652
35888750
35621631
35198888
35092207
34926484
34677400
34346781
34026169
33644739
33571313
33521322
33513080
33426374
 Biniam Kidane
37426170
37426170
37414481
37408673
37373199
37306641
37221679
37190124
36975475
36910044
36811886
36754105
36727738
36538638
36524064
36267734
36266092
36224630
35968895
35719971
35182515
 Naseer Ahmed
37408673
37408673
37342420
37293380
37190124
37181307
37128650
37029505
37008683
36909796
36908817
36900761
36757034
36673562
36673561
36560486
36555956
36553978
36381978
36292502
36275452
 Pawan Sharma
37483582
37483582
37483349
37469421
37445450
37397843
37389335
37321333
37260462
37113366
37004296
36998835
36974840
36962497
36951146
36925500
36836268
36794580
36778606
36773109
36642393
 Shahla Shojaei
37392580
37392580
37207361
36053057
34558181
34461573
33766738
33634751
33521322
33105603
32927022
32567972
32440180
32053340
31689388
31545550
31449810
31319483
30982396
30974104
30765502
 Kamran Bagheri Lankarani
37374770
37374770
37324909
37283284
37275669
37124855
37124201
37082544
37072839
37058228
36875933
36846535
36809948
36794124
36760884
36658489
36619729
36619720
36588299
36569570
36508442
 Andrzej Madej
37297964
37297964
36636983
35457778
34884332
34246304
33521322
31131825
30726692
29809132
29607075
26839563
23575796
23452834
22371409
22180354
22008824
21504380
20967712
20858158
20807413
 Nima Rezaei
37474024
37474024
37461086
37459114
37452958
37451079
37382259
37334102
37328456
37312195
37296469
37262326
37256995
37254607
37237458
37212051
37206240
37153356
37140002
37131962
37102642
 Tayyebeh Madrakian
37452101
37452101
37069217
36921801
36801757
36571644
36555829
36357771
36116276
35816908
35792444
35414065
35304223
35184030
35050594
34830361
34448045
34303937
34231570
34203268
34166925
 Marek J. Los
37380126
37380126
37108670
36866552
36853269
36555829
36497321
36435236
36076921
35563084
35304223
35248646
35163279
34991982
34942307
34830876
34830361
34638414
34536148
33521322
33374214
 Hagar Ibrahim Labouta
33521322
33521322
32567972
27888144
26522071
20652728
 Pooneh Mokarram
37170980
37170980
37167706
36853269
36762213
36175937
35931405
35611248
35469237
35365911
35304223
35282811
34723746
34536148
34424445
34222432
34206057
34203268
33635146
33569978
33521322
 Saeid Ghavami
37392580
37392580
37380126
37370767
37246783
37207361
37190124
37146914
37146725
36921801
36921737
36853269
36829578
36655489
36555829
36497321
36481484
36213145
36076921
36028075
35954362
Yongzhen Fan
37354826
37354826
37284070
37054908
36573725
36515250
34844599
34123873
33589409
33411686
33330541
33219594
32995859
32936268
32242895
32219356
30024531
33867576
26965536
26835615
26367699
 Tao Guo
37482310
37482310
37443179
37420310
37416884
37408389
37390106
37385459
37361906
37353980
37340527
37331532
37313132
37313044
37309604
37308749
37305965
37298949
37298858
37238093
37233442
 Feifei Yan
37429650
37429650
37389243
37316476
37272418
37203349
37178444
36984298
36828110
36810581
36714554
36673807
36615879
36603134
36573499
36405269
36402263
36324146
36304898
36288189
36259363
 Ming Gong
37438533
37438533
37415116
37293159
37278979
37252926
37085397
37077914
37042247
37001092
36963550
36934370
36925076
36916925
36911196
36864050
36844746
36836115
36827567
36817831
36809650
 Xin A. Zhang
37204469
37204469
36788350
36354784
35773608
35773581
35773580
35339615
34055936
33860000
33748924
33330541
32567003
32345960
32088828
31807237
31499723
31364448
31144244
31116894
31037472
 Chenze Li
37184278
37184278
36939801
36826575
36407421
36062477
35872921
35377184
35365608
35294004
35097019
34900625
34844599
37273834
34743891
34711067
34534287
34397690
34333030
34159537
34055936
 Tao He
37481520
37481520
37455632
37421225
37415780
37393695
37386794
37379599
37370524
37368798
37361232
37354826
37351133
37339730
37332538
37327631
37260148
37246225
37210380
37199801
37175207
 Huimin Luo
37141142
37141142
37130580
36894083
36871356
36342376
36253710
36087808
35872490
35721178
35474072
35424785
35391797
35243215
34862754
34856923
34721428
34216105
34149811
33995493
33989457
 Lin Zhang
37486737
37486737
37484263
37483942
37483616
37481738
37480116
37478851
37473846
37473595
37466365
37466214
37462323
37460532
37457569
37457452
37457345
37456250
37455282
37454248
37452462
 Ming Chen
37486120
37486120
37484972
37480607
37478957
37477650
37474274
37469242
37468683
37468393
37465498
37459451
37455409
37450055
37432568
37426385
37421550
37420993
37414309
37413900
37410917
 Xiaoyan Wu
37473494
37473494
37439695
37431082
37427728
37418592
37405826
37394763
37380324
37379910
37354826
37349695
37343720
37330866
37329600
37329595
37310705
37300722
37280629
37274268
37269698
 Hairong Wang
37486326
37486326
37478628
37439338
37423037
37354826
37334851
37330498
37293404
37275604
37269810
37261264
37250212
37244036
37178381
37148307
37059028
36914714
36897191
36738971
36705923
 Ke-Qiong Deng
37431082
37431082
37230962
37086230
37004300
36396746
36237179
35759443
35437018
35256042
34055936
33330541
32861268
32805187
32683902
30748020
29945911
29229612
28827473
28716987
27956576
 Jiao Bai
37337768
37337768
37326479
37282965
37257738
37182111
37179926
36987379
36896299
36863007
36641273
36473816
36061061
36004441
35999646
35787204
35545201
35543091
35473758
35124997
35080696
 Lin Cai
37475745
37475745
37439766
37435235
37415241
37405473
37404681
37404370
37349665
37346682
37332059
37323191
37310269
37297499
37280617
37267787
37246175
37229774
37227643
37211475
37191242
 Zhibing Lu
37431082
37431082
37405482
37354826
37284070
37086230
37054908
37004300
36634025
36573725
36563053
36483625
36396746
36038225
36008072
36005434
35792496
35497996
35460889
35227297
35111634
Jawad Haider Butt
37042264
37042264
37012504
36928217
36708755
36632831
36598047
36504263
35793863
35259247
35072031
34477838
34311012
34274314
34144117
33721017
33657854
33542032
33485095
33277291
33213846
 Thomas Alexander Gerds
37272585
37272585
37012504
36691250
36656059
36639191
36603909
36550452
36316291
35624504
35470947
35461790
35146474
34689237
34302925
34037228
33951728
33485095
33277291
33184639
33168641
 Morten Schou
37484063
37484063
37453730
37423743
37421279
37407113
37395341
37355774
37289772
37265783
37220821
37178995
37164524
37128596
37072105
37045515
37042264
37031708
37012504
37003987
36928217
 Kristian Kragholm
37419172
37419172
37306087
37268178
37258374
37191704
37095885
37012504
36947152
36941977
36915540
36865615
36788483
36716564
36712165
36691953
36605904
36550452
36509229
36496039
36455704
 Matthew Phelps
37012504
37012504
36513581
36477305
35953403
35919262
35279468
34274314
34144117
33893489
33730160
33645840
33542032
33485095
33277291
33235900
33213846
33160947
33107909
33054349
32970921
 Eva Havers-Borgersen
37271357
37271357
36708037
36681172
36642228
36471672
35167917
34730003
34238563
34144336
33277291
33235900
32750138
32687184
32185504
31665260
31596426
30961980
30947917
30905692
30336826
 Adelina Yafasova
36821709
36821709
36708755
36694874
36507587
35942877
35907102
35241243
35229642
35167917
35136973
34882430
34782450
34477838
34450481
34184381
34144336
33832598
33657854
33277291
32956442
 Gunnar Hilmar Gislason
37470442
37470442
37173284
37070942
36759010
36657765
36581981
36351794
35957808
35373838
35246043
35196379
34666012
34153131
33657854
33526506
33452118
33419881
33277291
33268425
33168641
 Christian Torp-Pedersen
37481712
37481712
37464548
37453730
37448334
37436529
37419172
37409410
37391361
37380194
37342237
37340347
37335977
37328848
37327849
37309803
37302738
37289772
37276529
37224110
37178764
 Lars Køber
 Emil Loldrup Fosbøl
Omar Saeed
37454771
37454771
37401936
37383168
37374205
37269688
37204379
37043003
36588051
36357916
36347149
36315388
36302594
36259348
36220235
35795304
35711169
35671537
35643513
35538423
35455276
 Francesco Castagna
37429021
37429021
37098374
37048679
36302594
35727870
35711169
35422348
35168984
35011509
34935442
34231098
34209143
33978937
33351148
33092446
32473085
30559034
29411308
29043581
28336236
 Ilir Agalliu
37103521
37103521
37052695
36976362
36144284
36100952
35915964
35768315
35711169
35700419
35499408
35193833
34850269
34783926
34554142
34116955
34017909
33961080
33881932
33617325
33092446
 Xiaonan Xue
37467068
37467068
37463321
37438377
37405591
37311792
37306150
37170952
37042702
36768636
36619400
36303210
36184972
36104689
36016691
35876251
35801535
35727147
35711169
35619100
35578919
 Snehal R. Patel
37454771
37454771
37269688
37245143
37204379
35671537
35483764
35439188
35279389
35249832
35168984
35047663
34922742
34911655
34525837
34407270
34246419
34209143
34176726
34047456
33975786
 Yogita Rochlani
37245143
37245143
35852781
35414851
34547286
34391745
34317554
34157383
33272377
33092446
32819463
32474734
31928092
30489331
30478664
30063443
30004797
29921166
29649357
29299444
29046992
 Rachna Kataria
37288332
37288332
37187230
36752490
36545229
36535339
36342421
35168984
35022210
34935442
34478119
34209143
33092446
30725485
30520778
29398381
28470696
29772159
27756942
25019955
24687195
 Sasa Vukelic
35785460
35785460
34209143
33905572
33092446
31495408
30980824
30853587
30354557
30354218
30126825
28017831
27867617
26916741
25063792
24635172
24577962
23470689
21239489
19903814
19632603
 Daniel B. Sims
37269688
37269688
37204379
35862152
35560987
35439188
35249832
35168984
34802875
34634449
34616782
34209143
34050652
34047456
33205573
33115261
33097443
33092446
33058805
32354279
32085934
 Chikezie Alvarez
37272686
37272686
37229640
36357307
35492841
35191553
34926983
33133839
33092446
32354279
32190493
31598875
31523558
31258858
31256052
30219151
30038914
29958709
29884668
29808095
29596078
 Mario J. Garcia
37048679
37048679
36808390
36619296
36583813
36354772
36197445
35887943
35729014
35727870
35617267
35483479
35467114
35379446
35267094
35168984
34935442
34879208
34774885
34751391
34317403
 Ulrich P. Jorde
37454771
37454771
37269688
37268054
37204379
37114326
37091051
37043003
36958391
36861266
36588051
36572060
36562497
36516021
36462544
36302594
36197445
36175051
36051452
35862021
35711169
