Stefano Amatori
36982094
36982094
36936914
36847916
36840913
36786870
36536122
36386948
36278747
36193819
35960537
35687897
35273317
35204119
35203383
35163027
34968250
34965758
34922581
34498819
34069712
 Sabrina Donati Zeppa
37447228
37447228
37111021
36982094
36814313
36612186
36611827
36325818
35624724
35273317
35204119
34922581
34498819
34443479
33807327
33535496
33324572
33260711
33074040
32245173
32168730
 Antonio Preti
37429185
37429185
37333548
37274852
37019886
36983145
36982069
36919340
36703141
36682817
36682195
36674283
36625988
36498739
36373542
36352341
36282066
36149012
36143075
36061290
35951619
 Marco Gervasi
37111021
37111021
36936914
36814313
36769362
36611827
36554895
34922581
33807327
33260711
33143161
32245173
32168730
31959202
31861755
31143128
30687420
30115856
28877225
28746232
28647869
 Erica Gobbi
37420268
37420268
36982094
36936620
36840913
36786870
36608060
34732366
34198004
33939690
33339228
33260711
33255390
33143161
31875357
30487107
29380486
29366334
29199784
27228050
25299437
 Fabio Ferrini
37111021
37111021
37047184
36612186
36611827
35624724
35204119
35008240
34443479
33260711
31861755
 Marco B. L. Rocchi
37042716
37042716
36982094
36936914
36879067
36840913
36814313
36786870
36579506
36278747
35960537
35841265
35754357
35664993
35624869
35455240
35327045
35273317
35001582
34922581
34640442
 Carlo Baldari
37372922
37372922
37090920
36820002
36786870
36767552
36613139
36554324
36232025
36160828
35855898
35329366
35127594
34956988
34945630
34618821
34568243
33939690
33881755
33836028
33669760
 Fabrizio Perroni
36982094
36982094
36936914
36840913
36786870
36613139
36278747
34574646
34498819
33939690
33260711
33255390
33143161
32996310
32872427
32203960
32168730
31765396
31610638
30239457
29721460
 Giovanni Piccoli
37285460
37285460
37111021
37110221
36814313
36611827
35960537
35596783
35497191
35456696
35204119
35181260
34922581
34495322
33876391
33876242
33705903
33324572
33260711
33206398
32987100
 Vilberto Stocchi
37111021
37111021
36814313
36611827
35960537
35497191
35211808
35204119
34922581
34498819
34204528
33939690
33807327
33651360
33472105
33324572
33260711
33114229
32909059
32893837
32694364
 Piero Sestili
37111021
37111021
37047184
36612186
36611827
36290605
35624724
35563962
35386306
35276943
35273317
35204119
35008240
34922581
34721966
34451835
34443479
34440163
34202792
33807327
33363465
 Davide Sisti
37257289
37257289
36982094
36936914
36840913
36814313
36786870
36386948
36325818
36278747
36193819
35960537
35273317
34965758
34922581
34793538
34498819
34204528
33939690
33807327
33763991
Imran Aslan
36704677
36704677
34895179
34884266
34588828
34545120
34209619
34126872
33276520
32583794
 Dominika Ochnik
36336698
36336698
36293779
36141859
36078672
36016222
35742455
35682347
35627329
35162364
35045832
35012023
34911485
34895179
34884266
34768581
34545120
34501473
34234588
34209619
33921511
Stéphanie Bourion-Bédès
 Cyril Tarquinio
36741817
36741817
36361238
36078712
35958714
35330859
35296280
34911529
34715167
33540333
33189368
33052727
33007150
32850131
32836303
32836302
31387577
31064323
27696918
25420926
25140439
 Martine Batt
36741817
36741817
36078712
35401263
35296280
34911529
33540333
33189368
31602992
30378550
29187333
27651013
23207487
 Pascale Tarquinio
36741817
36741817
36078712
35296280
34911529
33540333
33189368
33052727
27696918
 Romain Lebreuilly
36741817
36741817
36078712
35296280
34911529
33540333
33189368
29914962
23548892
 Christine Sorsana
36741817
36741817
36078712
35296280
34911529
33540333
33189368
29619658
 Karine Legrand
37080946
37080946
37075077
36741817
36307136
36100207
36078712
35696043
35296280
34911529
34200070
34087324
33540333
33189368
33143758
32772863
32097754
32025960
31969652
31879215
31506706
 Hélène Rousseau
 Cédric Baumann
37485905
37485905
37484682
37483114
37483038
37479818
37477386
37477252
37476373
37467200
37466719
37462985
37461538
37459768
37458568
37456676
37452407
37450520
37445742
37444788
37444615
Rong-ning Chen
33013582
33013582
32862063
 Shun-wei Liang
35570282
35570282
33013582
32862063
 Yang Peng
37475307
37475307
37468527
37459597
37454333
37450183
37432815
37432812
37427874
37409679
37406766
37404291
37400902
37397558
37392878
37370651
37355613
37348017
37346720
37346155
37334878
 Xue-guo Li
37170644
37170644
34647847
33013582
32862063
 Jian-bin Chen
37096528
37096528
37007483
36943543
35999255
35570282
33362737
33013582
32862063
32027287
31803607
31499034
31209817
30349366
29435128
27987344
26406790
26353545
25859801
25743224
25007750
 Si-yao Tang
33013582
33013582
32862063
 Jing-bo Zhao
37094660
37094660
35570282
34581938
34581100
34212636
33013582
32862063
32734371
32608658
32608601
32252754
31201424
31087958
31065547
30628264
29698053
29396105
25987965
24535254
24379925
Xinli Chi
37457391
37457391
37427269
37306836
36948929
36832535
36819748
36681826
36670610
36604998
36599758
36586617
36552181
36155236
36141442
36090651
36046411
35945974
35846239
35626864
35455543
 Benjamin Becker
37479942
37479942
37470459
37400814
37275655
37185959
37004381
36811176
36810437
36791897
36752467
36687746
36685689
36642496
36639890
36623581
36620626
36568552
36477938
36446159
36436209
 Qian Yu
37486389
37486389
37485755
37483779
37475855
37475556
37473884
37459304
37457951
37455358
37452878
37448115
37444317
37442943
37442136
37440433
37434152
37425305
37425048
37408392
37405364
 Peter Willeit
37422903
37422903
37354911
37301757
37211249
37144118
37118287
37054689
36867712
36798791
36642436
36478759
36478757
36373097
36314129
36205799
36159252
36146684
36016265
35818717
35785965
 Can Jiao
36832535
36832535
36767810
36586617
36045342
35987553
35573370
35564874
34949568
34888177
34828578
34606810
34447725
34439604
34249246
34199578
34126958
33787350
33574886
33551890
33414738
 Liuyue Huang
36948929
36948929
36832535
36670610
36604998
36155236
35846239
35455543
34900908
34888177
34824554
34753485
34574940
34249246
34067610
33391373
33364864
32848958
32734906
32663950
31936468
 M. Mahhub Hossain
33456407
33456407
33363585
32848958
32787890
 Igor Grabovac
37210319
37210319
36834069
36637774
36613214
36011949
35639798
35461821
35409642
35111897
35055523
35034162
35010405
34749542
34670063
34608404
34559402
34510199
34501758
34487198
34452953
 Albert Yeung
37347873
37347873
37022756
36993923
36754425
36745278
36729717
36378578
36212803
36193332
36046154
35950904
35802637
35797050
35712359
35287133
34988059
34847732
34734844
34559687
34304081
 Jingyuan Lin
36690718
36690718
36389531
35875963
35193522
34983533
34304081
34048448
33299364
33159547
33096970
33078246
33062054
32848958
32325144
32295680
32245103
32213980
32182844
32158423
31302775
 Nicola Veronese
37453210
37453210
37427854
37422721
37400668
37393660
37393412
37310575
37293615
37273091
37270578
37234600
37227581
37215209
37160649
37095600
37088015
37087024
37078753
37071490
37049550
 Jian Wang
37485655
37485655
37485000
37479695
37479661
37478628
37477871
37475433
37475221
37474611
37469357
37467765
37467393
37464378
37458454
37457569
37454842
37453674
37452091
37452066
37447639
 Xinqi Zhou
37148832
37148832
37004381
36810437
36642496
36639890
36553452
36301345
36282517
36196957
36130993
36068295
35654318
35596617
35573309
35427713
35174416
35122784
34880896
34679394
34359134
 Scott R. Doig
32848958
32848958
 Xiaofeng Liu
37486372
37486372
37462263
37459119
37457333
37447919
37396599
37380403
37372316
37334841
37329854
37329712
37320973
37309629
37298813
37297496
37292465
37262997
37235561
37234153
37215145
 Andre F. Carvalho
37469173
37469173
37405496
37399764
37393954
37390621
37383614
37150266
36901099
36789916
36764897
36726202
36698219
36640414
36586617
36481227
36470132
36460522
36341839
36339856
36247926
 Lin Yang
37484466
37484466
37483413
37477531
37477218
37476384
37475419
37466101
37464352
37462050
37460011
37458329
37457036
37456875
37453316
37450031
37449642
37446801
37446434
37445682
37443801
 Tao Xiao
37280429
37280429
37236935
37234804
37171615
37170280
37098056
37087661
37045949
36895279
36882451
36867688
36848854
36738584
36590637
36532439
36520317
36497923
36495733
36443340
36317242
 Liye Zou
37363769
37363769
37353966
37328031
37148971
36993923
36973804
36849735
36818392
36736727
36586617
36397179
36308622
36247406
36199367
36193332
36182711
36046154
36044330
36029958
35873416
 Paolo Fusar-Poli
37477722
37477722
37469173
37322065
37296309
37272623
37205422
37199754
37194556
37159357
37113551
36970257
36946486
36827942
36811370
36801514
36792173
36786112
36764723
36758330
36755293
 Marco Solmi
37477722
37477722
37469173
37429185
37399764
37392815
37363769
37353252
37296309
37194556
37182270
37159369
37075594
37001575
36913434
36890299
36871911
36827942
36786395
36764897
36752753
