Rongfeng Qi
37342156
37342156
37334993
37022091
36826627
36773345
36576688
35878841
35871438
34658811
33994982
33958993
33935665
33372704
33205889
32938511
32567973
32511502
32490056
32170058
32066722
 Wei Chen
37486153
37486153
37484995
37484016
37483078
37481439
37481012
37475284
37471188
37470427
37470193
37469254
37469018
37468761
37467388
37465108
37464741
37464317
37462137
37462091
37462050
 Saiduo Liu
37024795
37024795
36119453
35592303
35148485
33526973
33274203
32511502
32414383
 Paul M. Thompson
37465999
37465999
37459083
37436103
37434504
37421927
37402727
37391117
37333190
37325592
37205416
37205260
37195040
37185958
37182882
37163066
37131672
37131072
37126701
37090601
37076741
 Long Jiang Zhang
37456310
37456310
37265250
37145150
37052565
36943201
36786701
36761979
36576550
36549208
36525702
36469852
36395980
36306266
36162081
36162066
35878841
35576551
35433852
35275257
35258672
 Fei Xia
37483760
37483760
37394927
37267109
37250954
37228513
37194118
37165855
37140169
37128898
37107264
37072656
37041743
36838753
36809058
36800260
36778126
36703900
36677644
36605576
36577510
 Fang Cheng
37484957
37484957
37478993
37465024
37414307
37398056
37397768
37392706
37391845
37379851
37337067
37328872
37321508
37306027
37303644
37277735
37265588
37261950
37226960
37223048
37216672
 Ailing Hong
32511502
32511502
23826330
20161215
19649609
19649608
18220239
18160410
15477391
12196523
 Wesley Surento
35878841
35878841
33815050
33449093
32511502
32490056
32170058
32066722
31983347
31684749
30926118
 Song Luo
37423448
37423448
37268939
37181240
37148863
37145150
37126662
37110019
37005924
37004129
36943201
36881880
36844857
36735878
36711767
36656929
36434897
36198690
36149279
36126063
35976753
 Zhi Yuan Sun
36761979
36761979
36468674
36388955
35232051
34942145
34271685
32688546
32617690
32511502
32483458
31760526
31574744
27140549
26565156
26274241
23695613
23278067
22453522
21929127
21728676
 Chang Sheng Zhou
37456310
37456310
37265250
37227551
37044072
36576550
35259744
35175380
35124459
35020012
34989845
34983042
34902062
34392005
34237493
34222797
33934213
33864504
33630163
33425441
33247346
 Lingjiang Li
37467793
37467793
37390601
37304432
37295543
37290364
37239177
37141020
37112232
36963513
36935182
36878150
36874800
36869299
36865073
36863474
36791487
36781144
36682694
36671024
36657495
 Xiangao Jiang
37484902
37484902
36268227
36168638
36120867
36119453
35932973
35784198
35550524
35148485
35071512
34327212
34055717
33268103
32948121
32837749
32511502
32493370
32343410
32075786
30780105
 Guang Ming Lu
37456310
37456310
37342156
37265250
37248548
37227551
37044072
37007761
36576550
36525702
36469852
36395980
36306266
35878841
35736577
35576551
35433852
35286254
35278122
35259744
35258672
 Bilgin Öztürk
Claudio Liguori
37483446
37483446
37212716
37140831
37140829
37064177
37000415
36946334
36881989
36836476
36786121
36773596
36642985
36592241
36587546
36552066
36529529
36481971
36293798
36190111
36183625
 Mariangela Pierantozzi
37140831
37140831
37006327
36971787
36836476
36552066
36070008
35741624
35653330
35536495
35401084
35370899
34864690
34675469
34267721
34044239
34041635
33756280
33467021
33376982
32987349
 Matteo Spanetta
36592241
36592241
36481971
36190111
36070008
34883462
34749272
34528181
34170223
33756280
33582013
33444630
33260265
33022476
32987349
32853415
32841924
32762352
32416289
32384931
32065791
 Loredana Sarmati
37476077
37476077
37288750
37283924
37240926
37237722
37007163
36989892
36936403
36861092
36851582
36838277
36680233
36423152
36423117
36421594
36382442
36359306
36148161
36098523
36092833
 Novella Cesta
37374049
37374049
36861092
36498843
32987349
32920567
32841924
32777745
32416289
31420570
 Marco Iannetta
37283924
37283924
37240926
37237722
37106787
37007163
36989892
36936403
36933449
36851582
36838277
36749566
36680233
36679927
36423117
36382442
36359306
36098523
36092833
36078409
36016128
 Josuel Ora
37414133
37414133
37387523
37284143
37238162
37194672
36889783
36851160
36542805
36527286
36356972
36078866
35956108
35575510
35485651
35475762
35243334
35086329
34634897
34475751
34448938
 Grazia Genga Mina
34204252
34204252
32987349
32841924
32570886
32416289
 Ermanno Puxeddu
36542805
36542805
34634897
34628125
33496162
33131340
33126869
32987349
32982485
32734396
32527742
32416289
31700590
31520718
31422716
31363933
31347921
31133026
30675755
29649237
29609004
 Ottavia Balbi
34909505
34909505
34204252
34199971
33143150
33017204
32987349
32959799
32643520
32597144
32484374
32416289
31035698
30779686
 Gabriella Pezzuto
34170223
34170223
33496162
32987349
32841924
32416289
32401655
28232417
27822474
26237353
25504993
25363218
24780717
24365112
24161677
20093531
19481169
18723334
15824518
 Andrea Magrini
37237622
37237622
36961857
36851160
36680041
36563531
36560468
36548674
36499456
36350462
36044097
35886686
35632029
35537546
35215365
35214600
35162904
34960244
34909505
34682731
34623118
 Paola Rogliani
37474159
37474159
37439793
37414133
37387523
37377851
37364225
37342873
37303017
37284143
37283924
37269324
37238162
37236628
37210543
37194672
37042228
36889783
36851160
36739655
36629483
 Massimo Andreoni
37288750
37288750
37283924
37240926
37237722
36989892
36961857
36936403
36933449
36908384
36861092
36851582
36838277
36749566
36730135
36680233
36628307
36538295
36423152
36396522
36382442
 Nicola Biagio Mercuri
37290213
37290213
37140831
36979704
36971787
36946334
36911936
36836476
36773596
36692274
36592241
36529529
36481971
36434727
36424753
36350188
36183625
36142777
36116292
36077524
36070008
Qian Guo
37486303
37486303
37451875
37356149
37339558
37319341
37249570
37236369
37222658
37212215
37210298
37204680
37183418
37169280
37154982
37153733
37141986
37130043
37127114
37119161
37100239
 Yuchen Zheng
37428930
37428930
37402485
37045112
37044631
37005515
36960186
36823932
36788560
36768724
36761650
36683397
36544107
36411432
36035825
35958646
35957710
35664494
35424549
35391409
35080288
 Jia Shi
37485517
37485517
37458783
37392433
37384727
37377960
37349394
37345556
37339947
37315538
37234433
37229825
37176907
37092957
37075800
37067789
37064757
37055734
37013527
37006931
37006626
 Jijun Wang
37471530
37471530
37426004
37272857
37229909
37224661
37205422
37192027
37141986
37066730
37032917
37028796
37017099
36889161
36871135
36841956
36796338
36765492
36742036
36700076
36688979
 Guanjun Li
37274032
37274032
36834598
36682699
36514971
36325552
36110302
36016856
36002192
35938532
35731144
35623125
35618148
35143174
34921501
34663799
34660331
34555889
34532269
34423254
34418506
 Chunbo Li
37471530
37471530
37424820
37381843
37287196
37272857
37272256
37236952
37224661
37141986
36871135
36865664
36796338
36688979
36669290
36631451
36569924
36459805
36357663
36334327
36329212
 John A. Fromson
36534839
36534839
35703796
32416290
31828674
31821227
31291214
31084294
30105575
29934883
29796968
29068608
28804064
26193800
25406054
23008083
22522147
22351914
22225592
21804041
21724678
 Yong Xu
37471571
37471571
37459115
37453168
37440647
37438272
37438156
37432097
37422508
37402194
37400897
37395987
37392323
37388224
37387557
37379197
37355685
37352602
37329998
37311049
37307666
 Xiaohua Liu
37481983
37481983
37480012
37477757
37471530
37459805
37452869
37406347
37361283
37347936
37334122
37316458
37313723
37235255
37229188
37226082
37205912
37146854
37142552
37120830
37064400
 Hua Xu
37482441
37482441
37436718
37414028
37398259
37390046
37386831
37357165
37352711
37301740
37294856
37292731
37251341
37228601
37211325
37205739
37154239
37128366
37124250
37121656
37086108
 Tianhong Zhang
37471530
37471530
37451755
37305729
37141986
37066730
37032917
37019094
36889161
36871135
36841956
36796338
36688979
36682699
36669290
36651145
36640384
36631451
36504280
36334327
36309489
 Yunfei Lu
37228620
37228620
37168510
37147761
37112965
36689908
36464993
36193154
36157824
36109709
35579892
35283194
34926131
34918143
34592890
34540622
34517352
33976570
33836375
33583756
33466130
 Xiaorong Chen
37455640
37455640
37424101
37402915
37163581
37156500
37147761
37091700
36973787
36958960
36875613
36770908
36720570
36696845
36678989
36671236
36562526
36479571
36388223
36290610
36235390
 Hao Hu
37475617
37475617
37460852
37438558
37438260
37437860
37437359
37420697
37409983
37397709
37387422
37374825
37344819
37318082
37313733
37306818
37305732
37293163
37282767
37274827
37270000
 Yingying Tang
37337313
37337313
37240102
37236618
37216550
37162687
37141986
37116669
37080376
37066730
37058195
37028796
37023939
36997099
36992743
36947391
36894923
36889161
36871135
36841956
36719592
 Shuwen Yang
37198287
37198287
37195258
37001217
36901362
36535914
36418220
35261419
34737581
34040461
33859609
33618070
33366866
33353093
33200328
33135380
33095358
32724632
32416290
31796838
31731691
 Han Zhou
37467619
37467619
37430918
37420424
37406621
37402134
37394694
37354963
37323657
37287712
37257970
37257521
37199324
37179916
37146676
37119342
37116312
37077394
37054942
37054473
37037193
 Xiaoliang Wang
37481551
37481551
37471276
37463331
37460165
37457561
37397962
37353928
37351909
37339389
37310697
37273206
37259448
37240997
37227033
37206334
37190112
37186156
37180428
37112057
37088393
 Haiying Chen
37462530
37462530
37405917
37403692
37389118
37261678
37236396
37205504
37174167
37060654
37030109
36936506
36905090
36903407
36853717
36829135
36819728
36800312
36687893
36686218
36682699
 Zhen Wang
37484222
37484222
37483792
37482681
37476415
37461287
37461124
37460126
37459300
37458970
37455673
37453516
37451952
37447775
37445769
37443887
37433388
37432957
37432305
37428145
37426517
 Zongguo Yang
37181821
37181821
36669703
36157824
36109709
35855954
34592890
34522187
34522182
34260294
34130591
34043485
33937406
33937393
33911900
33906623
33526982
33526976
33456351
33390805
33313228
