Ping Zhang
37481082
37481082
37480968
37480848
37465758
37465565
37463165
37461344
37459728
37455820
37454047
37443519
37442025
37438901
37438048
37434994
37434820
37428875
37427278
37422406
37415139
 Zhigang He
37484499
37484499
37461707
37439466
37397455
37293011
37162855
37004699
36939320
36807640
36731430
36713214
36436236
36419424
36383651
36117908
36051591
36045290
35958450
35906210
35902549
 Gang Yu
37478923
37478923
37451147
37419880
37374405
37354719
37336183
37329717
37288627
37278116
37211863
37209848
37201429
37196440
37179402
37171071
37150064
37101279
37098653
37098285
37083359
 Dan Peng
37386114
37386114
37380879
37376355
37291329
37264116
37226479
37153777
37124175
37107670
37077744
36961548
36959802
36958964
36864345
36860041
36745952
36642844
36595187
36482631
36472109
 Yikuan Feng
35493434
35493434
35004751
34126419
33430926
32527576
30461630
28572734
28409330
28233574
27852250
27488496
27279853
25932262
 Jianmin Ling
37399610
37399610
35656027
35189572
35004751
35003423
34674393
33357219
33116977
32697506
32553907
32527576
26846101
 Ye Wang
37479882
37479882
37467140
37434394
37434324
37429191
37425164
37419985
37418841
37417404
37402987
37399762
37395868
37384291
37378628
37374338
37373113
37370110
37359706
37355514
37353093
 Shusheng Li
37464428
37464428
37399610
37001918
36516186
36279621
36178906
35943021
35840928
35611437
35431941
35219895
35154067
35004751
34860139
34712673
34532356
34488665
34379988
34290740
34290517
 Yi Bian
36367389
36367389
35431941
35277524
35004751
34620914
34291097
33841931
33714834
33285676
33116977
32729938
32697506
32620859
32553907
32527576
32283160
32090609
31926563
28849228
28630919
Tao Li
37484252
37484252
37484015
37476383
37476192
37475351
37474520
37470767
37468270
37464413
37460531
37458756
37454871
37446479
37445138
37443193
37439298
37430470
37426488
37424829
37424465
 Yalan Zhang
37430581
37430581
37416971
37392990
37318058
37205397
37196789
37193174
37174297
37138086
37100249
37073758
37062315
36982941
36863323
36824888
36658492
36617810
36610105
36599113
36591500
 Cheng Gong
37460852
37460852
37441691
37394467
37391702
37384469
37383903
37381713
37381399
37380629
37333196
37315135
37310144
37265414
37250691
37249758
37223722
37223525
37223508
37221158
37219301
 Jing Wang
37486200
37486200
37485278
37483714
37483117
37482166
37480961
37480635
37480414
37480140
37479971
37479693
37479045
37478287
37478217
37477770
37476063
37473884
37469700
37467125
37465516
 Bao Liu
37461014
37461014
37434084
37423325
37379452
37373399
37370780
37331249
37313760
37284117
37269269
37265000
37236576
37224304
37161722
37064403
37047284
37047036
37004539
36951494
36941615
 Li Shi
37483544
37483544
37481206
37478469
37478256
37441268
37429836
37405166
37400529
37399231
37382713
37364020
37360625
37350891
37345652
37332979
37328648
37318032
37311505
37292141
37277943
 Jun Duan
37468525
37468525
37338649
37318892
37308238
37212722
37157433
37155803
37126248
37118064
37055981
37055721
36997419
36863000
36796908
36653622
36606993
36522002
36521987
36469159
36446179
