Ali Dadgari
37186583
37186583
35036582
34044625
33283835
31700839
31346400
27478629
26997377
24693415
 Tengku Aizan Hamid
37275505
37275505
37174842
37046862
36630460
36503184
35844857
35359428
35329343
34900882
34876024
34579665
34515120
34026706
33987161
33969594
33748063
33393442
31196023
31016831
29947130
 Mohammad Nazrul Hakim
27923177
27923177
27478629
 Reza Chaman
37397123
37397123
37186583
37152275
36899326
36730899
35923277
35393918
35150319
34540736
34447510
34024766
34024762
33866988
33426124
32685374
31497493
30967920
30719718
28203326
27621938
 Seyed Abbas Mousavi
37193077
37193077
34900644
34840384
34728696
34460132
31177482
31100611
31073844
31065533
29517361
28814121
28635364
28496954
28255328
28203326
27478629
27176740
26405682
26056672
26023352
 Lim Poh Hin
27478629
27478629
23110469
22276232
 Leila Dadvar
27478629
27478629
Ryoichi Ema
36225293
36225293
35771491
35123180
34867482
33249658
33192615
33171277
32848848
31723215
30479907
30222688
29316518
29101912
28979212
28849258
28806771
28572499
28179885
27581165
27405228
 Shunsuke Ohki
28572499
28572499
27581165
 Hirokazu Takayama
28849258
28849258
28572499
27581165
 Yuji Kobayashi
37410310
37410310
37236256
36942054
36931307
36788377
36513104
36449216
36355761
36350476
36220379
36118649
36047964
35845022
35692906
35448156
35395684
35178341
35144287
34762919
34532107
 Ryota Akagi
37403069
37403069
36726380
36337858
36225293
36035485
35926956
35849183
35640598
35618565
35453123
35346376
35035358
35023762
34867482
34025025
33915270
33249658
33192615
33171277
33038040
Tsung-Jen Hsieh
34214049
34214049
34184383
31870384
31791364
30710870
30272850
30071051
24571230
24236484
22188362
21902500
21806385
 Shin-Chang Su
33879709
33879709
31870384
31791364
30272850
26963614
 Chun-Wei Chen
37261974
37261974
37217248
37216557
37175776
37102614
37075745
37075671
36716244
36679860
36608679
36563143
36557038
36553157
36455613
36305475
36123147
36053276
35975916
35966596
35792030
 Yaw-Wen Kang
31870384
31870384
31791364
30272850
 Ming-Hsia Hu
31870384
31870384
31791364
30598705
24505612
24372043
23417118
22878142
22561380
22266658
22015721
21474638
20203321
20131942
19945178
19884813
17321832
15271124
14754629
 Li-Lin Hsu
34572286
34572286
32630312
31870384
31791364
30272850
28603896
 Szu-Yun Wu
37111195
37111195
36558375
35807954
35010942
33851197
31870384
31791364
30630727
30272850
25332321
 Likwang Chen
37144032
37144032
36383604
35775446
35517809
32977747
32940241
32070205
32011907
31901200
31870384
31801414
31791364
31764584
31676114
31509517
31086833
30935119
30852520
30473204
30463626
 Hsing-Yi Chang
37308012
37308012
37199786
37170104
37111195
37084871
36858927
36752940
36669710
36145199
35804185
35425750
35369050
35162342
34855689
34559976
34388680
34275507
34004572
37170294
33956833
 Shao-Yuan Chuang
37328274
37328274
36865012
36748892
36669710
36172592
35990946
35916147
35560162
35257814
35162342
35124647
35068881
34889105
34759208
34116896
34112587
34054053
33956833
33351260
33342236
 Wen-Harn Pan
37317145
37317145
37227770
37111195
36669710
36558375
36467587
36282127
36235661
36172592
36145199
35964923
35807954
35801212
35736428
35715290
35660737
35639382
35612668
35572788
35504472
 Chih-Cheng Hsu
37331413
37331413
37302970
37271714
37211506
37208247
37161539
37084871
36895138
36876083
36858927
36837885
36788044
36750398
36687427
36686432
36673626
36669710
36621820
36618937
36512143
Kohei Maruya
36513883
36513883
34682930
31337578
31008375
29410586
27942146
 Yasuyoshi Asakawa
37334849
37334849
34532213
27942146
27065541
27065520
26933435
26311527
24646205
23664785
23273387
23066632
22928985
22251234
21883786
20845714
20159128
19624861
17661977
16521817
15591491
 Hideaki Ishibashi
35699791
35699791
35536512
35344991
35224239
33274303
32173180
31337578
31008375
30775549
30590365
29410586
29050892
28912387
28687496
28017940
27942146
26320531
26008771
24467225
23628679
 Hiroaki Fujita
37231663
37231663
37219606
37113242
36978146
36970510
36941627
36618878
36513883
36436740
36338581
35780404
35590089
35579485
35464306
35448972
35318808
35164681
35095048
35046304
35046249
 Tomoyuki Arai
37394659
37394659
37393602
37377387
37147165
37043092
36542184
36513883
36365030
36362841
36183403
36013206
35863510
34816079
34682930
34436695
34386126
34319492
33426459
32983874
32782663
 Haruyasu Yamaguchi
34951029
34951029
34721499
34056808
33889121
33140499
32201261
30318671
29938625
29264032
32789211
27942146
27612310
31022812
27313798
27065541
27065520
26141728
26082004
25142381
25139672
Oliver J. Perkin
37080462
37080462
34403626
34157675
31687210
29965998
27701431
27484001
 Polly M. McGuigan
35419809
35419809
34667207
34157675
31687210
29965998
29535583
27484001
 Keith A. Stokes
37316182
37316182
37191819
37045555
36600566
36474141
36428090
36371396
36249486
36004455
35879022
35487576
35400573
35387776
34603742
34560790
34558993
34555858
34187786
34073218
34012555
