Tao Chen
37486200
37486200
37484958
37483342
37480342
37471530
37470782
37468894
37467469
37466763
37462929
37460123
37453141
37452074
37450577
37448873
37441896
37435711
37432798
37431945
37431174
 Di Wu
37481602
37481602
37480565
37470067
37469398
37466798
37463592
37460011
37459711
37459663
37459063
37457837
37457816
37454462
37451094
37450367
37450364
37447414
37444884
37438273
37435533
 Huilong Chen
37397728
37397728
37254040
36748190
36508249
36312378
35781367
35562653
35355601
35185998
35066637
35051503
34663264
34390330
33776910
33681736
33628105
33050972
32854750
32279676
32258151
 Weiming Yan
37388281
37388281
37315816
36878044
36572737
36427723
36177348
35926777
35801804
35460174
35259374
35149125
35125831
35026259
34994217
34848218
34594213
34391513
34390330
34387835
34282382
 Danlei Yang
37127200
37127200
36430782
36349586
36184338
36139122
35489519
35431087
34936228
34565583
33443505
33183266
32980130
32217556
32158203
27216214
26885033
26251585
25565795
23517391
23300791
 Guang Chen
37485517
37485517
37477381
37467691
37462846
37456312
37446367
37446207
37420806
37392004
37318887
37307187
37284065
37270147
37260444
37253905
37240056
37229259
37216722
37214441
37184934
 Ke Ma
37482112
37482112
37474991
37469573
37444285
37423169
37420017
37408861
37390238
37381466
37379215
37365592
37328117
37327385
37300662
37285424
37274309
37273903
37268878
37238618
37212322
 Dong Xu
37478264
37478264
37471098
37464378
37440529
37435839
37429959
37424174
37422114
37417561
37416728
37403633
37399108
37394416
37392691
37389760
37374427
37364831
37348716
37344379
37328796
 Haijing Yu
37280619
37280619
37115401
36057703
35787161
35682185
35356325
35331583
34390330
33482151
33075079
33026573
32922520
32854750
32217835
32217556
31937165
31830623
31357085
30650393
30619295
 Hongwu Wang
37482355
37482355
37430569
37389043
37347056
37315670
37249837
37185224
37094822
36910649
36871358
36846009
36832135
36814226
36791380
36702348
36679067
36580772
36463748
36401449
36389015
 Tao Wang
37485687
37485687
37484531
37483241
37482970
37480594
37478850
37477881
37474444
37470905
37470826
37468168
37467718
37466431
37463940
37462055
37461596
37460861
37455771
37454679
37453380
 Wei Guo
37484905
37484905
37483385
37482028
37478753
37478491
37476985
37469555
37467708
37465027
37457335
37455452
37449786
37448775
37446865
37438011
37434780
37434193
37426180
37425952
37404815
 Jia Chen
37474475
37474475
37462401
37455391
37455089
37434285
37424805
37421839
37410638
37395118
37381432
37343101
37341435
37324803
37316344
37310203
37305757
37301787
37283098
37255447
37254345
 Chen Ding
37473846
37473846
37460463
37459175
37436653
37415682
37404000
37402997
37402274
37399243
37395826
37342689
37328785
37274446
37228228
37194931
37185558
37172062
37168390
37158593
37144430
 Xiaoping Zhang
37480608
37480608
37449516
37404820
37394018
37376372
37376066
37368671
37356614
37346142
37338363
37325318
37318962
37300344
37294581
37290356
37285486
37267133
37216262
37207146
37193192
 Jiaquan Huang
37447072
37447072
37331201
37280619
37115401
36878044
36754951
36589083
36572711
36072332
35934762
35932973
35743127
35638797
35346577
34848085
34757361
34743252
34442301
34390330
34276617
 Meifang Han
36437367
36437367
35926777
35460174
35197452
35149125
34848218
34391513
34390330
34387835
33977332
33870432
33776910
33026573
32854750
32727811
32663850
32217835
32217556
31612388
31172415
 Shusheng Li
37464428
37464428
37399610
37001918
36516186
36279621
36178906
35943021
35840928
35611437
35431941
35219895
35154067
35004751
34860139
34712673
34532356
34488665
34379988
34290740
34290517
 Xiaoping Luo
37293501
37293501
37283655
37227574
37162176
37150982
37106126
37097751
37051251
36990068
36913109
36899776
36878044
36819678
36706253
36669772
36650520
36635911
36611640
36590006
36589818
 Jianping Zhao
37473504
37473504
37346551
37255213
37237310
37194612
37163068
37142578
37117273
37111842
37110567
37059987
37056936
37042826
37025008
37022025
36946608
36850124
36809694
36754276
36752798
 Qin Ning
37453139
37453139
37424676
37398660
37346771
37308915
37236544
37112543
37062986
37051251
37007873
36940948
36896629
36878044
36790652
36758548
36754951
36710337
36655747
36571711
36522132
Ruchong Chen
37437744
37437744
37324067
37197491
37178731
36971839
36755583
35663303
35432356
35295233
35271782
35127763
35040086
35031959
35018338
34778289
34541481
34486263
34455599
34395712
34350256
 Wenhua Liang
37477536
37477536
37403021
37173789
37101356
37072866
37072348
37057112
36910115
36809502
36794137
36636407
36618635
36588094
36463341
36436242
36322089
36265009
36248334
36129602
36087204
 Mei Jiang
37353829
37353829
37275394
37185575
37178731
37174685
37161199
37144198
37092851
37082194
37074414
37055275
36945110
36924268
36910525
36874426
36862222
36808426
36788067
36774424
36755583
 Weijie Guan
37386364
37386364
37377656
37349537
37161410
37143843
37038356
37005365
36949966
36731904
36707228
36603750
36463140
36435264
36334726
36323380
35896532
35863486
35789796
35788298
35431398
 Chen Zhan
37449074
37449074
37432189
37426597
37381101
37232192
37120692
37017985
37017486
36961304
36947877
36937592
36915885
36844077
36808974
36755583
36754742
36599780
36583570
36484407
36421060
 Chunli Tang
37439480
37439480
37073792
36657427
36436242
36435264
36332315
36214844
36104691
35936458
35484823
34795959
34437708
34412056
34400075
34350256
34164271
34044660
33422984
32652406
32618693
 Ling Sang
37426144
37426144
36949955
36898986
36819546
36661473
36645541
36590551
36532037
36333809
35908725
35756365
35691517
35323000
35242382
35186959
35154067
35046843
35020272
34988656
34966028
 Jiaxing Liu
37422448
37422448
37346367
37206664
37179174
36999126
36950538
36871669
36814298
36792608
36622156
36617803
36604924
36484726
36466908
36446665
36411242
36311806
36264602
36066901
35907549
 Zhengyi Ni
34815077
34815077
33942518
32642086
32407836
32304772
32269086
32217650
32109013
30998751
29270742
29216875
28196469
28089791
26770443
24585800
19080568
 Yu Hu
37483428
37483428
37474589
37469329
37458465
37455405
37387456
37383704
37382653
37375813
37356744
37348791
37348711
37340322
37338773
37336233
37332931
37332092
37305484
37304546
37293221
 Lei Liu
37483430
37483430
37481946
37481151
37478720
37478163
37477871
37475708
37463541
37463020
37461770
37461391
37461207
37449199
37448746
37441237
37438872
37436938
37434986
37432456
37426132
 Hong Shan
37470182
37470182
37466648
37392683
37375039
37321327
37250155
37215991
37209953
37192555
37145165
37067505
36875610
36861200
36852185
36812312
36797661
36620304
36183166
36076805
36067000
 Chunliang Lei
35560820
35560820
35398501
34916489
34890394
34594900
34404803
34377002
34373969
34002684
33942518
33846224
33729145
33563822
33390771
33287631
33123541
33096290
33037400
32918858
32910179
 Yixiang Peng
36970610
36970610
36225014
36186604
35278847
34177032
33942518
33924448
32642086
32407836
32304772
32269086
32217650
32109013
18975781
18950012
18723357
18403194
15696960
15571320
 Li Wei
37483541
37483541
37482369
37482006
37480440
37480118
37480108
37477650
37476614
37475712
37471710
37470677
37469204
37468964
37468168
37467972
37467944
37467664
37467467
37465161
37464415
 Yong Liu
37484617
37484617
37481870
37478186
37475440
37475366
37475269
37474626
37474106
37470836
37468667
37460648
37459760
37456759
37451625
37450740
37449526
37447900
37447825
37447755
37445110
 Yahua Hu
33905341
33905341
32642086
32641989
32407836
32304772
32269086
32217650
32109013
30650717
30453530
27844181
17393106
 Peng Peng
37486420
37486420
37470699
37427811
37395163
37363234
37332769
37327642
37290905
37285951
37275829
37275360
37273640
37168526
37145881
37105815
37093728
37093211
37091140
37085099
37083136
 Jianming Wang
37407980
37407980
37383602
37332118
37305039
37287752
37149225
37115210
37039950
37035335
37011251
36970785
36958381
36948448
36869807
36842555
36839145
36818871
36803117
36762551
36756225
 Jiyang Liu
37446848
37446848
37367026
37242061
37087760
36979529
36927641
36677991
36635737
36573038
36500293
36432268
36420584
36360209
36320576
36157037
36142713
36046128
36003618
35929926
35870336
 Zhong Chen
37468427
37468427
37462298
37460011
37451462
37442785
37436163
37435231
37429215
37424243
37406903
37398672
37381425
37381311
37376312
37370000
37351131
37332198
37330931
37316368
37315592
 Gang Li
37483216
37483216
37481646
37481555
37478601
37474116
37466408
37463133
37463122
37462149
37457005
37450348
37449402
37448040
37446291
37444355
37441706
37441007
37439095
37438694
37438395
 Zhijian Zheng
37013584
37013584
36963730
36927398
36882524
36401967
36386132
36339533
36280140
36228585
35950704
35941565
35458051
35403410
35364539
34561330
34409799
34094975
33988606
33377649
33344916
 Shaoqin Qiu
32968624
32968624
32407836
32304772
32269086
32217650
32109013
30672438
 Jie Luo
37475624
37475624
37474992
37471539
37454382
37450733
37430910
37430076
37419802
37395069
37389595
37374807
37369257
37367858
37364891
37360171
37345702
37336089
37323948
37308869
37292474
 Changjiang Ye
36686860
36686860
32407836
32304772
32269086
32217650
32199907
32162137
32109013
30991112
30350520
26159694
19266314
 Shaoyong Zhu
32407836
32407836
32304772
32269086
32217650
32109013
 Xiaoqing Liu
37481742
37481742
37481579
37479187
37448800
37437501
37430328
37426144
37395782
37388724
37382225
37379042
37370111
37361035
37360309
37348492
37324285
37305106
37268840
37265111
37264502
 Linling Cheng
37397559
37397559
37377656
37059587
36388647
35001242
34763893
34603275
34350256
33902895
33774002
33444762
32910179
32727917
32642086
32601708
32304772
32269086
32217650
31507630
29619416
 Feng Ye
37481222
37481222
37473466
37470692
37420910
37420246
37415164
37414635
37406757
37402480
37392666
37380822
37365159
37353186
37335351
37327296
37322978
37322464
37307105
37300733
37286794
 Jinping Zheng
37451700
37451700
37393451
37353829
37324081
37315325
37152934
37009021
37007551
36725024
36722312
36718312
36621481
36579022
36508794
36450496
36418315
36322135
36274994
36267898
36245604
 Nuofu Zhang
37141914
37141914
37076872
36998095
36937783
35922388
35872889
35820074
35714382
35273687
35037328
34988656
34895942
34743862
34520076
34515224
34478349
34473936
34394913
34379989
34350256
 Yimin Li
37469953
37469953
37436378
37435019
37426144
37300272
37283962
37251406
37250707
37221523
37170186
37145161
37140346
37090728
37083343
37059908
37053227
37036368
37035039
37027821
37009820
 Jianxing He
37453674
37453674
37403021
37385995
37316692
37173789
37141294
37120511
37101356
37092136
37072866
37072348
37065584
37062036
37057112
36910098
36860875
36809502
36794137
36793984
36782253
 Shiyue Li
37439480
37439480
37377656
37324067
37283786
37088339
37073792
36971839
36923412
36878793
36743297
36726784
36657427
36613728
36519030
36519018
36356596
36303919
36195225
36136993
36104691
 Nanshan Zhong
37481849
37481849
37452066
37451700
37386364
37377656
37324081
37315325
37301869
37225694
37207649
37178731
37121151
37069171
37059908
37038356
37005365
37003996
36969254
36794141
36752809
H. Hou
37485275
37485275
37481579
37481226
37480557
37479199
37478761
37478509
37478468
37475021
37474918
37474054
37471210
37469700
37469016
37468482
37468003
37466760
37465762
37462447
37460041
 B. Zhang
37486706
37486706
37486365
37486126
37485814
37485790
37485782
37485665
37485595
37485568
37485505
37484305
37483604
37483601
37483530
37483501
37483500
37483487
37483127
37482808
37482714
 H. Huang
34409859
34409859
32983857
31722230
 Y. Luo
37486373
37486373
37481670
37481639
37481611
37478454
37471210
37469967
37467774
37463106
37454208
37453320
37447061
37440247
37438161
37432714
37432681
37423580
37421950
37414573
37414457
 S. Wu
30920294
30920294
12672634
 G. Tang
37485989
37485989
37484925
37482973
37482949
37482477
37481639
37480195
37478944
37478850
37477516
37474887
37471304
37470821
37469134
37468855
37466631
37465359
37465080
37463240
37462532
 W. Liu
32294111
32294111
 L. Mao
37480548
37480548
37470272
37466722
37465391
37463913
37463537
37463171
37462275
37458619
37452255
37448777
37435234
37433123
37432394
37419064
37418934
37408816
37408559
37393769
37392644
 F. Wang
35527805
35527805
 Z. Sun
18625634
18625634
Fang Liu
37479449
37479449
37478980
37468932
37465381
37464335
37455965
37451822
37446265
37445627
37439934
37438157
37435524
37433858
37433744
37432456
37427533
37426987
37425877
37424170
37422680
 Lin Li
37484904
37484904
37480128
37479426
37478748
37478218
37475324
37474990
37474685
37474405
37474390
37470966
37469864
37469143
37469043
37468441
37466631
37458878
37457352
37453365
37451841
 MengDa Xu
37392864
37392864
37354779
36817135
36604521
36355151
36139036
34986636
34418178
33935716
33568204
32344321
31409766
31337751
30921298
30621397
30241283
29953424
28597201
 Juan Wu
37480342
37480342
37475007
37463058
37459833
37442772
37438830
37405602
37396201
37359274
37351348
37342922
37325062
37303639
37278491
37263665
37238858
37176518
37152649
37152574
37138748
 Ding Luo
37433009
37433009
37410882
37369160
37269775
37067527
36827928
36786291
36773087
36562725
34755124
34604173
34521046
34483363
34423049
33974175
33926511
33656740
33392965
32718963
32664126
 YuSi Zhu
36336789
36336789
35630225
34832773
32344321
28285856
 BiXi Li
37392864
37392864
36883054
36604521
36570712
36164455
34650702
33927140
33841679
33728552
33568204
33491542
32833302
32607534
32344321
32200994
29323705
27005294
26722488
23052541
 XiaoYang Song
37408864
37408864
37392864
37372200
37312069
37035473
36910236
36909138
36871284
36808625
36790543
36683646
36651017
36629152
36607701
36604521
36001733
35967256
35876972
35772607
35024512
 Xiang Zhou
37473893
37473893
37470992
37467726
37466752
37464383
37459933
37459451
37456872
37455421
37450840
37445744
37442575
37427191
37421452
37408134
37407846
37407745
37403167
37393299
37392864
Kai-Cai Liu
37274064
37274064
37254146
36203820
34970563
34703317
32904650
32843064
32193037
31572540
30410405
 Ping Xu
37477712
37477712
37457478
37433370
37430239
37426353
37420918
37420185
37417263
37381194
37379477
37374609
37365223
37351512
37348755
37341107
37337769
37323460
37307946
37295203
37292381
 Wei-Fu Lv
37274064
37274064
37254146
37038986
36203820
35173559
35138462
34970563
34950433
34703317
34054375
33478297
32904650
32843064
32655270
32193037
31612111
31572540
31545219
31482338
31218407
 Xiao-Hui Qiu
36360156
36360156
36044184
35966555
35489660
34627084
34604284
33100199
32843064
32193037
30489209
30483699
30044868
29937729
29899408
29860999
29484429
28108978
27548409
26712736
26300645
 Jin-Long Yao
32843064
32843064
32193037
29996686
27608002
18490168
16803861
 Jin-Feng Gu
32843064
32843064
32193037
 Wei Wei
37485875
37485875
37484768
37484148
37474274
37474034
37471183
37463108
37460388
37459866
37454592
37453670
37452418
37451500
37451270
37448288
37447112
37447065
37446902
37446874
37446311
