William G. Lindsley
37206373
37206373
36569517
36472598
35671318
35225389
34960804
34960615
34933702
34924208
34237047
34161193
35923216
33619500
33616189
33600386
33540650
33506256
35924077
32763347
35924028
 Stephen B. Martin
37022984
37022984
36569517
35982992
35679198
35664098
34960804
34933702
36147482
34237047
35979329
33616189
35414727
33332291
33072698
35924028
32283175
31874579
31638865
30101413
29059039
 Robert E. Thewlis
29768714
29768714
29059039
26991074
25806411
25523206
23259775
23033849
22460981
21152051
20100093
19133798
 Khachatur Sarkisian
31290376
31290376
30949378
30507789
28703379
27869465
26752796
25806411
25466763
25270126
28480317
24136902
26478636
24707588
24707587
23013913
26740729
 Julian O. Nwoko
25806411
25806411
 Kenneth R. Mead
37022984
37022984
36890857
36569517
35679198
34960804
34933702
34266512
34237047
37309535
33616189
35924028
31638865
30062993
29768714
29651169
29059039
27074062
28736744
28529344
25806411
 John D. Noti
37206373
37206373
36678471
36569517
35225389
34960804
34924208
34237047
34161193
35923216
34071096
33619500
33600386
33540650
35924077
33373420
35924028
31638865
30949228
30169507
30081757
Dennis J. Viscusi
23258452
23258452
22606976
21864945
21732856
19805391
19188003
 Michael S. Bergman
37319423
37319423
37084405
31107187
31081727
32327898
25265037
24369934
24106004
23927376
23258452
22606976
21864945
21732856
21594885
19805391
 Benjamin C. Eimer
24275016
24275016
23984654
23927376
22642759
22294504
22239104
21292731
21154105
21154104
19805391
32661453
19261695
18607812
32661452
 Ronald E. Shaffer
34468284
34468284
33822693
30942621
30169507
30081757
30029810
37207040
28650715
27362358
27255755
27105142
26554291
26159949
25499425
25265037
24628658
24593662
24386434
24369934
23927376
Edward M. Fisher
34569911
34569911
33822693
33268915
35924028
32658631
32508390
30942621
30169507
30081757
30029810
28650715
27105142
24628658
24593662
22127875
21525995
12224607
 Jessica L. Williams
37357709
37357709
36890699
36039857
35909222
35695193
35181638
34787476
34234647
33638537
32926725
32568252
32532298
32097408
32070129
32060912
31961459
31167836
30635441
28134626
24920943
 Tom Jefferson
37235296
37235296
36715243
36305057
36288031
36182545
35893670
35870713
35777603
35296985
35035883
34757116
34480171
34373256
34136133
36398277
33743866
33616608
33349145
33270107
33215698
Devin Mills
37303583
37303583
36633983
35999665
35749457
34437298
33779286
33135590
31923362
31398594
31129456
30639898
29678452
29352471
28844381
27439328
27244124
26984524
26685906
 Delbert A. Harnish
29678452
29678452
28844381
26554291
26375496
26337855
24462175
23571366
 Caryn Lawrence
29678452
29678452
28844381
 Megan Sandoval-Powers
34745033
34745033
34421874
34392062
33365020
29678452
28844381
 Brian K. Heimbuch
33268915
33268915
29678452
28844381
26554291
26375496
26337855
25265037
24462175
24369934
23571366
21859950
21145624
Diptanu Paul
37131986
37131986
36912540
36799858
35355879
35311567
35072566
34562516
34562514
33216795
 Ayush Gupta
37323609
37323609
37323604
37214059
37124988
37086619
37065362
36971754
36322563
36119426
36002357
35634175
35251793
34975052
34752316
34470892
34437009
34437001
34242194
34150517
33826532
 Anand Kumar Maurya
37338478
37338478
37151652
36923660
34136600
33414603
33216795
30983806
30303171
30256815
30234043
28969118
27722105
25789180
24701099
24600065
24056651
23264799
22825610
22087516
 Amitava Mukherjee
37460469
37460469
37392975
37331074
37185563
37182714
37180011
37145361
37017848
36996635
36980556
36894690
36881075
36858140
36789517
36518415
36464069
36371898
36306622
36134136
36111568
