Ignacio J. Amat-Santos
37442350
37442350
37436190
37354942
37334654
37294310
37286345
37128805
37092287
37083622
36933793
36898524
36858660
36813110
36796573
36583998
36565750
36538579
36440588
36412138
36336225
 Sandra Santos-Martinez
36075883
36075883
35934294
35738747
35691552
35638242
35583363
35570121
35550389
35410894
35057983
34979152
34673502
34600863
34512800
34390296
34301507
33992550
33798205
33781722
33666934
 Diego López-Otero
 Luis Nombela-Franco
37437881
37437881
37431253
37373808
37354942
37334654
37294311
37279839
37217297
37217296
37089881
37083622
36943930
36883599
36880333
36878760
36804557
36752044
36669732
36637410
36482160
 Enrique Gutiérrez-Ibanes
 Raquel Del Valle
37334654
37334654
37225292
37141073
37076202
36860724
36858660
36328209
36186947
35934294
35433202
35313418
35146230
35057985
34226165
33315296
33140018
32913153
32470515
31505725
31370954
 Erika Muñoz-García
 Víctor A. Jiménez-Diaz
 Ander Regueiro
37480891
37480891
37225292
37201715
37140500
37138103
37128805
37001811
36958533
36948456
36943930
36858697
36804557
36705913
36649387
36216434
36210618
36155717
36153649
36143197
36137713
 Rocío González-Ferreiro
37294311
37294311
37232278
36929152
36835907
36211549
36013075
35849156
34945268
34325877
34003661
33580751
33541099
33139225
32830073
32635693
32470515
32418854
32404290
31791744
31634013
 Tomás Benito
36822975
36822975
32470515
 Xoan Carlos Sanmartin-Pena
33541099
33541099
33489725
32836666
32600991
32470515
31383616
31221309
30598242
 Pablo Catalá
35531305
35531305
34307884
34208271
34088524
33931677
33843043
33637334
33158760
32834366
32622732
32470515
32402685
31918820
31370954
30514658
29756188
29440218
29314570
 Tania Rodríguez-Gabella
 Jose Raúl Delgado-Arana
 Manuel Carrasco-Moraleja
37286345
37286345
36898524
36499671
35409644
35272968
35057983
34509995
34353699
34208271
33781722
33158760
32912458
32470515
32402685
32329042
32196932
31918820
31370954
30514658
29079280
 Borja Ibañez
 J. Alberto San Román
37478259
37478259
37302571
37286345
37137679
36588314
36565748
36499671
36336225
36332802
36079140
35948262
35935782
35934294
35570121
35568743
35531305
35057983
34979152
34971762
34805751
David J. Bae
34047391
34047391
32819683
28457950
27939049
 David M. Tehrani
36861737
36861737
36521181
36372459
36243489
35970399
35491991
35450681
35235694
34691328
34498394
34372948
34369059
34219374
34107564
32819683
31232455
30937684
30379655
29769165
29608492
 Soniya V. Rabadia
34471875
34471875
32984743
32819683
32651664
32462289
31420308
30321914
 Marlene Frost
36114500
36114500
35088616
35046392
34533663
34261476
33115421
32819683
32718942
31933142
31477010
30996252
30029048
29932456
29676945
29258587
29167285
29090365
28798985
28752190
28376198
 Rushi V. Parikh
37339236
37339236
36922067
36789851
36339365
35970399
35848583
35798402
35783822
35353041
34949471
34750295
34729516
34691328
34390221
34372948
34317627
34127966
33851188
33447325
33241630
 Marcella Calfon-Press
34793514
34793514
34691328
33772811
33619976
33619971
33447325
33159461
33037927
32984743
32819683
32073720
30864953
29802085
29466558
28456316
28039209
27544892
25221639
24440025
 Olcay Aksoy
37396330
37396330
37295168
36695735
36193709
35926721
35420254
34949471
34691328
33241630
33037927
32819683
32645786
32595811
32030237
30412734
29522810
29229143
29040038
28772042
28744325
 Soban Umar
37092338
37092338
36902065
36787157
36568690
36462942
36252184
36158812
36035396
35766030
35644082
35504005
34434543
33541093
33021809
32819683
32713273
32655856
32560398
32541251
32504968
 Reza Ardehali
37482238
37482238
37183820
36959363
35783822
35621852
35599984
35507167
35418685
35368150
35304171
34988079
34599161
34538519
34399580
34317010
34083115
34047391
33744937
33692129
32857378
 Amir Rabbani
35783822
35783822
35420254
33037927
32819683
32579190
22584549
22114825
21671071
 Pooya Bokhoor
32819683
32819683
26711371
26094924
20723848
 Ali Nsair
37335025
37335025
37221975
36931422
36594638
36073018
35970399
35813104
35403027
35353041
34949471
34923657
34729546
34691328
34317010
34192289
33772811
33643791
33564612
32819683
32654180
 Jesse Currier
37146179
37146179
36787125
36530869
36463312
36173108
35649574
34909372
34729516
33830561
33087584
32819683
32394352
32150171
31916968
27862865
27198684
26451764
24118198
23664527
20552652
 Jonathan Tobis
37316147
37316147
37239692
36035735
35920375
35830721
35446473
34949471
34388240
34124338
33573735
33413856
33253617
32874383
32819683
32294335
32282016
32216905
31916968
31872955
31787379
 Gregg C. Fonarow
37480974
37480974
37461517
37458154
37431671
37427148
37410587
37403669
37403607
37401456
37400049
37356724
37344038
37339188
37338878
37318420
37257949
37254024
37212192
37199147
37158994
 Ravi Dave
37396330
37396330
33159461
32819683
32595811
31114681
30023273
27302906
27198684
14638544
 Asim M. Rafique
36704061
36704061
36193709
35969017
34372948
34127966
34058862
33447325
33037927
32819683
32579190
28183472
27765314
27667378
27547425
27198684
26403350
23827405
22632828
22588322
21907951
Daniel M. Bean
37159441
37159441
34217220
34125897
33588321
33052324
32575372
32485082
31765395
30637119
30625146
29511265
29180758
28968472
28396410
26812604
25181461
 Zeljko Kraljevic
37159441
37159441
37122812
36567336
35074819
35025917
34842128
34711578
34432797
34129509
34127232
33472631
32485082
 Thomas Searle
37023846
37023846
35074819
34842128
34695581
34129509
34127232
33472631
33375786
32485082
 Rebecca Bendayan
37288870
37288870
37269091
36013179
35887574
35485544
35275087
35151869
35074819
35037790
35002819
34842128
34432797
34217220
34169522
34127232
33888728
33843591
33719753
33588321
33472631
 O'Gallagher Kevin
37429645
37429645
37398869
36790903
36567336
36538582
36456009
36455712
36349758
36155748
35699192
34873286
34755842
34340522
34217220
34120160
34099652
34018850
33966447
33760292
33588321
 Andrew Pickles
37198742
37198742
37095645
36905531
36869733
36847345
36700357
36639313
36581974
36519265
36504330
36482366
36151972
36113122
35976471
35920025
35899846
35710080
35684987
35700306
35505514
 Amos Folarin
37456915
37456915
37389932
37269091
37089424
36812509
36806317
36692937
36545688
36539756
36498739
36371974
36289925
36194451
36001371
35461692
35275087
35189842
35089148
34784292
34720200
 Lukasz Roguski
36001371
36001371
34127232
33472631
32485082
32478737
32149659
29617939
27131376
25536966
24747219
 Kawsar Noor
36401545
36401545
36001371
34127232
32485082
 Anthony Shek
37159441
37159441
35583131
34432797
34407269
34217220
34129509
34127232
33826926
33588321
33472631
32485082
31833819
 Rosita Zakeri
37357540
37357540
36583255
36567336
36332942
36221809
36069196
35772828
35119162
34905461
34634448
34372832
34217220
33948644
33622362
33588321
33472631
33455580
33052324
32485082
32169346
 Ajay M. Shah
37191312
37191312
37189536
37125005
37072018
37067297
36656669
36617393
36567336
36538582
36456009
36349758
36312271
36106499
36027563
35853019
35798487
35798123
35699192
35601109
35589238
 James T.H. Teo
36567336
36567336
34217220
33627748
33611594
33588321
33052324
32485082
30617201
26130812
30363821
24405657
22199171
29443323
21127013
19640784
19564588
18074367
16424511
 Richard J.B. Dobson
37447866
37447866
37269091
37159441
37089424
37023846
36937187
36845320
36806317
36749628
36545688
36544046
36498739
36401545
36339261
36289925
36227072
36194451
35684987
35609980
35452565
Francesco Cannata
37367391
37367391
37285278
37191607
37100745
36950893
36949598
35770333
35770326
35080357
34672005
34336157
34261078
34150868
34112458
33847321
33678939
33612420
32912793
32817312
32501756
 Mauro Chiarito
37459570
37459570
37407118
37285278
37187289
37180775
37100745
36988155
36950893
36856010
36845218
36747244
36564015
36270496
35956061
35788828
35770333
35770326
35603658
35461697
35389474
 Bernhard Reimers
37480891
37480891
37191607
36950893
36863420
36858659
36856010
36841945
36747244
36745533
36649387
36609047
36498587
36468762
36423974
36402699
36187005
36166339
36093795
36040688
35966561
 Elena Azzolini
37480344
37480344
37243007
36992089
36785809
36560609
36430014
35967368
35848942
35796131
35632557
35393790
35335071
35174369
35169017
35083100
35072166
34620342
34506341
34112899
33970387
 Giuseppe Ferrante
37451717
37451717
37285278
36747244
36697168
36423974
35114814
34777579
34323179
34112320
33974991
33847321
32989963
32855084
32817312
32781301
32637999
32599792
32592437
32501480
32386592
 Ilaria My
37473404
37473404
37286488
37116126
37100745
37063865
37034336
36938715
36505349
36131138
36017093
35848942
35694678
35550611
34694888
34336157
34179035
33919877
33803477
33208929
33117920
 Giacomo Viggiani
35321562
35321562
34957922
32817312
32575472
32501756
32501480
24807785
 Cristina Panico
37391739
37391739
37367391
37285278
36966321
36949598
35436244
34104945
33049776
32817312
32806992
32501480
32386592
31661975
29589672
29558369
29052296
28741263
26298413
 Damiano Regazzoli
37235388
37235388
37194288
37191607
37158025
37125288
36950893
36883620
36863420
36856010
36841945
36747244
36745533
36615141
36609047
36402699
36187005
36166339
36143204
36093795
36040688
 Michele Ciccarelli
37240819
37240819
37186561
37144413
36983163
36971176
36961060
36879801
36837863
36826570
36671552
36448244
36359560
36292100
35919657
35848942
35821533
35813697
35779946
35740375
35702942
 Antonio Voza
37407595
37407595
37176729
37176696
37176565
37109739
36879067
36851699
36673127
36430014
36363769
36356972
36189302
36066183
36004560
35848942
35844604
35664993
35629429
35591841
35393790
 Alessio Aghemo
37161846
37161846
37122194
37030400
36998130
36730135
36615062
36576057
36421345
36397868
36293345
36241534
36196744
36146787
36143097
36074527
36066213
36066183
36004560
35848942
35738508
 Hongliang Li
37486326
37486326
37431986
37386837
37365277
37339155
37324618
37312284
37298242
37297162
37284076
37276218
37272713
37271879
37235698
37230962
37217870
37203337
37195840
37178875
37160625
 Yibin Wang
37440359
37440359
37426523
37396417
37356292
37310861
37296391
37286860
37233188
37208557
37141815
37112011
37100237
37097734
37078222
36991687
36991098
36972673
36939416
36914852
36909098
 Gianluigi Condorelli
37451717
37451717
37367391
37285278
37260950
37140699
37100745
37063865
36949598
36845218
36799420
36747244
36626303
36460641
36423974
36265960
36220356
35877835
35842775
35770333
35755006
 Giulio G Stefanini
37100745
37100745
36799420
36769886
36538031
36423974
36220356
36166339
36040688
35981835
35842775
35770333
35770326
35591841
35461697
35436244
35389474
35334109
35221256
35151783
35114814
Fang-fang Chen
37349124
37349124
37155531
36701708
36017095
35933818
35779152
35256270
35095993
34694637
34578418
33575615
33569430
33229724
33110706
32860808
32768169
32736197
32717722
32659759
32142136
 Ming Zhong
37445300
37445300
37406985
37383227
37382740
37347642
37312021
37311402
37285862
37273485
37264340
37251330
37229123
37219490
37177680
37159967
37150518
37130518
37124046
37123825
37083775
 Ya Liu
37469306
37469306
37462068
37460713
37457333
37451595
37427935
37427692
37378335
37366007
37356743
37352070
37350652
37349979
37346801
37311782
37309358
37301536
37300490
37273069
37269598
 Yi Zhang
37486758
37486758
37485350
37484822
37484380
37483457
37482607
37481178
37481158
37480977
37477770
37477718
37477258
37476946
37476834
37476831
37476053
37475287
37473570
37473523
37470365
 Kai Zhang
37486617
37486617
37483977
37481952
37480785
37478333
37475723
37475678
37474102
37470684
37459726
37458367
37454940
37452311
37451672
37450089
37449502
37449217
37443029
37441177
37430808
 De-zhen Su
32736197
32736197
 Xiao Meng
37450800
37450800
37431649
37431120
37419181
37371537
37365243
37361828
37356784
37308521
37268252
37266550
37254237
37253665
37213352
37179622
37127273
37125667
37123231
37117164
37071019
 Yun Zhang
37466973
37466973
37465346
37464833
37459152
37443402
37442960
37438830
37435080
37435066
37431595
37428800
37421216
37420138
37410643
37407425
37393293
37392799
37391890
37390046
37386456
