Farida Elshafeey
36339250
36339250
34627229
33124048
32330287
 Rana Magdi
33124048
33124048
32330287
 Nader Hindi
32330287
32330287
 Mohamed Elshebiny
33124048
33124048
32330287
 Nourhan Farrag
36707085
36707085
35152421
35025097
33856667
32330287
 Shahd Mahdy
36339250
36339250
32330287
 Mohamed Sabbour
36707085
36707085
35152421
33856667
32330287
31127621
 Sara Gebril
36841256
36841256
36339250
32330287
 Mohamed Nasser
37209948
37209948
36702544
36662443
36554113
36553031
36280638
36151853
36141151
35774736
35736758
35626208
35621818
35466845
34513452
34505073
34403701
34194978
33947788
33911921
33911920
 Menna Kamel
36339250
36339250
36324964
35071780
33124048
32330287
 Abdelrahman Amir
36324964
36324964
35071780
34024299
33768176
32861473
32330287
31705356
31605891
31400442
 Moataz Maher Emara
36536282
36536282
36442803
35941669
32330287
 Ashraf Nabhan
37468942
37468942
37355271
37083102
36562331
36339250
36148778
35719095
35460086
35115478
34939187
34627229
34368953
33124048
32482670
32444432
32360367
32332142
32330287
31860123
31560378
J. Juan
37454258
37454258
37445971
37425492
37417743
37404608
37315390
37298689
37290362
37244638
37175945
37160411
37087833
37080465
37037748
37025364
36971826
36937028
36907748
36902808
36901871
 M. M. Gil
 Z. Rong
37483270
37483270
37453365
37450774
37340044
37303692
37210265
37199212
37093290
36959973
36880944
36860039
36821289
36807971
36782381
36768951
36717785
36698959
36689521
36511807
36384136
 Y. Zhang
37285880
37285880
32141545
31654281
31638341
 H. Yang
16023726
16023726
 L. C. Poon
