Wei Xia
37486200
37486200
37485671
37483732
37467485
37466763
37458439
37437441
37430213
37429780
37422589
37417939
37407518
37405951
37383257
37351158
37330850
37328725
37327423
37321121
37315715
 Jianbo Shao
37231912
37231912
37025293
36680908
36588896
36542778
36409451
36217660
36063519
35554663
35464712
35282111
35047106
35013572
34815983
34767192
34697118
34633518
34618327
34414830
34304465
 Yu Guo
37476847
37476847
37475305
37451596
37430739
37428723
37410540
37403464
37403034
37392740
37392542
37385485
37385085
37365192
37347667
37339782
37336111
37332864
37331860
37329908
37323032
 Xuehua Peng
37025293
37025293
36449321
35464712
34815983
34248632
33713586
33251168
33084963
32997639
32844290
32511484
32210783
32187458
32134205
32059985
31925597
25736404
24505457
 Zhen Li
37485366
37485366
37485318
37483216
37480778
37479506
37478251
37476722
37475314
37474253
37470205
37467957
37467731
37464421
37459282
37457851
37448665
37447020
37446223
37438548
37437357
 Daoyu Hu
37370651
37370651
37237668
37179942
36556513
36527202
36400040
36330478
36330181
36255600
36255487
36219263
36153465
35798963
35394225
35244793
35092495
35049076
35049074
34926658
34862942
Michela Antonelli
37369825
37369825
37336536
37202336
36945687
36598539
36481607
35840566
35821715
35787513
35764879
35717982
35626830
35397851
35240412
35074596
36962066
34885246
34873584
34811392
34609487
 Rose S Penfold
37326476
37326476
36905636
34609487
34480857
34045738
33692530
32986799
29734943
29695925
25573319
25057373
 Jordi Merino
37217678
37217678
37205385
36791419
36787958
36786839
36394497
36126207
35947543
35653391
35621206
35593923
35472203
35338133
35134821
35105869
34980908
34966292
34864844
37118259
34789503
 Carole H Sudre
37369825
37369825
37202336
36945687
36814324
36565271
36523268
36504357
36470133
36357185
36324417
36113055
36102775
35966566
35964185
35947543
35839659
35821715
35764879
35723521
35626830
 Erika Molteni
37308301
37308301
37202336
36813760
36759418
36335241
35821715
35764879
35715614
35626830
35534661
35414695
35397851
35203961
35143769
36962066
34921808
34873584
34811392
34583944
34542573
 Sarah Berry
37400841
37400841
37400796
37369825
37299601
37246196
37164357
37080246
37078149
37023745
37000293
36965506
36959696
36932240
36883262
36867421
36841755
36823356
36811474
36809567
36771196
 Liane S Canas
37202336
37202336
35821715
35764879
36962066
34873584
34811392
34583944
34480857
34358472
34334333
34268526
34045738
33930320
33857453
33692530
33354683
33278917
33140073
31734530
 Mark S Graham
35947543
35947543
35449172
35338133
35105869
36962066
37118259
34811392
34583944
34489306
34480857
34334333
34308322
34308122
34305035
34268526
34045738
34008019
33930320
33857453
33741586
 Kerstin Klaser
35947543
35947543
35821715
35764879
35626830
36962066
34873584
34811392
34583944
34480857
34358472
34334333
34308122
34305035
34268526
34045738
33951598
33930320
33857453
33763236
33692530
 Marc Modat
37380352
37380352
37261453
37258226
37202336
37201176
36702828
36470898
36470133
36375834
36283200
36264729
35961305
35821715
35778615
35764879
35626830
35414695
35397851
35203961
35174084
 Benjamin Murray
37202336
37202336
37198438
36751925
36654729
36449992
35869671
35865411
35821715
35764879
35626830
35414695
35178522
36962066
34873584
37118259
34811392
34667656
34609487
34583944
34506535
 Eric Kerfoot
37202336
37202336
36669697
35821715
35764879
35626830
34873584
34811392
34603077
34583944
34480857
34358472
34268526
33684050
34286332
30930329
30618785
29112879
27605213
24335562
23436208
 Liyuan Chen
37414184
37414184
37381631
37363993
37159991
37096887
37039367
37017082
36967064
36944491
36899012
36842211
36822968
36812941
36729373
36716545
36625596
36508249
36495306
36430160
36417694
 Jie Deng
37478567
37478567
37444892
37443133
37437399
37423067
37386801
37364421
37358195
37325136
37322935
37315398
37311599
37307834
37302595
37300850
37300329
37295477
37283797
37257745
37257051
 Marc F Österdahl
 Nathan J Cheetham
37369825
37369825
37202336
36692910
34480857
33044792
31228748
29952051
29508604
 David A Drew
37438797
37438797
37365285
37235044
37090539
36852090
36788976
36657558
36576985
36402781
35947543
35943661
35668106
35512400
35438744
35383926
35338133
35105869
36962066
34980677
34864844
 Long H Nguyen
37438797
37438797
37397707
37363602
37306845
37254152
37104001
37103933
37045850
36992873
36969663
36844310
36823301
36788976
36657558
36611562
36606129
36550068
36512731
36408016
36407848
 Joan Capdevila Pujol
37202336
37202336
35962987
35821715
35717982
35626830
35449172
35134821
34506535
34480857
34358472
34334333
34305035
34045738
33741586
33692530
33354683
33278917
33140073
 Christina Hu
37369825
37369825
35947543
35626830
35405090
35397851
35338133
35105869
36962066
34873584
37118259
34583944
34489306
34480857
34358472
34268526
33930320
33857453
33655271
33355173
 Somesh Selvachandran
35947543
35947543
35449172
35338133
35105869
34873584
37118259
34583944
34489306
34480857
34358472
34268526
33930320
33857453
33655271
 Lorenzo Polidori
37202336
37202336
36495775
36233484
36138943
36032257
35821715
35405090
35397851
35338133
35203932
35105869
34873584
34480857
34334333
33930320
33857453
33655271
33530342
33238933
30882475
 Anna May
37202336
37202336
37048398
36722719
36333073
36290189
36068685
35947543
35821715
35764879
35626830
35449172
35405090
35397851
35365836
35196547
36962066
34873584
34713490
34583944
34480857
 Jonathan Wolf
37400796
37400796
37369825
37299601
37023745
36823356
36788976
36750392
36531046
36402781
36400649
36364763
36270905
36210177
35947543
35869671
35821715
35764879
35626830
35478198
35449172
 Andrew T Chan
37481119
37481119
37466940
37438797
37367904
37365285
37364297
37335992
37315867
37301916
37254152
37249599
37196887
37103933
37090539
37075493
37055393
37045850
37019620
37011765
36988962
 Alexander Hammers
37202336
37202336
37052063
37051163
36669697
36465898
36445406
36303070
36120998
35810570
35764879
35626830
35397851
36962066
34930037
34873584
34811392
34583944
34529159
34489306
34480857
 Emma L Duncan
37369825
37369825
37202336
36995412
36824040
36813760
36692910
36458982
36194927
36161343
35864567
35764879
35764621
35626830
35589964
35534039
35405936
35143769
34921808
34873584
34739865
 Tim D Spector
37400796
37400796
37398003
37299601
37237109
37202336
37111123
37023745
36932240
36823356
36805683
36795408
36788976
36716967
36697862
36653448
36575460
36458982
36402781
36364763
36357675
 Sebastien Ourselin
37369825
37369825
37336536
37328641
37253021
37202336
37201176
37171493
37165257
37097634
36997472
36743875
36733442
36622500
36617542
36565271
36542907
36501738
36470133
36313124
36283200
 Claire J Steves
37369825
37369825
37202336
37163093
37111123
36995412
36856152
36800504
36788976
36692910
36680646
36658548
36458982
36441657
36412098
36344584
36244359
36229151
36087560
35947543
35932537
Qinxue Shen
36890164
36890164
34402690
34090209
33927079
33506052
33313181
33176795
33154656
32474561
32259403
32187497
 Wei Guo
37484905
37484905
37483385
37482028
37478753
37478491
37476985
37469555
37467708
37465027
37457335
37455452
37449786
37448775
37446865
37438011
37434780
37434193
37426180
37425952
37404815
 Ting Guo
37483214
37483214
37424953
37416762
37404984
37388748
37357254
37342158
37341033
37333881
37319416
37315604
37314648
37313359
37293997
37270785
37260741
37211279
37197176
37194732
37156751
 Jinhua Li
37446682
37446682
37428315
37377126
37375352
37349684
37267786
37224887
37222238
37206961
37181087
37120975
37107579
37101513
37083369
37056028
37055955
37028212
37019742
37003076
37001530
 Wenlong He
37340943
37340943
37266614
36237246
36234031
36193306
36131782
35785159
35526257
35217353
35105182
34561495
33919795
33506052
33214669
33209876
33154656
32879643
32483251
32474561
32457845
 Shanshan Ni
34227727
34227727
33176795
33031300
32259403
32187497
32063717
32046383
31486261
31474699
31248311
31119869
30669555
30486778
29154871
26619844
25955681
25485631
24709204
24494279
23086643
 Xiaoli Ouyang
36890164
36890164
34402690
34090209
33506052
33176795
32474561
32259403
28256056
27682825
 Jiyang Liu
37446848
37446848
37367026
37242061
37087760
36979529
36927641
36677991
36635737
36573038
36500293
36432268
36420584
36360209
36320576
36157037
36142713
36046128
36003618
35929926
35870336
 Yuanlin Xie
35036445
35036445
34901043
34840983
34149934
34110618
33927065
33472167
33248243
33176693
32879106
32846825
32758689
32575073
32554861
32259403
28522916
 Xin Tan
37474961
37474961
37456812
37437769
37421635
37420310
37416064
37400035
37394662
37350779
37346811
37340286
37313467
37265391
37264721
37261282
37260689
37184646
37180806
37177720
37126734
 Zhiguo Zhou
37481519
37481519
37423745
37420219
37378720
37282652
37230024
37206552
37170736
37035570
37017082
36938049
36926401
36899541
36824323
36780398
36748391
36713563
36713506
36705595
36640684
 Hong Peng
37466430
37466430
37458065
37434816
37395203
37368186
37342955
37335987
37316883
37309203
37303084
37293161
37284074
37274156
37254522
37245288
37242325
37194896
37179698
37155381
37084330
Lan Zhang
37482200
37482200
37478560
37473522
37457348
37456072
37452966
37450278
37449998
37446735
37439927
37435366
37403945
37397554
37393959
37371417
37360109
37354763
37342832
37333874
37333457
 Songming Huang
37419425
37419425
37385831
37382161
36915539
36906617
36835961
36815438
36774857
36724021
36629048
36460986
36284407
36273674
36097583
35844503
35813612
35134531
34746148
34403364
34395544
