Tao Chen
37486200
37486200
37484958
37483342
37480342
37471530
37470782
37468894
37467469
37466763
37462929
37460123
37453141
37452074
37450577
37448873
37441896
37435711
37432798
37431945
37431174
 Di Wu
37481602
37481602
37480565
37470067
37469398
37466798
37463592
37460011
37459711
37459663
37459063
37457837
37457816
37454462
37451094
37450367
37450364
37447414
37444884
37438273
37435533
 Huilong Chen
37397728
37397728
37254040
36748190
36508249
36312378
35781367
35562653
35355601
35185998
35066637
35051503
34663264
34390330
33776910
33681736
33628105
33050972
32854750
32279676
32258151
 Weiming Yan
37388281
37388281
37315816
36878044
36572737
36427723
36177348
35926777
35801804
35460174
35259374
35149125
35125831
35026259
34994217
34848218
34594213
34391513
34390330
34387835
34282382
 Danlei Yang
37127200
37127200
36430782
36349586
36184338
36139122
35489519
35431087
34936228
34565583
33443505
33183266
32980130
32217556
32158203
27216214
26885033
26251585
25565795
23517391
23300791
 Guang Chen
37485517
37485517
37477381
37467691
37462846
37456312
37446367
37446207
37420806
37392004
37318887
37307187
37284065
37270147
37260444
37253905
37240056
37229259
37216722
37214441
37184934
 Ke Ma
37482112
37482112
37474991
37469573
37444285
37423169
37420017
37408861
37390238
37381466
37379215
37365592
37328117
37327385
37300662
37285424
37274309
37273903
37268878
37238618
37212322
 Dong Xu
37478264
37478264
37471098
37464378
37440529
37435839
37429959
37424174
37422114
37417561
37416728
37403633
37399108
37394416
37392691
37389760
37374427
37364831
37348716
37344379
37328796
 Haijing Yu
37280619
37280619
37115401
36057703
35787161
35682185
35356325
35331583
34390330
33482151
33075079
33026573
32922520
32854750
32217835
32217556
31937165
31830623
31357085
30650393
30619295
 Hongwu Wang
37482355
37482355
37430569
37389043
37347056
37315670
37249837
37185224
37094822
36910649
36871358
36846009
36832135
36814226
36791380
36702348
36679067
36580772
36463748
36401449
36389015
 Tao Wang
37485687
37485687
37484531
37483241
37482970
37480594
37478850
37477881
37474444
37470905
37470826
37468168
37467718
37466431
37463940
37462055
37461596
37460861
37455771
37454679
37453380
 Wei Guo
37484905
37484905
37483385
37482028
37478753
37478491
37476985
37469555
37467708
37465027
37457335
37455452
37449786
37448775
37446865
37438011
37434780
37434193
37426180
37425952
37404815
 Jia Chen
37474475
37474475
37462401
37455391
37455089
37434285
37424805
37421839
37410638
37395118
37381432
37343101
37341435
37324803
37316344
37310203
37305757
37301787
37283098
37255447
37254345
 Chen Ding
37473846
37473846
37460463
37459175
37436653
37415682
37404000
37402997
37402274
37399243
37395826
37342689
37328785
37274446
37228228
37194931
37185558
37172062
37168390
37158593
37144430
 Xiaoping Zhang
37480608
37480608
37449516
37404820
37394018
37376372
37376066
37368671
37356614
37346142
37338363
37325318
37318962
37300344
37294581
37290356
37285486
37267133
37216262
37207146
37193192
 Jiaquan Huang
37447072
37447072
37331201
37280619
37115401
36878044
36754951
36589083
36572711
36072332
35934762
35932973
35743127
35638797
35346577
34848085
34757361
34743252
34442301
34390330
34276617
 Meifang Han
36437367
36437367
35926777
35460174
35197452
35149125
34848218
34391513
34390330
34387835
33977332
33870432
33776910
33026573
32854750
32727811
32663850
32217835
32217556
31612388
31172415
 Shusheng Li
37464428
37464428
37399610
37001918
36516186
36279621
36178906
35943021
35840928
35611437
35431941
35219895
35154067
35004751
34860139
34712673
34532356
34488665
34379988
34290740
34290517
 Xiaoping Luo
37293501
37293501
37283655
37227574
37162176
37150982
37106126
37097751
37051251
36990068
36913109
36899776
36878044
36819678
36706253
36669772
36650520
36635911
36611640
36590006
36589818
 Jianping Zhao
37473504
37473504
37346551
37255213
37237310
37194612
37163068
37142578
37117273
37111842
37110567
37059987
37056936
37042826
37025008
37022025
36946608
36850124
36809694
36754276
36752798
 Qin Ning
37453139
37453139
37424676
37398660
37346771
37308915
37236544
37112543
37062986
37051251
37007873
36940948
36896629
36878044
36790652
36758548
36754951
36710337
36655747
36571711
36522132
Yuan Yu
37486399
37486399
37486292
37476496
37460549
37458778
37458289
37446875
37439582
37432413
37403783
37386820
37359529
37358033
37340651
37329603
37315457
37304668
37288578
37288291
37259675
 Dan Xu
37486731
37486731
37485679
37475354
37469772
37462548
37462544
37459266
37457889
37444259
37434106
37419368
37418668
37417713
37407573
37386831
37372180
37352949
37341909
37335206
37334908
 Shouzhi Fu
36719527
36719527
35598771
35281548
34754848
33969085
33425960
33425951
33300167
32831151
32631393
32566624
32448345
32444393
32423584
32410714
32359177
32302265
32283154
30896649
30392071
 Jun Zhang
37485969
37485969
37481742
37480565
37477604
37475302
37475116
37474587
37470320
37464703
37463899
37461298
37450970
37450767
37449893
37449096
37447578
37446872
37446249
37444038
37443514
 Xiaobo Yang
37474682
37474682
37447403
37433375
37421866
37298846
37298405
37262241
37247023
37228608
37165497
37119641
37034211
37034208
36973682
36970591
36939787
36926303
36889077
36858511
36856834
 Liang Xu
37485348
37485348
37459844
37450501
37436481
37423131
37403746
37401635
37397355
37396855
37395400
37391777
37391277
37384532
37377911
37376093
37368798
37366822
37357618
37343602
37321292
 Jiqian Xu
37197655
37197655
36569932
36567568
36526145
36341336
36195935
36191588
36068919
35967847
35927154
35924528
35785930
35167328
34876996
34869450
34676222
34660625
34243582
34062415
33863396
 Yongran Wu
37158961
37158961
37125037
36473570
33511146
33425960
33425951
33231857
32865701
32720214
32631393
34676128
32410714
32302435
32105632
28420468
 Chaolin Huang
37321233
37321233
37197655
36964546
36737007
36669700
36563943
36504959
36465627
36377589
36276838
36188433
36059472
35958873
35807717
35784642
35419371
35234623
35116556
34950119
34876996
 Yaqi Ouyang
37371744
37371744
35946764
35817278
35639565
35367841
35250319
35216484
34763006
33511146
33425960
33425951
33231857
32720214
32636835
32631393
32410714
30551047
29655000
 Luyu Yang
37473972
37473972
37226190
37223548
36719527
36504840
36437545
36364088
35728851
35728849
35432310
35352412
35281873
34944239
34808557
34754848
34525962
34362519
34326998
34035222
36943820
 Minghao Fang
37450071
37450071
37308475
37084417
37030879
36930538
36868327
36634157
36238478
36040450
35924018
35897927
35758882
35656027
35611706
35577954
35224788
35189572
34961998
34674393
34587478
 Hongwen Xiao
36525141
36525141
36126794
35721208
35105170
33675440
33664669
32410714
28423616
23820032
 Jing Ma
37485476
37485476
37465161
37447972
37423651
37423514
37421483
37402744
37398194
37392679
37392306
37373390
37353130
37348221
37338660
37336586
37333356
37315757
37312658
37309956
37306343
 Wei Zhu
37484236
37484236
37477814
37477773
37475402
37467565
37456732
37452267
37451467
37451225
37403726
37394662
37390605
37383012
37381975
37375936
37365951
37365456
37364175
37356200
37353345
 Song Hu
37390684
37390684
37356490
37330062
37235986
37219069
37156161
37117228
37096534
37084468
37079056
36924287
36911093
36903649
36812941
36775708
36761268
36721287
36662689
36648609
36640005
 Quan Hu
37313220
37313220
37222613
37099251
36950772
36947519
36925711
36772052
36619018
36307012
36010797
35981370
35965685
35913238
35713760
35354923
35249256
35186189
35078562
34976767
34973321
 Daoyin Ding
35265643
35265643
35047533
34485324
34059141
32856744
32410714
 Ming Hu
37482358
37482358
37460031
37457350
37445289
37435573
37425940
37396167
37379393
37340566
37329208
37324530
37309179
37304156
37303471
37293040
37285409
37276894
37249274
37217949
37212028
 Guochao Zhu
33425960
33425960
32880390
32831151
32503812
32410714
22321927
21418869
21366943
 Weijiang Xu
36946938
36946938
36242360
35970331
35336478
33807831
32990886
32410714
31615076
30781618
30192224
28094233
27347936
27318340
26080684
25887697
25288915
24559276
23457582
22901194
22439759
 Jun Guo
37484525
37484525
37470854
37451720
37448666
37446918
37446672
37426757
37424921
37419691
37397031
37389294
37388230
37377341
37353501
37332356
37317586
37291689
37287288
37282775
37282474
 Jinglong Xu
35207981
35207981
34631686
32684216
32410714
27167001
26718633
 Haitao Yuan
37486153
37486153
37339954
37321437
37234112
37023695
36418383
36308891
36217621
36186550
36089650
35676606
35343113
35282115
35277400
35032135
34842252
34766437
34566888
34389209
34364219
 Bin Zhang
37485535
37485535
37480994
37480478
37480470
37477624
37477143
37469411
37467979
37467318
37465555
37464346
37462619
37461591
37460990
37456277
37455974
37455313
37454920
37454877
37450592
 Zhui Yu
37244049
37244049
36916341
36880237
36713335
36506549
36377459
35013321
34744697
34412742
33879732
33511146
33425960
33323819
32887670
32852385
32684211
32506258
32410714
32385999
32385987
 Dechang Chen
37481013
37481013
37366137
37362868
37185856
37126332
37059587
36902664
36868960
36836091
36789019
36785648
36777445
36581881
36567402
36469355
36443688
36355867
36103964
35934730
35924508
 Shiying Yuan
37308186
37308186
37158961
37124033
37017434
36687520
36526145
36347892
36288971
36229865
36191588
36114552
36068919
36062193
35965346
35831877
35785930
35572571
35452852
35449019
35303276
 You Shang
37308186
37308186
37260608
37197655
37158961
37124033
37017434
36789019
36785648
36649504
36569932
36567568
36567402
36526145
36473570
36405561
36341336
36195935
36191588
36114552
36103964
Pavan K. Bhatraju
37457915
37457915
37292692
37273234
37248708
37205332
37178093
37103955
37099286
37045721
36790189
36600780
36567786
36519995
36284548
36209335
36201483
36050993
35986336
35919517
35710995
 Bijan J. Ghassemieh
32227758
32227758
28137488
26890477
26866439
 Michelle Nichols
37139815
37139815
36689592
36634397
35962619
35951660
35819393
35759418
35415905
35355265
35198212
35144922
35105185
34887656
34840187
34767317
34284943
34197215
33913767
33470991
33350708
 Richard Kim
37483311
37483311
37454724
37406335
37359413
37358854
37340635
37243592
37230754
37224609
37210030
37195343
37192792
37165897
37146218
36967405
36942492
36932910
36803080
36796089
36738333
 Keith R. Jerome
37466213
37466213
37214809
37207227
37199630
37165032
37162835
37126090
37074875
36951943
36809468
36712077
36695358
36693927
36519118
36352021
36272098
36178789
36146679
36095012
36069983
 Arun K. Nalla
33655324
33655324
33655319
33006983
32556287
32535397
32511328
32444880
32405257
32269100
32227758
28536375
26512949
23441133
22984561
22511755
22177802
21945852
21855541
21813510
21455571
 Alexander L. Greninger
37466213
37466213
37346095
37279602
37214809
37183889
37165832
37162835
37099299
37099295
37097146
36940224
36913789
36878012
36856712
36802755
36798414
36797293
36763666
36732066
36711914
 Sudhakar Pipavath
37444527
37444527
37285083
37205332
37127203
36786906
35830884
35610068
35608267
34903059
34848676
34739887
33964516
33874973
33183067
32470156
32227758
31862440
31793991
31670294
31115618
 Mark M. Wurfel
37336058
37336058
37273234
37248708
37205332
37178093
37099286
37094100
37018921
36975209
36821369
36791309
36790189
36600780
36567786
36519995
36108888
36050993
35608267
35486077
35350814
 Laura Evans
37459888
37459888
37395055
37164574
36928012
36790189
36632444
36600780
36519991
36284548
36043503
35985343
35726987
35667747
35608267
35587274
35587214
35579918
35481878
35471939
35213552
 Patricia A. Kritek
36729002
36729002
36258878
33870323
33870317
33870282
33870281
33734938
32306488
32227758
32216877
32140601
33870265
33870264
31661296
31636831
31523994
31139732
30800944
30779527
29716910
 T. Eoin West
37457570
37457570
37020544
36877019
36814569
36570973
35994523
35961351
35852993
35608267
34909698
34848676
34727111
34478439
34394091
33986070
33874973
33602702
33593842
33534772
33221351
 Andrew Luks
37000143
37000143
36847809
36721497
36201281
35544405
35212006
35081281
34468285
33978479
33870282
33870281
33617754
33563458
33196294
33183067
33136114
33034744
32735170
32721248
32579436
 Anthony Gerbino
37424566
37424566
36781101
35311225
33204543
32227758
23588364
23304996
18071023
11744671
 Chris R. Dale
32227758
32227758
 Jason D. Goldman
37352211
37352211
37278994
37193826
37180102
36969241
36864666
36817759
36694448
36679852
36454570
35658503
35547855
35484176
35216672
35212363
35123660
34788328
34514710
34489601
34480861
 Shane O’Mahony
 Carmen Mikacenic
37336058
37336058
37205332
37125997
37099286
36821369
36600780
36567786
36519995
35608267
35486077
35157553
34909698
34812186
34767537
34758269
34754946
34740959
34652268
34593707
34526076
Hideaki Kato
37448563
37448563
37351451
37122972
37113226
37060244
36977892
36915486
36871323
36725023
36700869
36517455
36416963
36384196
36359321
36355760
36282812
36198306
36120389
36006957
35978486
 Hiroyuki Shimizu
37464326
37464326
37321896
37061729
36776444
36750598
36646712
36632936
36625390
36624232
36560570
36478416
36385309
36047174
35900968
35806888
35717180
35657437
35648321
35644547
35241784
 Yasushi Shibue
36733578
36733578
32611969
32405245
32974493
30026066
30212052
25834787
 Tomohiro Hosoda
35284557
35284557
35177351
35169487
34772350
34735458
34711507
33401016
33320080
33214071
32910034
32405245
32188528
32167993
32074582
31534087
31434825
31391401
31227383
30653896
30277374
 Keisuke Iwabuchi
35657437
35657437
34334534
34021229
33986038
32820236
32405245
32362440
31189863
29161783
28498019
27563071
 Kotaro Nagamine
32405245
32405245
 Hiroki Saito
37452353
37452353
37404343
37334576
37296481
37259142
37150612
37143886
37126880
37043305
37039790
36991335
36966801
36724975
36681789
36681745
36616262
36525245
36362408
36352429
36268969
 Reimin Sawada
32405245
32405245
31193597
30599063
28779371
22892323
21817821
 Takayuki Oishi
37384155
37384155
37201044
36647604
36312715
34532603
34169330
33959669
33879105
33549021
32884522
32695837
32666885
32405245
32362479
31705147
31604505
31470763
30102399
29395550
28560460
 Jun Tsukiji
36001619
36001619
34537085
32473011
32405245
29154831
25717419
24548082
24290899
23744081
23127245
22815721
22804866
22073613
19396521
19280296
19260540
17681098
15519362
15500150
 Hiroyuki Fujita
37337237
37337237
37255014
37129800
37005261
36634262
36112073
36057638
35715964
35636462
35578745
35538085
35486442
35457440
35287187
35094140
34911890
34836404
34710391
34516628
34508131
 Ryosuke Furuya
37200665
37200665
36879715
36860722
36570597
36203854
36158393
36092466
36039212
35911368
35035964
34567575
34520488
34379684
34188943
32405245
28145702
29123793
26794823
25804296
25290809
 Makoto Masuda
37101265
37101265
36682606
35995775
35940203
35637134
34824650
34021229
32405245
26644982
22938085
21250927
 Osamu Akasaka
36915486
36915486
34140350
33674317
33589882
33322035
32498735
32405245
29123878
27531062
25410400
19920384
16734259
 Yu Ikeda
36237889
36237889
35642023
35431301
35078389
34162646
33727738
32853920
32498735
32405245
32281543
31775617
31564675
31288766
25572567
24583867
24185938
23337582
19132934
6286279
 Mitsuo Sakamoto
37347191
37347191
37253538
37185104
37103467
36990641
36418684
36269574
36113733
35416766
35254232
35177351
34913426
34870581
34854722
34748474
34379581
34264810
34016676
33919296
33913539
 Kazuya Sakai
37240470
37240470
36893188
36861115
36696200
36696190
36306339
36126564
35491217
35352474
35274194
35135953
35119501
34729424
34702968
34667241
34620972
34399775
34379684
34325488
34292506
 Munehito Uchiyama
34379684
34379684
34177275
32685174
32405245
32402512
30575495
30338078
26807260
25481526
16715905
12531405
 Hiroki Watanabe
37460281
37460281
37441355
37367379
37360345
37295562
37245250
37197941
37192307
37181400
37101265
37051303
37005268
36908119
36873770
36761636
36744202
36727497
36682606
36572415
36560320
 Nobuhiro Yamaguchi
34021229
34021229
32493869
32405245
32361847
31723072
28154277
27898735
25307553
24326856
24292757
24128717
23356174
22352054
22073613
21584724
18509231
18266673
17404160
17255359
16876819
 Ryoko Higa
35094457
35094457
34537085
32462086
32405245
32081435
29574003
29017855
25577975
24100020
23817078
 Akiko Sasaki
37359117
37359117
37345612
37180327
37155530
37060799
37032792
37032729
36813075
36789311
36645567
36567825
36523351
36427499
36420236
36401801
36370548
36157813
36151710
36033276
35835151
 Katsuaki Tanaka
37023703
37023703
36355202
35071785
35051952
34966874
34904508
34856928
34239704
34191254
33761674
33687175
33312428
33279380
33092805
33061517
32609920
32405245
32399433
32026085
31885084
 Yukitoshi Toyoda
35342637
35342637
34484801
34433491
32912881
32811804
32405245
30555119
30142104
21617577
18844935
 Shinsuke Hamanaka
32405245
32405245
 Naoki Miyazawa
37441355
37441355
37101265
36682606
36570411
36192767
35995775
35940203
35923924
34866339
33717228
33567165
32565151
32533026
32405245
31196772
30705415
29497139
26879485
26612542
26477109
 Atsuko Shimizu
32405245
32405245
 Fumie Fukase
32405245
32405245
29942739
 Shunsuke Iwai
32405245
32405245
28943535
 Yuko Komase
37460289
37460289
36742291
36546706
36372429
36089367
35995775
35940203
35867423
35177056
34550021
34453234
34272158
33739483
32684554
32665193
32464632
32405245
32388510
32291896
32282445
 Tsutomu Kawasaki
37130630
37130630
36050871
35577789
34303752
34177328
33692272
32405245
31951582
31418779
30552072
30418086
30002723
29941303
29459527
29249757
29182677
28805500
28371870
28220436
27679653
 Isao Nagata
34958308
34958308
34484801
34433491
34032762
32405245
32026077
31073407
30730378
30115127
29439071
28222758
27978846
26729386
26337793
26220246
25672828
23939357
23651363
22690606
19195072
 Yusuke Nakayama
37285727
37285727
36877716
36792085
35330444
34856941
34253744
32405245
31073667
30702601
30293940
30013029
29769258
29229121
28919282
28637997
28265386
28232751
28131833
28025139
27709720
 Tetsuhiro Takei
36122173
36122173
35498349
34868604
34691459
34380693
33849571
33364019
32405245
32026077
29730622
29657723
29445505
29435330
28265386
28249850
27997877
27575578
27526514
24995067
24523314
 Katsuo Kimura
36938526
36938526
35658796
35241003
34690919
34366367
34274725
32771225
32405245
32398759
31920938
31666419
29904367
29406924
27861638
27064969
25591829
24716024
 Reiko Kunisaki
37336963
37336963
37263363
37206860
37145253
37070407
36884071
36880427
36869815
36827302
36790510
36763141
36755253
36640130
36629948
36575014
36437274
36351622
36200368
36107533
36068373
 Makoto Kudo
37116613
37116613
36977572
36941083
36822367
36192767
36082812
36001619
35399182
34887972
34866339
34824651
34390749
34295418
34092725
34008760
33943031
33443868
33403010
32957053
32893980
 Ichiro Takeuchi
37485028
37485028
37478337
37469378
37466037
37461191
37408036
37368523
37355574
37350552
37340684
37327083
37200413
37086787
37081690
37080497
36930917
36899171
36858963
36822812
36720651
 Hideaki Nakajima
37461309
37461309
37448563
37401179
37380467
37368973
37368017
37296591
37272552
37221951
37215961
37187501
37146070
37077260
37062784
37060244
37051185
36990732
36983387
36940262
36915486
Xiaobo Yang
37474682
37474682
37447403
37433375
37421866
37298846
37298405
37262241
37247023
37228608
37165497
37119641
37034211
37034208
36973682
36970591
36939787
36926303
36889077
36858511
36856834
 Yuan Yu
37486399
37486399
37486292
37476496
37460549
37458778
37458289
37446875
37439582
37432413
37403783
37386820
37359529
37358033
37340651
37329603
37315457
37304668
37288578
37288291
37259675
 Huaqing Shu
37124033
37124033
37081927
36687520
36526145
36195935
36191588
36114552
36068919
36062193
35967847
35785930
35237368
35123448
34980314
34869450
34743860
34676222
34660625
34366051
34265832
 Jia'an Xia
34355001
34355001
32631393
32200645
32167524
32105632
32007143
31368243
28224433
 Hong Liu
37486316
37486316
37485547
37483931
37481305
37478057
37473786
37470691
37464951
37462269
37458515
37456320
37453493
37452682
37452385
37446723
37433653
37429265
37425224
37425078
37420385
 Lu Zhang
37482189
37482189
37481498
37469185
37469124
37464298
37460713
37457662
37455261
37454442
37454086
37449216
37444586
37436378
37435567
37432420
37427957
37423116
37422279
37419658
37414123
 Ting Yu
37482887
37482887
37385099
37375414
37340824
37340423
37335900
37333592
37329852
37328300
37284884
37270965
37261895
37257812
37256919
37243666
37243598
37218529
37202601
37189163
37181910
 Yaxin Wang
37485977
37485977
37470905
37445816
37404557
37397544
37378437
37353345
37318726
37286009
37252649
37249901
37157554
37146257
37141777
37138903
37138662
37137928
37107619
37105369
37042353
 Shangwen Pan
37124033
37124033
36191588
36062193
35967847
35237368
34876996
34676222
33863396
33620438
33425951
33424852
33424804
33422128
33231857
33128875
32865701
32853967
32720214
32636835
32105632
 Xiaojing Zou
37158961
37158961
37139806
37125037
37030879
36473570
36195935
36191588
36114552
36068919
35967847
35785930
35728861
35664359
35656027
35237368
35125962
35123448
34876996
34869450
34660625
