Carlo Signorelli
37428196
37428196
37366896
37348861
37293463
37232844
36974701
36912108
36786254
36535985
36533772
36431225
36300217
36299600
36233584
36114702
36066837
36043970
35894939
35891155
35805522
 Thea Scognamiglio
35108167
35108167
32514296
32339478
32275287
 Anna Odone
37444729
37444729
37418885
37348861
37154189
37107812
37076108
37067672
37024626
36966795
36966785
36771329
36700307
36627059
36430015
36366331
36240456
36207129
36150446
36141544
36128648
Aurelio Tobías
Nadya Johanna
33409247
33409247
 Henrico Citrawijaya
33409247
33409247
 Grace Wangge
37342987
37342987
36686586
35270504
34906688
34627227
33409247
32894252
32577068
31935256
33442140
28059883
27592587
26596260
26260551
25156942
24040346
23721202
23466215
23328201
22908144
