Khee-Siang Chan
37076641
37076641
36294675
35434930
34829211
33808688
33309227
35685459
33020740
32586667
32188892
31285898
31074569
28905701
28819204
28682859
28647219
28645334
28291795
28065414
27979608
 Fu-Wen Liang
37057286
37057286
36918228
36653283
36400117
36317591
36230488
36214468
35932185
35562679
35561128
35551227
35486315
35437248
35363204
35232893
35094177
34920341
34817796
34578937
34245451
 Hung-Jen Tang
37408643
37408643
37342433
37288253
37179128
37160243
37100354
36988457
36944409
36881729
36870812
36795305
36647596
36569071
36520332
36384186
36084024
36031531
35864347
35811508
35625254
 Han Siong Toh
37288253
37288253
37211445
37181363
36848091
36595871
36513882
36229527
36123930
35289366
35038328
34778407
34627231
34234073
33891692
33488023
33388002
33187633
33020740
32910340
32586667
 Wen-Liang Yu
36762100
36762100
36294675
36126190
35736103
35074291
34829211
34650896
34152704
34114473
33964452
33808688
33488023
33418147
33388002
33309227
33187633
33020740
32586667
32557011
32380654
Young June Choe
37321276
37321276
37309115
37272559
37235758
37191847
37171976
37012684
36968954
36942395
36897593
36647219
36622683
36596737
36550774
36550771
36515950
36476526
36457198
36443943
36377292
 Jong-Koo Lee
37415431
37415431
37415398
37317668
37183326
37174480
37010633
36944340
36944339
36820884
36625739
36617545
36611729
36328235
36276340
36163474
36115368
36097745
35916370
35820665
35788076
Ermengol Coma Redon
34547579
34547579
32727740
22918677
 Nuria Mora
37275503
37275503
36889129
36743167
36641483
36033822
35861148
35010742
34922377
34006554
33970867
33761874
33740907
33118037
33038926
32727740
31198929
29084597
25128355
24671120
24578501
 Albert Prats-Uribe
37118993
37118993
37033623
37020453
36908465
36754589
36518837
36111372
35980616
35766456
35728447
35722758
35345821
35314696
35094685
34937726
34823822
34812138
34798403
34524714
34493244
 Francesc Fina Avilés
 Daniel Prieto-Alhambra
37436441
37436441
37403135
37351614
37328600
37130601
37118993
37078398
37033631
37033623
36908465
36845321
36803587
36743167
36730480
36721104
36692805
36688706
36534381
36506524
36475291
 Manuel Medina
37275503
37275503
37157464
36889129
36743167
36641483
36548700
36421964
36275020
36168286
36082441
36033822
35999036
35861148
35816541
35666135
35506485
35321343
35237763
34922377
34752800
Benjamin J Cowling
37448114
37448114
37397875
37377964
37368235
37307005
37287979
37204790
37204309
37197288
37141907
37105966
37094371
37086890
37031688
37002942
36913693
36880191
36856551
36848558
36827972
 Sheikh Taslim Ali
37043284
37043284
37031625
36627296
36569559
36513688
36423119
36417445
36325878
36263876
36240828
35914518
35914516
35336939
35272744
35241662
34906289
34800462
34423821
34233629
34117868
 Tiffany W Y Ng
34795312
34795312
33406238
32414654
32407535
32311320
31668824
31282541
30551178
30190121
29069368
 Tim K Tsang
37105966
37105966
36880191
36823190
36804941
36777899
36722802
36655186
36648122
36637115
36630159
36627296
36513688
36417445
36298653
36284331
36240828
36054016
35960524
35858844
35447069
 Julian C M Li
32311320
32311320
 Min Whui Fong
33596168
33596168
32311320
32179916
32027587
 Qiuyan Liao
37260966
37260966
37142547
37073723
37002942
36861253
36777899
36462204
36417445
36416594
36054016
35496253
35388692
35359914
35090777
34930744
34795312
34718464
34696283
34688313
34533547
 Mike YW Kwan
34746725
34746725
33655259
33564773
32795776
32311320
30722814
 So Lun Lee
37283971
37283971
36554390
36106586
36003331
35982160
35568675
35314707
34903789
34455394
34327338
34217874
33600428
33223521
33036612
32483934
32311320
32030351
30967484
30868116
30176968
 Susan S Chiu
37070986
37070986
35618731
34932446
34864352
34746725
34326343
34301433
33655259
33564773
33397909
33295075
33168346
32311320
31665236
31290537
30722814
30442587
30261157
30169261
29486830
 Joseph T Wu
37231110
37231110
37181718
37105966
37070986
36918174
36822410
36765349
36763451
36652990
36638825
35136039
35132397
35076003
35027105
34942104
34886945
34802277
34802267
34454783
34388389
 Peng Wu
37481069
37481069
37475444
37458617
37454616
37408516
37399448
37399423
37389735
37382390
37375948
37368235
37363022
37361092
37347115
37345264
37344982
37336460
37303051
37301305
37301195
 Gabriel M Leung
37448114
37448114
37310875
37289232
37204309
37181534
37105966
37094371
36898549
36823190
36804941
36796397
36780911
36652990
36643735
36638825
36521506
36438907
36435844
36417445
36403618
Takahiro Itaya
37368470
37368470
37142864
36680424
36515993
36064449
35986513
35382915
35302631
35296620
34969274
34740137
34581890
34531214
34427761
34121502
33502497
32492532
31654789
30668963
28842511
 Yuki Furuse
37263519
37263519
37100175
36962735
36326059
36198306
35862707
35564325
35494411
35066162
34930336
34853681
34820499
34719529
34502037
34447727
34390754
33925665
33622855
33622475
35526990
 Kazuaki Jindai
37089877
37089877
36254504
35721437
35494411
35382915
34719529
34581890
34390754
33853684
33502497
33390435
33330774
32713913
32521222
32492532
32350228
31110841
30508493
30507398
30175738
