Anthony V Das
37417115
37417115
37417107
37203081
37156335
37084281
37026297
36967577
36944710
36892735
36872748
36804845
36760937
36728871
36727331
36683272
36575603
36367511
36308133
36035108
36035106
 Padmaja K Rani
37203003
37203003
37159104
36697482
36453343
36327997
36035097
36007977
35791119
35647997
35633427
35585370
35545307
35321910
35225572
35225566
35126512
34873499
34827019
34708802
34708783
 Pravin K Vaddavalli
37202956
37202956
36872748
36856557
36598277
36190020
36067396
36018101
35647997
35502059
35385332
35343267
35120350
35052935
34974458
34846070
34827017
34808143
34804860
34756140
34334091
