Alain Vanasse
37165518
37165518
36737625
36444387
36175089
35854023
35288454
35231039
35158404
35152415
35082000
34482764
34313740
33836732
33596929
33354346
33305226
33236074
33154677
33059007
32990481
 Alan Cohen
37466684
37466684
37313838
37309901
37186802
37117782
37096614
37079927
36930272
36882958
36867241
36793175
36774114
36746826
36717578
36648514
36648088
36584985
36571175
36381735
36252090
 Josiane Courteau
37165518
37165518
37106340
36737625
36175089
35854023
35288454
35158404
35152415
35082000
34482764
33236074
33156527
32143702
32050010
32049947
32017348
31164212
30787603
30349220
30319252
 Patrick Bergeron
37283220
37283220
36987456
36150197
35575903
33855713
33822789
32754044
32566968
32015901
31997349
31713847
31608176
30744976
30589904
28725379
28675385
26828511
26505061
26416593
25888912
 Roxanne Dault
37052967
37052967
34187453
33825634
33710932
32990481
32313834
32142130
28709636
26828511
26467323
23129866
 Pierre Gosselin
37308698
37308698
35791751
35434457
35055728
34948883
34424564
34325687
32919284
32886981
32596774
31703402
31200502
31121903
31021065
30323248
30046018
29438931
29281726
28892843
28754017
 Claudia Blais
37408840
37408840
37172682
36574522
36164545
36035740
35900388
35875931
35710290
35507342
35314452
33296779
32342284
32146067
31797484
31073846
30471054
28974512
28709636
29381279
27763322
 Diane Bélanger
 Louis Rochette
37357714
37357714
37143739
36849211
36825148
36163429
35947802
34952999
34569874
34484504
34427421
34281361
33635538
33432695
32342284
32146067
32008598
31818796
31404825
31073846
30646847
 Fateh Chebana
37285991
37285991
36075430
35791751
35434457
35055728
34948883
34325687
32886981
31409827
31200502
30323248
29438931
28892843
28709636
26828511
23336593
23100100
20144187
 Jan Semenza
37363233
37363233
36323422
36306815
36306805
35990256
35983961
35585385
35387618
35373173
35134558
34977323
34687662
34664039
34642677
34562381
33818348
33278353
33218221
33187953
32967691
Ninon A. Becquart
30597886
30597886
 Elena N. Naumova
37393422
37393422
37297634
37293071
37174224
37166796
37107864
37021371
36914712
36904212
36901316
36805065
36624265
36615684
36211433
36141848
36100707
35882946
35874604
35769449
35614203
 Gitanjali Singh
37162898
37162898
35254406
33547175
33521815
33029290
32765818
32694217
32489172
32321724
32302767
32002520
31822805
31658854
30917182
30597886
29506593
28590863
28448503
28332359
28073749
 Kenneth K. H. Chui
36805108
36805108
36774228
35011017
34838368
34114008
33294314
32699176
31495932
30981166
30801726
30597886
30471102
30067798
29948815
29482054
28852673
28717922
28592357
28427355
28095099
Hannah T. Jordan
33016186
33016186
31634319
30755198
29984143
29737441
29477875
29352822
28586254
28341697
27788891
27582483
27449135
25539137
28229004
24879890
24157650
23856423
22172171
22111590
22040652
 Steven D. Stellman
35111722
35111722
33816605
31886823
31351853
29741935
28626847
28409859
28321793
27656769
27754858
27582483
27582482
27582475
27582473
27552273
27449135
27252562
27098725
26954702
26946191
 Alfredo Morabia
37406261
37406261
37196234
37018690
36888946
36888943
36791353
36318441
36103696
35969826
35830659
35728030
35728023
35319961
35080938
34623884
34550720
34370534
34370520
34347036
34289408
 Howard Alper
36360618
36360618
35955093
35805453
34979044
34558721
34467532
34376145
34299982
33823957
33049920
32545781
32202645
31920176
31207858
31003460
30909548
30841531
30245592
29851739
29165447
 Zoey Laskaris
36816766
36816766
36787545
36189126
36151779
34991242
33522624
31334545
29991645
25390031
24157650
 Robert M. Brackbill
36549491
36549491
36417219
36239980
36231761
35146479
34558721
34507966
34498043
34376145
34288025
34275137
33546187
33393475
33375729
32722103
32560511
32545781
32022879
31500226
31487410
 James E. Cone
37468611
37468611
36901178
36549491
36533439
36377731
36361222
36231761
36107389
35325473
35270297
35146479
34507966
34498043
34376145
34288025
34275137
34204753
33816605
33546187
33393475
Vivian A. Fonseca
37259605
37259605
37192710
37175989
36788746
36669322
36437142
35978067
35834256
35817678
35114556
34933871
34922811
34848523
34675042
34475032
34183430
34183247
33986566
33933156
33648986
 Hayden Smith
37323512
37323512
37227518
37226201
36977109
36781817
36777986
31869168
36624988
36310800
35861253
35594485
34498075
36168458
34232766
34120308
34109418
34072861
34062214
33912504
33828422
 Nitesh Kuhadiya
33936685
33936685
33718603
32424935
31858126
30629183
30536789
30106633
29346597
29339527
28711708
28304146
27906549
27490915
27292585
27208343
26848632
26622051
25716630
25642424
25249680
 Sharice M. Leger
19542210
19542210
 C. Lillian Yau
25983216
25983216
21416546
21189275
21159897
21091553
20979123
20948880
23105033
19935374
19696216
19542210
19395280
18809800
17954288
15757053
15635346
15555611
12865482
12785413
12436467
 Kristi Reynolds
37410461
37410461
37380555
37359950
37308363
37100184
37043887
36994741
36920167
36912838
36883290
36868256
36851820
36792277
36779861
36607636
36505381
36480548
36326991
36169953
36094484
 Lizheng Shi
37432547
37432547
37405746
37340211
37334525
37321624
37035994
36893422
36888545
36871314
36774851
36757569
36751859
36728398
36498669
36469915
36463141
36216707
36201893
36164760
36143082
 Roberta H. McDuffie
19542210
19542210
 Tina Thethi
34511847
34511847
34081215
33933156
32877581
32732136
32267058
31366635
30651179
29408562
29151042
27978562
27475222
27461689
26927707
25869625
25796296
25716630
25633573
25484903
23926888
 Jennifer John-Kalarickal
23105033
23105033
19542210
19421965
18929237
17725434
17318439
Tran Huu Bich
30748110
30748110
28719771
28160044
27872945
27586035
26260287
24727520
24162509
21866222
20027262
20027261
20027260
20027259
20027257
20027256
20027254
20027253
18558036
 La Ngoc Quang
34670432
34670432
34495962
34349518
34276214
34048935
32946369
32738143
32588779
32365851
31345054
24377777
21866222
20027253
18214181
 Le Thi Thanh Ha
35607717
35607717
23827563
21866222
 Tran Thi Duc Hanh
31742234
31742234
31630629
29252109
21866222
 Debarati Guha-Sapir
37134087
37134087
36962390
36114183
35765108
35409599
35322262
35278082
35110569
34966234
34933672
34808084
34525713
34409002
34242366
34040943
33941227
33931063
33721564
33718318
33588863
