Nikroo Hashemi
36763374
36763374
34800682
34435032
32729013
32585065
31090028
30963669
30885884
30231401
28834412
28320050
27990496
26646800
26474537
25499943
25755474
23293717
21866251
21453227
21304440
 Kathleen Viveiros
33552479
33552479
32950749
32729013
32585065
32425706
28128861
26993822
26595058
22811898
20165977
19806102
 Walker D. Redd
37100277
37100277
36943488
36410644
36397988
35240118
34013064
33116066
32997700
32827436
32585065
32496339
32333911
 Joyce C. Zhou
36918450
36918450
36100924
34013064
33116066
32997700
32827436
32585065
32496339
32333911
 Thomas R. McCarty
37214030
37214030
36919223
36864938
36651679
36404092
36375881
36247074
36002917
35845021
35843672
35763130
35715123
35430698
35347535
35317547
35149026
35137700
35004982
34933361
34917860
 Ahmad N. Bazarbashi
37473969
37473969
37303709
37040890
36983165
36634221
36523865
35715123
35378681
35120397
34669046
34627794
34527844
34527836
34231061
34141962
34105790
34013064
33619691
33583516
33523277
 Kelly E. Hathorn
34934030
34934030
34673007
34619022
34527836
34231061
34222641
34141962
34013064
33966121
33780213
33712939
33629232
33481109
33442475
33300634
33116741
33116066
33008724
32997700
32827436
 Danny Wong
37387563
37387563
37308118
36983735
36623378
36549673
36360963
36130882
35989092
35793278
35765099
35594565
35594553
35593587
35451374
35353897
35283810
35258755
35122667
34936478
34922977
 Cheikh Njie
33146703
33146703
32997700
32827436
32585065
 Lin Shen
37475646
37475646
37465503
37464328
37381590
37364935
37358065
37356078
37349127
37343324
37341301
37318096
37304433
37294044
37274330
37271438
37260158
37257814
37255393
37218710
37199329
 Walter W. Chan
37463429
37463429
37388387
37377592
36943488
36918450
36863634
36567533
36563088
36383271
36381606
36201668
36201660
36152896
35995882
35944588
35845021
35780323
35640111
35314802
34934030
Vincent L. Chen
37452586
37452586
37394976
37291111
37267221
37105224
37053482
36972387
36815445
36758837
36757480
36748836
36633476
35943116
35571533
35166966
35068084
35018451
34951716
34718475
34674069
 Fadi Hawa
36206831
36206831
34799394
34466334
34247581
34026217
33728215
32980956
32699668
32663521
32542138
32490154
31318850
30825528
25461223
 Jeffrey A. Berinstein
37265192
37265192
37168501
37104671
36881812
36820317
36807832
35871146
35610937
35230420
34461298
34089850
34048936
33839280
33545144
33248182
32980956
32804850
32676663
32676638
32103421
 Chanakyaram A. Reddy
37391057
37391057
36716445
35762701
35075734
34607359
32980956
32668343
32519141
32504702
32447740
32051916
31789069
31041641
30608260
30031176
29730434
29497136
 Ihab Kassab
36972387
36972387
36633476
36353563
35943116
35796530
35528468
35307917
35232282
34434429
34427818
34046280
33447307
32980956
26504862
 Kevin D. Platt
36935807
36935807
35287142
35146226
34765841
34412827
34027248
33884339
33481192
33478660
33423182
32980956
31904794
31560896
31464741
31259999
30534950
30531246
29855545
 Chia-Yang Hsu
37046586
37046586
36765711
36077743
35999514
35830511
35158917
35119581
34971807
34159651
34038019
34012661
33442546
33387126
33170973
33093645
32980956
32955113
32548811
32511831
32424685
 Calen A. Steiner
37169343
37169343
36820317
36807832
36712048
35912990
35674095
35230420
34350517
34302470
34089850
34048936
33248182
32980956
32676663
32676638
32036514
31993895
30908299
30458248
26967775
 Jeremy Louissaint
37340542
37340542
37071851
36668689
36563767
35940729
35804194
35722612
35528468
35213405
35122595
35122190
35107648
35092162
35020619
34524707
34464599
34427818
34390014
34197830
34102040
 Naresh T. Gunaratnam
36206831
36206831
34466334
32980956
32699668
32663521
32490154
30825528
29087500
27021195
25440288
25169998
24789239
21103955
19239379
18036424
15758913
15128082
14523143
12902896
12408413
 Pratima Sharma
37057762
37057762
36879556
36850054
36398193
36285830
36261935
36053559
35677798
35665591
35615837
35543138
35531883
35434880
35429367
35372676
35359027
35253365
35100664
34664879
34606933
Carolyn T. Bramante
37339345
37339345
37333243
37302406
37284921
37264767
37125061
36716983
36597543
36516100
36482974
36395143
36269852
36124697
36098660
36070710
35432917
35392460
35202458
34839263
34718333
 Christopher J. Tignanelli
37486632
37486632
37335665
37333243
37314843
37302406
37053224
37012630
36942574
36395417
36383156
36214629
36156284
36124697
36070710
36050639
36031451
36000426
36000003
35943831
35943199
 Nirjhar Dutta
35764835
35764835
34326020
33648370
32909011
30723663
25425587
25134074
24968210
20378827
20178793
 Emma Jones
37362157
37362157
37225889
37173267
37012630
36704666
36631068
36607275
36574585
36572683
36518953
36364868
36240222
36217249
36214629
36196275
36178236
36045861
36031451
35943199
35751860
 Leonardo Tamaritz
33580540
33580540
 Jeanne Clark
37111198
37111198
36789676
36752232
36651320
36284930
36280384
36127537
36065050
36058582
36044239
35914520
35687400
35684083
35672598
35427375
35421225
35291207
35277935
35237886
35048528
 Genevieve Melton-Meaux
37486632
37486632
35923381
35732882
35289371
34457125
31437953
28178049
27145304
 Michael Usher
37486632
37486632
37053224
36006882
36000003
35569640
35238935
34986168
34974496
34585129
34569998
34550900
34457125
34367059
34350391
34326020
34129395
34003427
33872187
33853590
33788884
 Sayeed Ikramuddin
37115197
37115197
37012503
36938160
36689151
36266122
35764835
35740306
34998697
34953742
34877488
34506320
34326020
33841887
33502216
33230230
32932321
32909011
32870294
32575350
32224733
Kenneth I. Zheng
37066808
37066808
37031715
35836754
35694803
35592303
35528982
35464279
35317614
35260312
35004954
34855640
34839623
34648769
34646997
34609305
34379831
34256994
34176541
34031913
34007801
 Feng Gao
37481654
37481654
37479787
37474136
37468994
37468667
37467816
37467565
37464982
37463122
37461203
37461124
37454090
37454016
37453233
37452222
37442037
37428261
37427752
37426028
37425049
 Xiao-Bo Wang
37455170
37455170
37451017
37283978
37193754
37104917
37086085
37072494
37040217
37035389
36839992
36758886
36699051
36598534
36469035
36423336
36327871
36030653
35859802
35780580
35762785
 Qing-Feng Sun
37323016
37323016
36867829
36083672
36018692
35657882
35433752
35332128
34795286
34652163
33763027
32953523
32573883
32542750
32436622
32414813
32409499
32383950
32348790
32320741
31744785
 Ke-Hua Pan
37367490
37367490
33763027
32838396
32573883
32436622
32414813
32409499
32348790
32320741
32220344
27595998
26885897
26675758
25092540
24939869
 Ting-Yao Wang
37395218
37395218
36683627
36405273
36293388
35866836
35656562
35550469
35013596
35004952
33917997
33853719
33763027
33722359
33212070
33198563
32573883
32454505
32436622
32409499
32348790
 Hong-Lei Ma
35836754
35836754
35694803
35528982
35433752
35260312
34958817
34839623
34609305
34176541
34031913
34007801
33908180
33465844
33250371
33198849
32838396
32636124
32573883
32348790
32320741
 Yong-Ping Chen
37349091
37349091
37168926
37148340
36909159
36845651
35944313
35861376
35819658
35754054
35663198
35543809
35528982
35201446
34982487
34868249
34864363
34609305
34544842
34472488
34419804
 Wen-Yue Liu
37403450
37403450
36933605
36924436
36670060
35938531
35884259
35829867
35528982
35433752
35369056
35210796
34839623
34223825
34152626
34007801
33198849
32648973
32375660
32333938
32320741
 Jacob George
37470858
37470858
37449691
37449620
37367299
37351121
37328829
37326503
37307558
37296669
37290471
37254644
37240132
37237088
37230109
37227560
37204656
37146900
37122421
37102761
37081251
 Ming-Hua Zheng
37403450
37403450
37395240
37367490
37351121
37290471
37204656
37031715
37017559
36994195
36933605
36924436
36924031
36805052
36802244
36746687
36727522
36697298
36670060
36502575
36463192
Rui Huang
37486702
37486702
37482168
37475578
37470754
37469840
37457569
37455282
37442347
37426387
37425188
37421985
37406902
37399230
37395182
37388276
37381656
37379237
37366294
37360548
37350403
 Li Zhu
37485679
37485679
37485636
37480253
37474274
37453277
37447624
37445776
37443729
37442347
37437736
37432563
37421630
37415962
37408228
37390533
37387415
37379571
37369268
37359520
37348755
 Jian Wang
37485655
37485655
37485000
37479695
37479661
37478628
37477871
37475433
37475221
37474611
37469357
37467765
37467393
37464378
37458454
37457569
37454842
37453674
37452091
37452066
37447639
 Leyang Xue
36182349
36182349
35702719
35363187
35219355
34744294
34261488
34243955
34213039
33894725
33174624
32941927
32838108
32735706
32558945
32384078
 Longgen Liu
37339833
37339833
36856541
36692593
36387799
36100916
36100887
35757781
35702719
35223685
35219355
34900444
34326650
34261488
34243955
34213039
33962617
33956648
33407619
33174624
33147069
 Xuebing Yan
37106274
37106274
36586311
36580652
36550061
36354953
36330916
36281556
36236108
36232734
36212305
36105697
35845670
35782138
35702719
35448784
35280736
35267371
35219355
35030522
34868138
 Songping Huang
37446578
37446578
37382411
37237789
37107115
36903248
36837091
36346270
35702719
35171156
34904144
34714299
34382367
34261488
34243955
34213039
34137262
33857686
33174624
33098742
33073965
 Yang Li
37485978
37485978
37485627
37485353
37484699
37484501
37484383
37484163
37482682
37482211
37479877
37479683
37479016
37478765
37477881
37477123
37476071
37475307
37475258
37474949
37474893
 Xiaomin Yan
37442347
37442347
37395182
37376549
37266419
37256407
36786454
36786453
36696366
36324235
36317959
36286492
36146702
36056739
35929326
35862817
35800267
35774980
35702719
35696167
35681921
 Biao Zhang
37463894
37463894
37461285
37458614
37458210
37447528
37444268
37417207
37414969
37346612
37322000
37309960
37294763
37290192
37257450
37251476
37236630
37190936
37186069
37183429
37160760
 Tianmin Xu
37313756
37313756
37306518
36979400
36685972
36614860
36297683
36108574
36051147
36004578
35973875
35945305
35763972
35751510
35702719
35615666
35473835
35259099
35164789
35108220
35023696
 Chunyang Li
37481345
37481345
37440420
37435062
37419976
37380083
37375068
37355295
37353834
37332998
37315435
37295370
37275527
37195286
37179443
37150151
37126561
37120361
37100528
37086693
37040218
 Fang Ji
37348478
37348478
37339559
37202157
37194303
37138053
37046145
37030337
36840587
36732504
36681335
36649150
36499832
36466474
36410795
36409986
36386214
36057573
36053063
36050252
36003789
 Fang Ming
37404858
37404858
37396365
37381557
37255485
37211942
37131172
37126229
37111007
37108867
37104819
37099094
36988455
36925751
36916974
36910849
36810946
36662103
36589964
36549416
36525929
 Yun Zhao
37483094
37483094
37475640
37475188
37465934
37457583
37442136
37441604
37426531
37383369
37378477
37355104
37350005
37342856
37339248
37339159
37300846
37296072
37280761
37279293
37278975
 Juan Cheng
37436456
37436456
37391640
37356961
37356952
37180664
37163904
37154852
37088235
37071544
37015506
36891351
36891295
36867897
36769027
36766624
36711364
36683501
36681202
36673048
36635400
 Yinling Wang
37241464
37241464
36750862
36472467
36266241
36141880
35578350
35535146
34261488
33665757
33322726
33177728
33113822
32887500
32838108
32384078
36659779
31487986
31277239
31071982
30871415
 Haiyan Zhao
37450734
37450734
37425895
37400038
37395025
37385549
37348078
37293713
37278895
37261768
37253864
37249639
37246938
37171954
37144415
37110631
37105349
37103837
37065738
37048888
37043835
 Shuqin Hong
35696167
35696167
34261488
33057223
32838108
32384078
 Kang Chen
37474270
37474270
37452107
37434810
37432874
37432649
37430636
37428063
37407877
37358551
37353188
37334543
37316781
37290935
37285201
37273990
37265382
37254105
37253416
37249979
37234207
 Lei Zou
37314518
37314518
37250160
37218895
37200540
37179933
37153810
37088451
37021986
36992962
36992842
36809704
36673505
36625183
36603610
36546708
36502556
36422048
36401419
36322497
36291326
 Dawen Sang
35702719
35702719
34261488
34243955
33174624
32941927
32838108
32735706
32384078
 Huaping Shao
34261488
34261488
33956648
33353595
33174624
32941927
32838108
32735706
32425697
32384078
32346873
 Xinying Guan
35702719
35702719
34261488
34243955
33956648
33174624
32997693
32941927
32838108
32735706
32461976
32384078
30312319
27984195
22215146
 Xiaobing Chen
37404144
37404144
37361594
37345853
37264554
37211107
37148796
37146936
37123178
37091879
37020704
37005358
36911405
36897757
36892999
36876422
36849939
36785278
36758304
36727222
36722982
 Yuxin Chen
37483010
37483010
37481653
37462769
37447133
37442347
37421985
37395182
37393754
37379527
37363249
37313368
37309826
37270602
37267719
37266419
37246053
37235050
37230976
37206069
37175119
 Jie Wei
37486051
37486051
37426899
37408986
37381759
37377176
37372116
37356079
37340627
37329800
37304773
37276554
37264718
37252779
37252725
37247007
37207826
37185839
37179056
37169369
37156141
 Chuanwu Zhu
37442347
37442347
37266419
36963368
36846904
36844207
36786454
36786453
36750862
36696366
36324235
36008904
35932973
35875362
35757781
35702719
35535146
35509606
35500804
35394840
35302365
 Chao Wu
37478241
37478241
37470435
37464335
37452857
37449560
37447864
37442347
37433104
37430333
37421985
37406091
37399268
37395182
37392035
37391320
37382428
37367972
37365900
37360416
37345457
