Fei Zhou
37468964
37468964
37457729
37440907
37418406
37398512
37390182
37350731
37300977
37291978
37258577
37253803
37245815
37236355
37229351
37225032
37212654
37206210
37193083
37192621
37189075
 Ting Yu
37482887
37482887
37385099
37375414
37340824
37340423
37335900
37333592
37329852
37328300
37284884
37270965
37261895
37257812
37256919
37243666
37243598
37218529
37202601
37189163
37181910
 Ronghui Du
36926472
36926472
36362498
35792704
35409148
35173734
34304502
34021314
33870851
33298617
33240089
33196399
32944177
32907886
32820146
32805177
32645295
32621955
32448345
32437016
32423584
 Guohui Fan
37321233
37321233
37204755
37056988
36795456
36226154
35990949
35928619
35883052
35513826
35473747
35433747
35401364
35385369
35155477
35074630
35001555
34872515
34583675
34534435
34222179
 Ying Liu
37486235
37486235
37486143
37485926
37485569
37484777
37484718
37483389
37481563
37481151
37481091
37480813
37480065
37479565
37479187
37478665
37478133
37476195
37476154
37471209
37470451
 Zhibo Liu
37474941
37474941
37416318
37338120
37330593
37318538
37277675
37103565
37093272
37036562
37019890
36923091
36922816
36916201
36812239
36745408
36632233
36562255
36502984
36402764
36234972
 Jie Xiang
37480969
37480969
37457490
37421950
37284329
37193858
37184873
37175535
37151651
37142180
37096093
37087829
37071536
37064198
37056799
37032875
37020229
37008327
37000674
36965245
36925297
 Yeming Wang
37434854
37434854
37369282
37337997
37321233
37026906
36828006
36716195
36478734
36188433
36093094
36045658
35748704
35611349
35568052
35355793
35345417
35317717
35234623
35155477
35074630
 Bin Song
37464338
37464338
37456640
37453753
37439935
37438521
37404109
37397872
37384578
37378899
37369618
37334872
37308663
37304128
37293571
37276744
37251234
37229264
37201327
37191923
37188987
 Xiaoying Gu
37321233
37321233
36744132
36619810
36316630
35898809
35755062
35697052
35678952
35611349
35602490
35568052
35563622
35458712
35345417
35219375
35155477
35131324
35074630
35054949
34950055
 Lulu Guan
37344696
37344696
37168998
37042015
36902127
36594671
36439532
36222589
35615577
35467579
34966788
34881181
34855842
33784583
32255382
32224074
32171076
30854278
30388190
30006956
27534493
 Yuan Wei
37479506
37479506
37476942
37460872
37456304
37455079
37454562
37449493
37446537
37443030
37442135
37439870
37437160
37417966
37406171
37400468
37393818
37393242
37357223
37355762
37349531
 Hui Li
37486036
37486036
37482605
37481223
37480786
37479889
37479639
37478758
37478188
37477105
37475506
37475064
37475063
37475062
37474742
37471657
37471643
37471263
37471187
37467387
37467131
 Xudong Wu
37479438
37479438
37474102
37421727
37348755
37327456
37282793
37248506
37242832
37220307
37216827
37177621
37100771
37093957
36985560
36959757
36936840
36929671
36838112
36833399
36733232
 Jiuyang Xu
37321233
37321233
36804909
36625734
36187745
35155477
35074630
34454673
34326192
34246397
33734013
33428867
33421381
33403736
33271074
33079200
33010835
33007478
32840287
32675205
32635916
 Shengjin Tu
37321233
37321233
36719280
36504959
33529638
33428867
33248219
33078367
32675205
32171076
30505678
 Yi Zhang
37486758
37486758
37485350
37484822
37484380
37483457
37482607
37481178
37481158
37480977
37477770
37477718
37477258
37476946
37476834
37476831
37476053
37475287
37473570
37473523
37470365
 Hua Chen
37470912
37470912
37459175
37452404
37449638
37446873
37439523
37438699
37437345
37435891
37431594
37424055
37413807
37390887
37369336
37357835
37351936
37340716
37335602
37303637
37295129
 Bin Cao
37484947
37484947
37452512
37415817
37369282
37356123
37349777
37348518
37330196
37321233
37318116
37307441
37302027
37245814
37241471
37228658
37196009
37154704
37153610
37149249
37126843
Kyung Soo Hong
37264061
37264061
37246275
36912944
36525475
35706078
34162199
34155838
34102477
33958526
33949136
33910079
33897912
33846686
33527788
33203839
33130319
32883951
32757497
32602272
32597046
 Kwan Ho Lee
36631025
36631025
35748955
34640524
34408263
34162199
34155838
33958526
33907392
33757520
33184428
32602272
32390367
31822268
31819409
31819396
31169476
30882890
30746354
30607168
30285668
 Jin Hong Chung
36631025
36631025
34162199
34155838
33958526
33907392
33184428
32883054
32872724
32602272
32390367
31819409
31819396
31169476
29945738
29768342
29245330
28848336
25861346
23483786
23101008
 Kyeong-Cheol Shin
36942535
36942535
36936979
36631025
36371212
35372402
35036025
34881272
34162199
34155838
33958526
33907392
33730776
33717557
33607776
33527788
33184428
33163249
33045813
32602272
32390367
 Eun Young Choi
37403331
37403331
37366543
37351981
37348332
37278771
37213322
37198142
37191845
37168501
37036760
37031903
36989377
36897992
36890337
36848338
36845039
36839373
36758246
36748836
36746418
 Hyun Jung Jin
36631025
36631025
36438190
36319656
36002475
35191233
34983123
34162199
34155838
33994783
33958526
33907392
33474859
33421975
33184428
33125287
33012003
32961314
32935485
32911591
32638569
 Jong Geol Jang
36912944
36912944
36631025
36525475
35793276
35214791
34775738
34162199
34155838
33994783
33958526
33949136
33910079
33907392
33846686
33607776
33605045
33527788
33203839
33184428
33130319
 Wonhwa Lee
37246275
37246275
36310599
35751470
35445003
35216180
35183932
35025027
35006939
35001517
34623037
34382871
34222291
33910079
33846686
33278965
33246171
33203839
33173718
33130319
32946945
 June Hong Ahn
36942535
36942535
36912944
36631025
36525475
35751470
35445003
35214791
34623037
34162199
34155838
34102477
33994783
33958526
33949136
33910079
33907392
33846686
33615672
33605045
33527788
Yuan Yu
37486399
37486399
37486292
37476496
37460549
37458778
37458289
37446875
37439582
37432413
37403783
37386820
37359529
37358033
37340651
37329603
37315457
37304668
37288578
37288291
37259675
 Dan Xu
37486731
37486731
37485679
37475354
37469772
37462548
37462544
37459266
37457889
37444259
37434106
37419368
37418668
37417713
37407573
37386831
37372180
37352949
37341909
37335206
37334908
 Shouzhi Fu
36719527
36719527
35598771
35281548
34754848
33969085
33425960
33425951
33300167
32831151
32631393
32566624
32448345
32444393
32423584
32410714
32359177
32302265
32283154
30896649
30392071
 Jun Zhang
37485969
37485969
37481742
37480565
37477604
37475302
37475116
37474587
37470320
37464703
37463899
37461298
37450970
37450767
37449893
37449096
37447578
37446872
37446249
37444038
37443514
 Xiaobo Yang
37474682
37474682
37447403
37433375
37421866
37298846
37298405
37262241
37247023
37228608
37165497
37119641
37034211
37034208
36973682
36970591
36939787
36926303
36889077
36858511
36856834
 Liang Xu
37485348
37485348
37459844
37450501
37436481
37423131
37403746
37401635
37397355
37396855
37395400
37391777
37391277
37384532
37377911
37376093
37368798
37366822
37357618
37343602
37321292
 Jiqian Xu
37197655
37197655
36569932
36567568
36526145
36341336
36195935
36191588
36068919
35967847
35927154
35924528
35785930
35167328
34876996
34869450
34676222
34660625
34243582
34062415
33863396
 Yongran Wu
37158961
37158961
37125037
36473570
33511146
33425960
33425951
33231857
32865701
32720214
32631393
34676128
32410714
32302435
32105632
28420468
 Chaolin Huang
37321233
37321233
37197655
36964546
36737007
36669700
36563943
36504959
36465627
36377589
36276838
36188433
36059472
35958873
35807717
35784642
35419371
35234623
35116556
34950119
34876996
 Yaqi Ouyang
37371744
37371744
35946764
35817278
35639565
35367841
35250319
35216484
34763006
33511146
33425960
33425951
33231857
32720214
32636835
32631393
32410714
30551047
29655000
 Luyu Yang
37473972
37473972
37226190
37223548
36719527
36504840
36437545
36364088
35728851
35728849
35432310
35352412
35281873
34944239
34808557
34754848
34525962
34362519
34326998
34035222
36943820
 Minghao Fang
37450071
37450071
37308475
37084417
37030879
36930538
36868327
36634157
36238478
36040450
35924018
35897927
35758882
35656027
35611706
35577954
35224788
35189572
34961998
34674393
34587478
 Hongwen Xiao
36525141
36525141
36126794
35721208
35105170
33675440
33664669
32410714
28423616
23820032
 Jing Ma
37485476
37485476
37465161
37447972
37423651
37423514
37421483
37402744
37398194
37392679
37392306
37373390
37353130
37348221
37338660
37336586
37333356
37315757
37312658
37309956
37306343
 Wei Zhu
37484236
37484236
37477814
37477773
37475402
37467565
37456732
37452267
37451467
37451225
37403726
37394662
37390605
37383012
37381975
37375936
37365951
37365456
37364175
37356200
37353345
 Song Hu
37390684
37390684
37356490
37330062
37235986
37219069
37156161
37117228
37096534
37084468
37079056
36924287
36911093
36903649
36812941
36775708
36761268
36721287
36662689
36648609
36640005
 Quan Hu
37313220
37313220
37222613
37099251
36950772
36947519
36925711
36772052
36619018
36307012
36010797
35981370
35965685
35913238
35713760
35354923
35249256
35186189
35078562
34976767
34973321
 Daoyin Ding
35265643
35265643
35047533
34485324
34059141
32856744
32410714
 Ming Hu
37482358
37482358
37460031
37457350
37445289
37435573
37425940
37396167
37379393
37340566
37329208
37324530
37309179
37304156
37303471
37293040
37285409
37276894
37249274
37217949
37212028
 Guochao Zhu
33425960
33425960
32880390
32831151
32503812
32410714
22321927
21418869
21366943
 Weijiang Xu
36946938
36946938
36242360
35970331
35336478
33807831
32990886
32410714
31615076
30781618
30192224
28094233
27347936
27318340
26080684
25887697
25288915
24559276
23457582
22901194
22439759
 Jun Guo
37484525
37484525
37470854
37451720
37448666
37446918
37446672
37426757
37424921
37419691
37397031
37389294
37388230
37377341
37353501
37332356
37317586
37291689
37287288
37282775
37282474
 Jinglong Xu
35207981
35207981
34631686
32684216
32410714
27167001
26718633
 Haitao Yuan
37486153
37486153
37339954
37321437
37234112
37023695
36418383
36308891
36217621
36186550
36089650
35676606
35343113
35282115
35277400
35032135
34842252
34766437
34566888
34389209
34364219
 Bin Zhang
37485535
37485535
37480994
37480478
37480470
37477624
37477143
37469411
37467979
37467318
37465555
37464346
37462619
37461591
37460990
37456277
37455974
37455313
37454920
37454877
37450592
 Zhui Yu
37244049
37244049
36916341
36880237
36713335
36506549
36377459
35013321
34744697
34412742
33879732
33511146
33425960
33323819
32887670
32852385
32684211
32506258
32410714
32385999
32385987
 Dechang Chen
37481013
37481013
37366137
37362868
37185856
37126332
37059587
36902664
36868960
36836091
36789019
36785648
36777445
36581881
36567402
36469355
36443688
36355867
36103964
35934730
35924508
 Shiying Yuan
37308186
37308186
37158961
37124033
37017434
36687520
36526145
36347892
36288971
36229865
36191588
36114552
36068919
36062193
35965346
35831877
35785930
35572571
35452852
35449019
35303276
 You Shang
37308186
37308186
37260608
37197655
37158961
37124033
37017434
36789019
36785648
36649504
36569932
36567568
36567402
36526145
36473570
36405561
36341336
36195935
36191588
36114552
36103964
Fan Yang
37485956
37485956
37484086
37482600
37481646
37479649
37478163
37477811
37475500
37475340
37475047
37468483
37467914
37464978
37464794
37462971
37455372
37454609
37454285
37452910
37452374
 Shaobo Shi
37343209
37343209
37272722
37265561
37264717
36316699
36171554
35800039
35756389
35669473
35586655
35473584
35450160
35399035
35183531
34551942
34060948
34017251
33781824
33528249
33390936
 Jiling Zhu
36075520
36075520
35560184
35370642
33582903
33167094
32943842
32369209
32293741
32251805
32173150
31982625
31346995
31050917
30536065
26147907
 Jinzhi Shi
35769713
35769713
35560184
32369209
32293741
32173150
19502172
 Kai Dai
37408817
37408817
37357138
37314347
37207490
37083234
37035489
36964965
36826971
36637072
36608118
36516619
36508811
36473519
36448604
36300600
36251746
36190795
36099794
36006024
35886594
 Xiaobei Chen
37307698
37307698
36149351
35716403
35502319
35365605
35281000
35188780
34238921
33634996
33549839
33326621
33134951
33094522
32761491
32600078
32504889
32503634
32369209
32293741
32272120
Jia-Fu Wei
35981839
35981839
35428181
35369357
34876008
34156556
33134304
32716217
32648461
32400115
32354798
31943783
31784053
31221307
30174860
30174859
29915878
29039313
26121861
25664419
24380271
 Fang-Yang Huang
36911061
36911061
35464645
35369357
34156556
33747058
33279500
32716217
32583404
32540144
32354798
31468674
30777040
30670053
30215179
29611168
29343223
29310382
29260400
28846809
28597359
 Tian-Yuan Xiong
37460957
37460957
37187793
35981839
35726019
35369357
35057982
34876008
34845929
34802024
34759228
34656011
34165183
34156556
34111997
36711171
33215995
33153569
33134304
32993364
32880663
 Qi Liu
37476831
37476831
37474060
37471513
37467708
37464447
37461519
37460000
37459708
37457795
37456916
37455529
37455076
37450978
37450962
37449240
37447840
37447672
37446572
37444556
37443397
 Hong Chen
37484027
37484027
37483763
37478127
37469874
37466472
37460623
37459812
37457314
37456259
37453208
37451981
37451904
37451625
37446231
37438901
37437900
37437393
37435881
37431852
37431119
 Hui Wang
37486296
37486296
37486213
37486211
37484465
37484347
37484222
37482187
37482085
37482040
37478784
37477767
37475438
37469037
37468546
37467355
37466352
37462692
37459052
37457964
37457452
 He Huang
37483196
37483196
37480884
37477866
37471180
37467733
37467620
37457701
37455981
37443520
37443360
37441909
37440630
37438743
37435819
37432515
37423452
37417974
37417358
37415168
37409619
 Yi-Chun Luo
33978316
33978316
32354798
 Xuan Zhou
37481984
37481984
37464300
37451490
37449541
37449325
37441604
37431724
37429858
37418233
37414240
37410395
37409436
37407969
37405607
37402971
37377917
37364754
37357690
37354753
37330569
 Zhi-Yue Liu
34018376
34018376
32354798
25542228
25009394
24034106
22365400
21624333
19957612
 Yong Peng
37474537
37474537
37465928
37399992
37362267
37361169
37349502
37334345
37322987
37322866
37301197
37252044
37230817
37188282
37186344
37172005
37098738
37095991
37029185
37015629
37014433
 Yuan-Ning Xu
36607529
36607529
33370798
32716217
32354798
31943783
31221307
30189020
30079561
29915878
29246428
29118326
29039313
28318133
28248407
27890858
27279131
27026641
26871817
26856312
26809866
 Bo Wang
37484991
37484991
37481678
37480850
37478671
37476406
37474102
37466402
37466210
37460814
37457834
37457659
37456829
37452249
37451531
37450565
37449724
37447863
37442136
37442054
37433999
 Ying-Ying Yang
37154715
37154715
37059491
37055911
36922209
36794407
36750170
36748200
36727703
36612969
36529351
36490253
36252990
36219368
36181881
36150103
36052556
36036288
35918140
35761692
35761601
 Zong-An Liang
37316692
37316692
35950752
35863486
35411176
35063752
34957139
34746415
33880036
33627072
33481912
33450779
33395074
33387568
33147584
33011298
32910201
32843326
32576251
32354798
32274124
 Xue-Zhong Lei
32354798
32354798
27263300
26977165
26743253
26288635
24025134
23387213
22257755
22195247
22053372
21484140
21399926
21272456
20512414
19507592
19241166
18822390
18554990
17524264
15761978
 Yang Ge
37457738
37457738
37409621
37396381
37351215
37347494
37330495
37324591
37324188
37310225
37308709
37290028
37248231
37246213
37239162
37200506
37186968
37185833
37175248
37168358
37155528
 Ming Yang
37474981
37474981
37474136
37471191
37460575
37457925
37453633
37452017
37442770
37431683
37420977
37419160
37415611
37405921
37404673
37397931
37397494
37397446
37395097
37390196
37383398
 Ling Zhang
37484724
37484724
37483808
37483593
37483414
37481861
37480565
37475336
37467357
37464981
37462336
37461043
37456878
37455599
37455139
37453065
37451640
37450108
37449985
37446637
37437481
 Ming-Quan Zeng
32354798
32354798
 He Yu
37467344
37467344
37465123
37461115
37446737
37434851
37431803
37429502
37403303
37393724
37379009
37378543
37368614
37364385
37359006
37355390
37353771
37340206
37334187
37316317
37312514
 Kai Liu
37485977
37485977
37485963
37481805
37480003
37478980
37468474
37468192
37463860
37455502
37451219
37442345
37436585
37430125
37426975
37426215
37422684
37414857
37413979
37408357
37406950
 Yu-Heng Jia
34802024
34802024
34759228
33426006
32354798
 Bernard D Prendergast
37103475
37103475
36898706
36737171
36413595
36332908
36179905
36137742
35987887
35708463
35642966
35636831
35459727
35352803
35302495
35089136
35058295
35024822
34931612
34796878
34453165
 Wei-Min Li
37415837
37415837
36686769
36582380
36581067
36535523
36191867
36156139
35926430
35837823
35772189
35664360
35524352
35477751
35361801
35293487
34921611
34921035
34620748
34508171
34458139
 Mao Chen
37486153
37486153
37483097
37460957
37438037
37365359
37354855
37337096
37336961
37293275
37230846
37187793
37149839
37142560
37127628
37118064
37115786
37100565
37077816
37075711
37014563
