Marco Colizzi
37398597
37398597
37317558
37249942
37146625
37048764
37046942
36938122
36674143
36661630
36640413
36590602
36586617
36387000
36011210
35755492
35565034
35162515
35098254
35053844
34949568
 Elena Sironi
32503172
32503172
15913326
15769168
15005689
11980632
 Federico Antonini
32503172
32503172
 Marco Luigi Ciceri
37176501
37176501
35250650
33923582
33578752
33075011
32887253
32503172
 Chiara Bovo
34392997
34392997
33916938
33596679
33593311
33474842
33455940
33197539
33078222
32897548
32777624
32692698
32671543
32650121
32580131
32503172
32478675
32424172
32424067
32420952
32420937
 Leonardo Zoccante
37448494
37448494
37176501
36814040
36586617
36238091
35250650
35098254
34949568
34828743
34606810
33923582
33919499
33578752
33572131
33182491
33075011
32887253
32503172
32313886
30335415
Wen Yan Jiao
32248989
32248989
19695200
 Lin Na Wang
37474626
37474626
37336823
37020418
36471936
36217562
34655603
32248989
30802819
30668999
29161817
28825831
26073328
25967589
25691394
25331616
24791803
24760556
23157838
22963993
22914681
 Juan Liu
37482549
37482549
37479689
37475705
37475327
37468948
37455149
37454530
37437740
37421663
37406420
37403099
37399993
37386460
37381266
37381265
37372537
37372223
37366717
37359533
37348874
 Shuan Feng Fang
34055856
34055856
34020731
32248989
 Fu Yong Jiao
36946156
36946156
36544409
36544408
35527405
33691912
33328008
32669159
32445647
32248989
28920356
26163046
23965892
21624285
19695200
19650984
18696285
17083801
16083570
 Massimo Pettoello-Mantovani
37329977
37329977
37244574
37182658
37182656
37120131
36669589
36669588
36586742
36550775
36509159
36501205
36228682
36062439
35940291
35927380
35912792
35853484
35740762
35714964
35533744
 Eli Somekh
37268556
37268556
37182656
36669589
36586742
36228682
35493128
35413296
35062735
34973285
34876672
34874581
34848191
34817318
34673088
34564695
34536493
34491353
34468731
34384794
34224744
Shuang-Jiang Zhou
37193215
37193215
37077708
36719632
36343783
36172081
35747102
35244179
34421725
32836185
32753347
32363492
31736796
29120844
28342226
24840156
23263459
22105219
21621196
20937331
20738730
 Li-Gang Zhang
37099179
37099179
36921682
36832683
36343783
35860242
35747102
34421725
34418127
32993584
32965686
32862457
32836185
32753347
32363492
32255522
31788984
31736796
31233226
30604696
29120844
 Lei-Lei Wang
37256698
37256698
37193215
37077708
36947961
36866059
36750409
36719632
36713672
36614311
36598679
36586703
36423704
36346196
36343783
36070640
36068756
36063295
35569359
35535734
35254903
 Zhao-Chang Guo
32836185
32836185
32753347
32363492
 Jing-Qi Wang
36562516
36562516
35244179
32836185
32478878
32363492
31484669
30168959
29965252
29965141
28269979
26665682
25911286
25597174
24524254
23441449
22860634
19157229
 Jin-Cheng Chen
36471947
36471947
35465430
32836185
32363492
29945368
29945366
29945365
29902900
16149000
 Mei Liu
37481444
37481444
37477163
37468083
37457591
37456244
37455581
37449799
37449637
37422178
37415391
37408008
37405001
37393903
37390643
37388782
37387602
37372391
37364453
37334766
37324712
 Xi Chen
37484672
37484672
37481670
37481212
37481118
37479695
37479091
37478437
37476496
37474893
37474626
37474620
37471703
37468971
37468021
37467161
37463894
37463654
37462605
37461253
37461031
 Jing-Xu Chen
37193215
37193215
36719632
36343783
36172081
35747102
35244179
34975554
34421725
33737809
33162916
33061925
32993584
32836185
32753347
32363492
31788984
31736796
29120844
25981348
24385309
Xi Liu
37468739
37468739
37465180
37460815
37452371
37434332
37422930
37410398
37396285
37387572
37382762
37382631
37365793
37352607
37349289
37344372
37319356
37307614
37307580
37294847
37293144
 Wen-Tao Luo
36531308
36531308
33261654
32903228
32471513
30325146
28970171
24697058
 Ying Li
37486125
37486125
37482441
37481007
37477425
37477274
37476832
37475448
37473538
37473529
37468488
37465180
37465027
37464393
37460171
37458807
37457005
37456831
37456760
37456164
37454845
 Chun-Na Li
34764624
34764624
33984737
32903228
32877341
32471513
31094696
28651080
25721558
 Zhong-Si Hong
32903228
32903228
32471513
32420751
32169119
27614452
25233668
 Hui-Li Chen
32471513
32471513
31631786
31607288
26258138
25673191
25605193
23230742
21720768
21618104
21580419
19567110
19567109
19462905
18953874
18452157
17436081
17229154
17006648
16467879
16411021
 Fei Xiao
37465643
37465643
37447485
37419218
37408685
37378451
37368492
37364295
37353890
37352568
37349285
37337223
37293853
37287467
37258573
37250086
37234109
37191575
37189219
37183444
37183299
 Jin-Yu Xia
37098367
37098367
33261654
32903228
32471513
32420751
27781231
15644154
Benjamin Oosterhoff
36989065
36989065
36669969
36358015
35613458
35602574
35587409
35508763
35507238
35256239
35002184
34658613
34461149
34436941
34431517
34338382
34328345
34284315
34244922
34217696
33969868
 Cara A. Palmer
36331805
36331805
36048429
36046006
35613458
35513977
35435538
35256239
34366538
34338382
34244922
33130179
32978115
32621796
32597925
32487491
32331621
31915115
31535437
31153800
30953891
 Jenna Wilson
37467074
37467074
37399110
36893325
36791727
36744116
36706069
36646399
36595616
36580049
36527589
36394250
36331346
36147455
36103023
36076147
35994699
35988161
35963491
35895117
35858717
 Natalie Shook
36706069
36706069
36669969
35693044
35507238
35002184
34854352
34531801
34087628
33913785
33573467
33316323
33291948
33262926
33231036
32890205
32817714
32530298
32515057
32487491
32345448
