Marcello Covino
37475841
37475841
37458581
37445476
37407898
37370355
37331563
37283508
37189762
37119081
37111513
36983588
36979685
36786263
36740934
36614856
36414876
36384245
36362592
36362106
36331707
 Giuseppe De Matteis
37370355
37370355
37331563
37119081
36614856
36268000
36233655
35799126
35659885
35274027
35206999
35120978
35054133
34987292
34768490
34656179
34364846
34256032
34216379
34209605
34126911
 Maria Livia Burzo
36614856
36614856
35054133
34216379
33676091
33669753
33426636
33389448
33197278
33022124
32815618
31823127
31573705
29390335
 Michele Santoro
37353235
37353235
37160334
36978500
36830363
36825373
36823678
36807730
36673691
36578513
36300660
36233391
36212041
36053618
35867669
35805212
35675091
35652051
35551511
35351164
35217704
 Mariella Fuorlo
33970428
33970428
33345764
33022124
32798003
31054020
26512552
26447995
25661101
24811562
 Luca Sabia
36233391
36233391
34261956
33710167
33710165
33399306
33022124
32918985
32516861
32409204
32228642
31764583
30531842
29931554
25791260
 Claudio Sandroni
37331563
37331563
37246500
37078623
37076861
36762679
36736487
36600432
36521684
36434649
36378814
36375653
36336195
36325925
36325905
35925321
35914656
35773500
35659885
35471582
35411492
 Antonio Gasbarrini
37484874
37484874
37476588
37475841
37458581
37445399
37444534
37444503
37443746
37443663
37432351
37394958
37374225
37373934
37370970
37370812
37370753
37370387
37370355
37339849
37331563
 Francesco Franceschi
37475841
37475841
37445476
37444534
37407898
37374225
37370355
37331563
37301479
37189762
37120664
37119081
37115472
37111513
37111158
37108280
37035616
36983588
36979685
36851251
36804460
 Giovanni Gambassi
37110200
37110200
36924619
36851251
36764340
36679996
36614856
36506660
36359233
35772651
35751742
35214752
35054133
34986766
34385245
34353705
33678179
33591541
33389448
33200344
33147686
Zheyong Huang
37282826
37282826
36573618
36555907
36266658
35547765
35525963
35447403
35295252
35004868
34527313
34344170
34293701
34137511
33962571
33931019
33840738
33826509
33664870
33391533
33344564
 Jiatian Cao
37301590
37301590
36849103
36573618
36555907
35295252
34527313
33962571
33840738
33826509
33145338
32863952
32665858
32395474
32329388
32103945
30171903
29435054
29084692
28393190
28334721
 Yumeng Yao
36532674
36532674
36517824
36435405
36099702
34886676
34805474
34728876
34527313
34430696
34368065
33437817
33145338
33145284
32898669
32885999
32863952
32665858
32395474
32250726
30423048
 Xuejuan Jin
35523066
35523066
35186959
34911029
34564708
34362744
34348647
34156465
33627173
33590834
33145338
32596650
32395474
32388749
31994361
31781521
31562148
31508483
30993258
30189905
29704682
 Zhe Luo
37189085
37189085
37083122
37046203
36959535
36817486
36793138
36759765
36744133
36673134
36555382
36530987
36406474
36401235
36332815
36308457
36160936
36160169
36155398
36051762
36030778
 Yuan Xue
37438997
37438997
37438835
37381061
37302049
37280048
37273512
37261640
37226233
37183556
37140180
37128744
37125783
37092532
37078919
37076001
37058840
37038132
37033461
36992940
36991601
 Chouwen Zhu
37244049
37244049
34527313
33553303
33437817
33192686
33145338
33123476
32863952
32395474
31372866
30308491
27999971
24861919
21120588
18073082
15132875
12439934
 Yanan Song
37467485
37467485
37461570
37208948
37038049
36995566
36970612
36968182
36895330
36744960
36573618
36562346
36555907
36548566
36515635
36482916
36476342
36464456
36403161
36388796
36378531
 Ying Wang
37486669
37486669
37484811
37484016
37482970
37481959
37479506
37479118
37478399
37477876
37476048
37474573
37474059
37471226
37470370
37467992
37464943
37464741
37464416
37464316
37464276
 Yunzeng Zou
37402419
37402419
37397866
37103052
36824459
36712248
36625783
36448459
36121273
36105283
36060302
36018423
35886059
35739093
35547765
35483224
35330931
35184412
35062863
35047577
35045729
 Juying Qian
37442353
37442353
37402419
37373547
37332480
37269269
37215106
37164601
37072419
37042471
37025865
36929292
36924003
36808235
36697195
36670441
36573618
36555907
36503252
36480798
36448462
 Kaihuan Yu
37318676
37318676
37263585
36643043
36308411
35879877
35591758
35572983
35300146
34527313
34277055
33711813
33598468
33553303
33226958
33145338
35117280
33090710
32863952
32665858
32395474
 Hui Gong
37474638
37474638
37453056
37402419
37377116
37362386
37346398
37342702
37336412
37333614
37330498
37327056
37311832
37301978
37290284
37280580
37255592
37236047
37224775
37221488
37216109
 Junbo Ge
37486153
37486153
37471710
37453536
37442353
37423564
37408796
37402419
37400933
37380233
37376028
37373547
37339164
37332480
37310417
37303238
37301827
37301590
37294456
37282826
37269269
Katherine W Lam
32702098
32702098
29742549
 Kenneth W Chow
37312756
37312756
37119376
35486203
33435706
33085780
32702098
 Jonathan Vo
32905150
32905150
32702098
32472756
30609977
22513742
 Wei Hou
37481163
37481163
37465295
37460041
37443440
37415128
37390091
37382270
37367765
37342565
37331473
37309066
37308156
37270638
37254311
37237762
37219709
37126308
37119503
37111499
37093556
 Haifang Li
37476839
37476839
37396636
37062244
36980414
36972412
36846727
36826387
36727171
36658721
36542088
36528211
36442309
36387328
36382059
36267237
36242040
36194918
36049215
35835230
35731366
 Paul S Richman
34397301
34397301
33252572
33194455
32730358
32702098
34457632
31057965
30810513
26507641
24701309
16540957
16100180
 Sandeep K Mallipattu
37131278
37131278
36800545
36703524
36181578
36093355
35483525
35373118
34957485
34900859
34702781
34634362
34516901
34515062
34255046
34074766
33469592
33378401
33345195
33319191
33171466
 Hal A Skopicki
36294701
36294701
34798650
34605919
34346182
33985688
33779032
33219551
32702098
32628354
32198317
32134791
27856497
27179733
26479144
23164419
16317387
15781736
14998617
12356342
 Adam J Singer
37455553
37455553
37308268
37220658
37037160
37027957
36980414
36874480
36718485
36614835
36589697
36408352
36348509
36242040
35980415
35892185
35764058
35519269
35434709
35332207
34956041
 Tim Q Duong
37295808
37295808
37254311
37051049
36997539
36980414
36857969
36855317
36841898
36719540
36702551
36649274
36611411
36607982
36536730
36412691
36381885
36302251
36289394
36249638
36242040
Xiulan Liu
37469514
37469514
36451436
34903765
34738481
34229223
34094044
33394360
33355217
32897543
32779755
32687223
32446312
32253759
32221075
32065477
31729889
31185420
31966539
29039958
28880262
 Yi Liu
37486121
37486121
37485811
37485679
37485474
37485253
37483541
37475356
37475232
37474984
37474537
37474470
37466500
37464580
37462463
37462120
37460318
37460023
37459008
37456670
37455733
 Keliang Chen
37381843
37381843
37209400
37182878
36970201
36947853
36911934
36861369
36860629
36858338
36857887
36208187
36195041
36189590
36162460
36036174
35935359
35857319
35753251
35590352
35275550
 Suying Yan
37358700
37358700
37268749
37081962
36760372
36740694
36694126
36518661
36352365
36340784
36168639
36117308
35776157
35739472
35212907
35187968
35181942
35002709
34663703
34643858
34304506
 Xiangrong Bai
36660042
36660042
36168639
34643858
33195637
32687223
32547113
29405898
19953488
19756559
17883957
 Juan Li
37486698
37486698
37485797
37480257
37479719
37477757
37473595
37470925
37470380
37469278
37467020
37463531
37462995
37459548
37457390
37457181
37455673
37455330
37451191
37451190
37450312
 Dong Liu
37485651
37485651
37481951
37479168
37478835
37476414
37475723
37471253
37468984
37464891
37457493
37456744
37450969
37449204
37446710
37439870
37429454
37426135
37418736
37408798
37400817
Juan Meng
37481187
37481187
37447109
37442136
37335034
37313579
37253515
37240174
37206327
37091892
37041033
37024923
37019094
36951669
36879786
36873951
36630143
36582444
36463623
36305139
36292598
 Guohui Xiao
37310413
37310413
36906928
36871142
36672374
36645136
36497204
36253713
36129834
36089199
35951454
35804301
35535860
35420800
35196800
35158209
37192986
34925356
34693372
34532823
34489398
 Juanjuan Zhang
37450883
37450883
37429455
37421459
37419212
37397781
37340419
37247402
37223100
37187680
37097224
37091695
37082200
37064677
37006711
37006710
37006708
36987573
36950328
36921717
36864651
 Xing He
37486074
37486074
37442505
37401460
37327273
37321979
37241289
37238565
37164879
37163827
37138645
37132926
37128470
37113743
37034104
37032566
37015529
36981373
36921729
36913835
36877316
 Min Ou
37415310
37415310
37382506
36985466
36349515
36253713
35534250
35245883
35196800
35185554
35158209
35156024
35153793
37192986
34925356
34901385
34822724
34775693
34547490
34179346
34139206
 Jing Bi
37384221
37384221
37249975
37095176
37045848
36937284
36892051
36632708
36602704
36587417
36564908
36542062
36514218
36509381
36504040
36471835
36467038
36407870
36406454
36295388
36278190
 Rongqing Yang
36928222
36928222
33078709
32755366
32228222
32088243
31491435
22540008
18521708
 Wencheng Di
37218681
37218681
37101253
34332862
34040166
32562427
32502492
32228222
31182014
30759345
29691591
29388552
29196237
29129519
29088824
28977988
28965871
28880375
28795196
28683134
28274852
 Zhaoqin Wang
37382506
37382506
36817921
36691434
36441384
36337584
36253713
36174356
35694543
35534212
35196800
35158209
35114338
35069497
37192986
34975844
34925356
34708638
34668726
34659440
34547490
 Zigang Li
37456739
37456739
37448811
37260266
37227932
37208618
37138780
37001133
36934526
36871156
36741507
36680333
36318615
36279536
36169233
36047060
36044768
35919717
35761049
35670622
35546524
 Hong Gao
37477228
37477228
37474867
37444310
37441493
37432892
37431213
37333963
37330093
37327511
37315670
37313579
37308423
37296072
37275647
37270931
37266413
37262161
37262156
37262146
37259829
 Lei Liu
37483430
37483430
37481946
37481151
37478720
37478163
37477871
37475708
37463541
37463020
37461770
37461391
37461207
37449199
37448746
37441237
37438872
37436938
37434986
37432456
37426132
 Guoliang Zhang
37436365
37436365
37392283
37384014
37382506
37328384
37318914
37288343
37277438
37264053
37215837
37210457
37130168
37059987
37057875
37048334
37007487
37003868
36990764
36977982
36925483
