Kenneth A. Egol
37443435
37443435
37443434
37439888
37402227
37383856
37302871
37279163
37219687
37217401
37199438
37184596
37122587
37090363
37088016
37052595
37020155
36966966
36946551
36862986
36820814
 Sanjit R. Konda
37443437
37443437
37443435
37443434
37439888
37383856
37302871
37279163
37217401
37184596
37122587
37090363
37088016
37051831
37020155
36966966
36821447
36734647
36729658
36727962
36703257
 Mackenzie L. Bird
36580586
36580586
34952544
34844258
34116406
33246446
32815845
32482976
32049692
31954959
31213104
29721690
28836467
 Nicket Dedhia
35179635
35179635
35039033
35021025
34417648
34369455
34111038
33967226
33868763
33680532
33643678
33315806
32815845
32482976
32349026
30937899
27241260
25840035
 Emma K. Landes
37265242
37265242
35980539
34999901
34797782
32815845
32482976
 Rachel A. Ranson
37003459
37003459
35179635
34111038
33967226
33868763
33643678
32815845
32482976
 Sara J. Solasz
37020155
37020155
36703257
36149946
35838574
35838572
35838570
35838567
35838565
35838562
34545463
32815845
32691617
32482976
 Vinay K. Aggarwal
37393962
37393962
37353111
37343280
37254215
37236286
37236283
37200334
37068565
37040822
36828050
36812749
36420301
35800126
35725586
35717341
35688441
35442925
35412501
35342780
35234592
 Joseph A. Bosco
37099163
37099163
36736933
36593366
36403949
36403946
36113953
36030448
35987495
35598763
35533825
35283232
35272369
35234592
34247872
34081884
34081881
33840539
33720908
33679024
33560264
 David L. Furgiuele
36820814
36820814
36403955
36253914
34963364
33618955
32815845
32482976
 Abhishek Ganta
37443437
37443437
37443435
37443434
37439888
37383856
37302871
37279163
37219687
37184596
37122587
37090363
37088016
37052595
37020155
36777131
36729658
36727962
36703257
36569112
36534869
 Jason Gould
35696684
35696684
34369456
34311957
32815845
32482976
26859391
19643331
18602557
18023186
 Thomas R. Lyon
36593366
36593366
34999901
32974077
32815845
32482976
16818967
 Toni M. McLaurin
36922264
36922264
36728383
36534848
35234587
34999901
34746653
33616766
32910629
32815845
32482976
31290822
29985897
26630473
25627622
25150333
24032589
24032588
21577157
21464744
19385523
 Nirmal C. Tejwani
37219687
37219687
37122587
37071879
37020155
37016481
36966966
36946551
36728383
36253914
35254789
34999901
34932526
34799026
34746653
34552413
34169024
34025057
33616766
33438907
33089334
 Joseph D. Zuckerman
37348780
37348780
37279457
37259565
37224916
37200333
37101887
37101870
37017591
36911783
36911781
36867681
36820438
36804026
36736657
36736654
36736652
36731625
36681107
36681103
36622420
 Philipp Leucht
37439888
37439888
37383856
37219687
37217401
37199438
37156345
37122587
37093268
37052595
37051831
37020155
36966966
36946551
36912250
36534889
36517283
36494860
36476213
36253914
36114875
Drake G. LeBrun
37358484
37358484
37182588
36995292
36963533
36864185
36455099
36332890
36263277
36047458
35916754
35846259
35675566
35645638
35494287
35347376
35341926
35240282
35195551
34870951
34692960
 Maxwell A. Konnaris
36776512
36776512
35277196
34522445
32675661
32516279
32482977
32452208
 Gregory C. Ghahramani
34522445
34522445
32516279
32482977
32083717
 Ajay Premkumar
37380143
37380143
36878439
36868329
36868299
36279987
36258781
36258048
36050802
36034039
35776176
35750151
35283229
35272368
35189289
35172819
35113821
34910697
34714784
34580568
34537353
 Chris J. DeFrancesco
34522445
34522445
32482977
 Jordan A. Gruskay
37462690
37462690
36942740
36322393
35127422
34522445
34227603
34090569
33373465
32659820
32516279
32482977
32131099
32017760
31365447
30624306
30531226
28697092
25379754
24979140
24718069
 Aleksey Dvorzhinskiy
34522445
34522445
34345576
34326897
33388889
33380953
32952466
32516279
32482977
31762353
31134373
30540670
29461397
31411437
26135074
23377943
 Milan S. Sandhu
34522445
34522445
32482977
 Elan M. Goldwyn
34522445
34522445
32482977
29398999
24579208
23672891
 Christopher L. Mendias
37261735
37261735
36747837
35881579
34522445
34138667
33438210
32877217
32675661
32664808
32516279
32482977
32463804
32452208
32167837
32083717
31944888
31782241
31696955
31536390
31343771
 William M. Ricci
37319362
37319362
37294617
37232097
37081696
36862989
36729919
36503839
36026544
35605145
34602250
34580568
34522445
34406432
34227603
33961522
33935194
33813546
33771961
33760010
32624381
Amit Thakrar
33613008
33613008
33225288
33215120
32815846
27102415
31098156
24711468
23616319
 Karen Chui
36196309
36196309
33547220
33225288
33215120
32815846
30505427
25893177
 Akhil Kapoor
37327761
37327761
36819802
36756109
36756103
36654881
36620501
36588605
36466971
36242748
36072236
35972844
35919231
35833045
35802838
35719994
35462658
34824610
34734982
34568222
34568037
 John Hambidge
34603956
34603956
32815846
24781605
26734300
