Silvia Maffoni
34198781
34198781
33805291
28587698
 Silvia Brazzo
33805291
33805291
32548994
30375810
30353206
30066589
27394723
26058266
25481940
23614329
21114058
19040123
17886773
 Rachele De Giuseppe
37273003
37273003
37267657
37123387
36965240
36602771
36144214
35923411
35745153
35631175
35565739
35277050
35252175
35211851
34959805
34574636
34224980
34198781
34071499
33926597
33917857
 Ginevra Biino
37237109
37237109
36596879
36575460
36360413
36224396
35931049
35716955
35697829
35565739
34887591
33830181
33805291
32665534
32193507
31673082
31578528
31221261
31154530
31152163
30661682
 Ilaria Vietti
33805291
33805291
 Cristina Pallavicini
37074559
37074559
33805291
33068274
24936565
23526236
 Hellas Cena
37457676
37457676
37273003
37242291
37238352
37123387
37074559
36771409
36678214
36602771
36436144
36360413
36144214
35886152
35875979
35799580
35745153
35565739
35277050
35252175
35211851
 Emma Ruiz Moreno
36230628
36230628
35774550
34836003
33923258
33743289
32260135
28000455
27491584
27491582
27491581
25719768
Jaideep khare
35873945
35873945
33419712
32858474
28731018
 Sushil jindal
36876281
36876281
35185350
33419712
33247664
32858474
32207446
31981212
26180757
25364670
24404488
24251218
24251208
24251186
24251167
24251146
22050271
25205952
25205894
22798448
22791863
Sithum Munasinghe
36814374
36814374
35395323
35329072
34996305
34854795
33109673
33099413
33032444
32508982
29703852
29562877
32995188
29041985
28755619
28701838
 Sandro Sperandei
36660174
36660174
36353997
35329072
35138153
34996305
34758758
34693551
34501622
34357405
34272642
33939880
33864297
33334117
33147401
33099413
33052914
32915244
32825993
32703003
31724768
 Louise Freebairn
37195575
37195575
36612375
35735905
35690833
35682058
35573322
35462553
35452462
35409697
35162491
35129446
34721120
33324266
33203438
33099413
32475837
31247006
30541523
30024043
29051984
 Elizabeth Conroy
36877700
36877700
36385705
36303476
36221107
35998196
35317763
35135474
35100923
34595795
34402954
34065689
33925996
33397459
33099413
32745345
32657919
32460815
32372661
32357856
32238262
 Hir Jani
33099413
33099413
32967161
 Sandra Marjanovic
33099413
33099413
 Andrew Page
37285189
37285189
37274430
37166834
37070158
36962126
36745545
36710228
36707851
36660174
36554503
36546605
36462250
36421312
36409097
36385705
36353997
36231541
36113099
36108049
36106404
Rachel G. Curtis
36864397
36864397
35597918
35501981
34931997
34836296
33657182
33413247
33297456
33023559
32842146
32673246
32282332
31959326
31924171
31918406
31162130
30334457
27756059
27317692
26424833
 Timothy Olds
37362948
37362948
37353578
37322451
36918954
36859292
36796860
36504624
36191833
36070284
35868813
35501981
34991606
34987038
34408256
34398963
34385290
33771915
33757454
33657182
33641453
 Ty Ferguson
36918954
36918954
36859292
36796860
35950961
35868813
34931997
34694005
34256712
33657182
33413247
25890168
 François Fraysse
 Dorothea Dumuid
37362948
37362948
37322451
37277854
37054659
36918954
36866486
36859292
36815545
36796860
36750838
36693050
36504624
36321764
36191833
36070284
35975806
35950961
35886629
35868813
35754272
 Adrian Esterman
37370825
37370825
37313487
37115787
36918954
36912120
36859292
36842996
36779467
36602775
36497834
36424510
36367267
36353842
36224742
36098395
36089417
36037362
36008652
35916637
35833207
 Gilly A. Hendrie
37358890
37358890
37304848
36973716
36618675
36565850
36495892
36458692
36273815
36261800
36210777
35406130
35276866
34959866
34915107
34359537
34096869
33805454
33657182
33622458
33618787
 Wendy J. Brown
37367634
37367634
37349084
36916717
36811390
36604155
36560920
36361159
36288344
36271338
36084030
35776100
35418334
35364346
35293141
35220369
35044318
34788426
34627214
34531124
34373903
 Rajini Lagiseti
34256712
34256712
33657182
33413247
 Carol A. Maher
37209933
37209933
36864397
36831593
35501981
35392875
34931997
34836296
34476890
34256712
33657182
33413247
33413209
33297456
33023559
32673246
31959326
31104544
30563808
29669703
29157152
 Stephanie Prince Ware
Idoia Imaz-Aramburu
36806648
36806648
34200390
 Ana-Belén Fraile-Bermúdez
 Batirtze San Martín-Gamboa
 Silvia Cepeda-Miguel
36806648
36806648
34200390
 Borja Doncel-García
 Ainhoa Fernandez-Atutxa
36806648
36806648
35953301
34915109
34864612
34781189
34200390
33907242
29320446
 Amaia Irazusta
36860716
36860716
36806648
36612378
34200390
31398885
31014337
30025471
24379520
23318578
23046359
17530968
16552945
15966341
14614258
 Idoia Zarrazquin
36860716
36860716
36806648
35339954
34835971
34200390
31595289
31398885
29326087
29320446
26439783
23046359
21937126
21185091
 Simona Bo
37375644
37375644
37029427
36842958
36615883
36566610
36432422
36296977
35807750
35654937
35268086
35215445
35160313
35045351
34836273
34706470
34702864
34579025
34134001
34110598
34069656
