Yan Chen
37481960
37481960
37481690
37480968
37480677
37478561
37477007
37470449
37470039
37464547
37462338
37460321
37456823
37454068
37443085
37435773
37434845
37429795
37429120
37424037
37423952
 Hua Peng
37480750
37480750
37192653
37144154
37076455
37046236
37007204
36969001
36856510
36775622
36762248
36745970
36614948
36588119
36516529
36328174
36316098
36176912
36165896
36156961
36115410
 Lin Wang
37484291
37484291
37483972
37483544
37478761
37474484
37474360
37473479
37466197
37463541
37461124
37459543
37455913
37454500
37454221
37450461
37450184
37445734
37436951
37430555
37430553
 Yin Zhao
37486591
37486591
37481576
37424241
37396067
37395713
37332598
37329755
37318439
37317862
37292032
37291508
37261387
37234746
37191369
37131426
37131064
37120593
37056213
37044150
37041050
 Lingkong Zeng
35747986
35747986
35433535
34112134
33844176
33740237
33713586
33554094
33070148
32915771
32687556
32669164
32266184
32215598
32204755
30111469
29599892
29335076
29257348
28641648
21505996
 Hui Gao
37450180
37450180
37449320
37449299
37447807
37446909
37437404
37418199
37407519
37398165
37391081
37384933
37378720
37374510
37348219
37346582
37330115
37328481
37324919
37317862
37315614
 Yalan Liu
37484456
37484456
37432957
37359523
37297331
37295496
37249149
37242290
37192653
37144154
37082184
37032049
37013593
36996915
36966136
36938455
36881962
36764258
36758114
36752630
36699850
Suliman Khan
37198333
37198333
37101280
37099551
37060978
37032735
36958926
36727091
36582489
36539921
36505741
36408517
36395949
36387236
36091154
36003396
35924150
35880319
35864190
35837901
35782389
 Liangyu Peng
36153812
36153812
35709590
35255943
34512303
34181703
32279693
31312398
31152941
30987515
30045011
29453974
28119310
27224019
26781424
25744834
25318682
23582221
23208378
22768159
21550593
 Rabeea Siddique
36582489
36582489
36505741
35221605
35053024
35002519
34603792
34112057
34026739
33379031
33320615
33314732
33064630
32844690
32788835
32741731
32703895
32504848
32437231
32355556
32279693
 Ghulam Nabi
37373673
37373673
37286770
37211695
37160401
37048688
36970674
36904673
36880561
36787226
36726457
36671583
36582489
36576735
36505741
36501119
36364279
36362447
36332099
36300825
36206669
 NULL Nawsherwan
 Mengzhou Xue
37396506
37396506
37342770
37245745
37137522
37118444
37032735
36805410
36671413
36605805
36591809
36582489
36560555
36511118
36505741
36408517
36119117
35892330
35782389
35782383
35721316
 Jianbo Liu
37459604
37459604
37454530
37423278
37350058
37257783
37227932
37140187
37138452
37104061
37071690
37065133
37006504
37005229
36981631
36975782
36913812
36908048
36888569
36864362
36848964
 Guang Han
37351514
37351514
37342697
37109338
37105304
37069768
37049083
37040652
36963443
36923087
36876444
36872566
36789554
36627209
36527338
36500977
36367053
36360125
36300801
36114804
35903535
Nan Yu
37438298
37438298
37391450
37346668
37312395
37306591
37140426
37101721
37077283
37055752
36933709
36881010
36847056
36822128
36801356
36790105
36730964
36700230
36686900
36609030
36603779
 Wei Li
37483541
37483541
37482369
37482006
37480440
37480118
37480108
37477650
37476614
37475712
37471710
37470677
37469204
37468964
37468168
37467972
37467944
37467664
37467467
37465161
37464415
 Qingling Kang
34615838
34615838
33640831
33571845
32894803
32333848
32279029
32220284
31945710
30128867
29758548
 Zhi Xiong
37293644
37293644
37112417
37085732
37025171
36937552
36816481
36502173
36440378
36274682
36256040
36236576
36146223
35808517
35594452
35265099
34947962
34883992
34655339
34143076
33641236
 Shaoshuai Wang
37405607
37405607
37315757
37313416
37089137
37023315
36966813
36830449
36786722
36706919
36635875
36632752
36572390
36498370
36473460
36351355
36341225
35967778
35457748
35364512
35223881
 Xingguang Lin
36572390
36572390
35757768
35535759
35151929
34598084
34305916
34291856
34178376
34018998
33259038
32750000
32220284
32219626
29245338
28562334
28544191
27881705
27731345
27690224
27682871
 Yanyan Liu
37480689
37480689
37480570
37465127
37464682
37458394
37447485
37438271
37434052
37386437
37356067
37315161
37311641
37292259
37277441
37272820
37256185
37245270
37228442
37216885
37199064
 Juan Xiao
37477784
37477784
37474926
37451379
37421505
37415956
37375901
37321094
37310645
37304475
37250053
37187473
37173661
37157065
37016022
36929463
36846148
36794671
36706589
36700038
36670396
 Haiyi Liu
37435813
37435813
37336333
36923135
36896558
36858331
36763978
36725619
36647966
36606863
36572390
36570836
36212713
36118166
35757768
35364512
35223881
35151929
34997351
34326311
34061060
 Dongrui Deng
37215495
37215495
36602560
36572390
36118166
35711925
35535759
35223881
35151929
34598084
34305916
34291856
34178376
34018998
33877551
33744280
33655955
33193619
33173591
32894803
32458338
 Suhua Chen
37413743
37413743
37301074
37215495
37156185
37098081
37004992
36616402
36602560
36572390
36406255
36096041
36093255
36033326
36006582
35779750
35765423
35741969
35711925
35700647
35621950
 Wanjiang Zeng
37215495
37215495
36602560
36572390
36211467
35757768
35711925
35223881
35151929
34484234
34018998
33877551
33711433
33655955
33395947
33193619
32894803
32750000
32333848
32220284
32219626
 Ling Feng
37483385
37483385
37468540
37466348
37457093
37443519
37425269
37405607
37330569
37315757
37310833
37309629
37288344
37275371
37235034
37215495
37083919
36966813
36868062
36849899
36845097
 Jianli Wu
36721030
36721030
36572390
36430644
36343504
36281144
36158135
35866831
35669367
35514346
35273140
35208813
35151929
34615838
34299202
34294679
34291856
34224025
34117939
34018998
33707306
Nicoletta Vendola
32878687
32878687
32867328
 Viviana stampini
34252178
34252178
34210276
34096693
32878687
32315127
32199294
31780014
 Roberta Amadori
36779935
36779935
35950331
35182821
34210276
34137568
34096693
32878687
32315127
32199294
32064826
31780014
28617262
25480389
23490537
22840316
 Martina Gerbino
34671176
34671176
34210276
32878687
30103519
30066252
28279626
28114169
27604074
27649693
27072828
 Annalisa Curatolo
32878687
32878687
 Daniela surico
36960249
36960249
36779935
35950331
35182821
34910391
34671176
34636969
34312725
34277668
34210276
34137568
34096693
32878687
32330379
32315127
32199294
32170875
32064826
31996047
31780014
Siyu Chen
37482545
37482545
37475325
37467339
37463878
37462997
37462901
37441065
37440121
37437134
37436371
37425213
37410726
37403450
37399616
37398380
37389935
37379947
37347357
37346777
37342704
 E. Liao
37481602
37481602
37481137
37480973
37478454
37475877
37471210
37470681
37467633
37467098
37465923
37462027
37459447
37459307
37457799
37457309
37455745
37454729
37452534
37449779
37449540
 Dongmei Cao
37149935
37149935
36776599
36776148
36525607
36288554
36281082
36243134
36240231
35814699
35606397
35250703
35237647
35230535
35084960
34970582
34568788
34568402
34074335
33991064
33845298
 Ying Gao
37486696
37486696
37485040
37469789
37458182
37454269
37454147
37442185
37436951
37434675
37419408
37409015
37406874
37393391
37392895
37392195
37376130
37367548
37338907
37318703
37313528
 Guoqiang Sun
37271923
37271923
37128813
37060524
37056856
37037297
37033783
37006942
36948563
36938832
36933008
36929025
36921027
36889411
36855288
36829486
36787938
36607586
36600662
36581952
36572390
 Yong Shao
37450122
37450122
37361470
37358295
37313849
37296181
37262187
37262173
37262161
37262156
37262154
37205491
37134013
36745842
36679445
36657870
36629144
36525236
36482374
36312491
36263663
