Wei-jie Guan
37377656
37377656
37349537
37161410
37143843
37038356
37005365
36949966
36731904
36707228
36463140
36435264
36334726
36323380
35896532
35863486
35789796
35788298
35431398
35415184
35401988
 Zheng-yi Ni
32269086
32269086
32217650
32109013
29270742
28196469
26770443
25532347
19080568
 Yu Hu
37483428
37483428
37474589
37469329
37458465
37455405
37387456
37383704
37382653
37375813
37356744
37348791
37348711
37340322
37338773
37336233
37332931
37332092
37305484
37304546
37293221
 Wen-hua Liang
36463341
36463341
35529784
35070748
34350256
34249693
33972215
33684635
32922551
32341104
32269086
32217650
32109013
26420475
26265236
25684486
25227859
22432756
20885962
 Chun-quan Ou
37273056
37273056
37231511
36630176
36563486
36480259
36472963
36298452
36262223
35497987
34986169
34925066
34663285
34545525
34247007
33964914
33623129
33589602
33184424
33061340
32895296
 Jian-xing He
37453674
37453674
37316692
37092136
36441397
35529784
35431398
35416686
35221789
35070748
34742287
34676091
34350256
34086187
33684635
33209449
33128699
33122591
33052556
32900484
32363045
 Lei Liu
37483430
37483430
37481946
37481151
37478720
37478163
37477871
37475708
37463541
37463020
37461770
37461391
37461207
37449199
37448746
37441237
37438872
37436938
37434986
37432456
37426132
 Hong Shan
37470182
37470182
37466648
37392683
37375039
37321327
37250155
37215991
37209953
37192555
37145165
37067505
36875610
36861200
36852185
36812312
36797661
36620304
36183166
36076805
36067000
 Chun-liang Lei
35676810
35676810
35398501
32910179
32406576
32269086
32217650
32109013
30066945
27956805
23855133
22919746
22152253
20979782
20128961
19799020
19799011
18574539
17971947
17971943
17653306
 David S.C. Hui
37469595
37469595
37469451
37321617
37245544
37230106
37020833
36876655
36752709
36751398
36721738
36652990
36357381
36271047
36065624
36031687
35926878
35670259
35618731
35603297
35551155
 Bin Du
37460182
37460182
37446766
37403229
37377187
37330646
37316297
37299368
37232910
37231341
37216192
37199881
37182534
37177158
37125468
37116242
37116228
37113396
37099908
37087945
37054484
 Lan-juan Li
37433872
37433872
36361574
36151023
35978827
35098177
34844617
34303609
34222485
33959221
33810987
33728315
33594193
33203355
33186134
33177795
33093629
33067215
32902336
32902232
32641121
 Guang Zeng
37406638
37406638
37400442
37374609
37364058
37340794
37223466
37218584
37197679
37080437
36857697
36745920
36745900
36585770
36578144
36555037
36503163
36473621
36142802
36135483
36048127
 Kwok-Yung Yuen
37474466
37474466
37435542
37279466
37223243
37158848
37122119
37113328
37112634
37101119
37090592
37083859
37068258
37045873
36992395
36857860
36706582
36697369
36662861
36591327
36529763
 Ru-chong Chen
34350256
34350256
32406576
32269086
32217650
32109013
26519198
23296442
22932015
21914323
21211410
19957775
19620041
19460688
16749992
16677450
16324269
16207433
16207397
16008858
 Chun-li Tang
37439480
37439480
37073792
36657427
36435264
36104691
34795959
34437708
34412056
34400075
34350256
34164271
34044660
32269086
32217650
32109013
30319251
30227423
27522957
23372364
22759329
 Tao Wang
37485687
37485687
37484531
37483241
37482970
37480594
37478850
37477881
37474444
37470905
37470826
37468168
37467718
37466431
37463940
37462055
37461596
37460861
37455771
37454679
37453380
 Ping-yan Chen
37380233
37380233
35863486
34916327
34509996
32910179
32217650
32109013
30419000
29805771
29508862
29390255
29312646
28866117
28746193
27852590
27814269
27613670
27195597
26911048
26911029
 Jie Xiang
37480969
37480969
37457490
37421950
37284329
37193858
37184873
37175535
37151651
37142180
37096093
37087829
37071536
37064198
37056799
37032875
37020229
37008327
37000674
36965245
36925297
 Shi-yue Li
37439480
37439480
37377656
37073792
36657427
36303919
36104691
35732973
35221789
34795959
34437708
34412056
34400075
34350256
34164271
34044660
33816312
33569188
33477146
32910179
32859395
 Jin-lin Wang
37359534
37359534
36585301
36157936
36059669
34931822
34842425
33549025
33474937
33029389
32413915
32359081
32109013
31736772
31544294
30098730
29448528
28280139
24980013
24433803
24053967
 Zi-jing Liang
32109013
32109013
24060327
25214959
 Yi-xiang Peng
32269086
32269086
32217650
32109013
18723357
18403194
 Li Wei
37483541
37483541
37482369
37482006
37480440
37480118
37480108
37477650
37476614
37475712
37471710
37470677
37469204
37468964
37468168
37467972
37467944
37467664
37467467
37465161
37464415
 Yong Liu
37484617
37484617
37481870
37478186
37475440
37475366
37475269
37474626
37474106
37470836
37468667
37460648
37459760
37456759
37451625
37450740
37449526
37447900
37447825
37447755
37445110
 Ya-hua Hu
32269086
32269086
32217650
32109013
 Peng Peng
37486420
37486420
37470699
37427811
37395163
37363234
37332769
37327642
37290905
37285951
37275829
37275360
37273640
37168526
37145881
37105815
37093728
37093211
37091140
37085099
37083136
 Jian-ming Wang
37035335
37035335
36097601
35845156
35529917
35383565
35231903
35186676
34296577
33992546
33181680
33148337
33117424
32641095
32368294
32337260
32321473
32309186
32269086
32217650
32109013
 Ji-yang Liu
36927641
36927641
36916026
36000153
34967028
34916443
34408447
33235253
32548167
32269086
32217650
32109013
 Zhong Chen
37468427
37468427
37462298
37460011
37451462
37442785
37436163
37435231
37429215
37424243
37406903
37398672
37381425
37381311
37376312
37370000
37351131
37332198
37330931
37316368
37315592
 Gang Li
37483216
37483216
37481646
37481555
37478601
37474116
37466408
37463133
37463122
37462149
37457005
37450348
37449402
37448040
37446291
37444355
37441706
37441007
37439095
37438694
37438395
 Zhi-jian Zheng
35403410
35403410
34730276
34561330
34409799
32269086
32217650
32109013
24961504
18306761
16883836
 Shao-qin Qiu
32968624
32968624
32269086
32217650
32109013
 Jie Luo
37475624
37475624
37474992
37471539
37454382
37450733
37430910
37430076
37419802
37395069
37389595
37374807
37369257
37367858
37364891
37360171
37345702
37336089
37323948
37308869
37292474
 Chang-jiang Ye
36686860
36686860
32269086
32217650
32162137
32109013
30350520
 Shao-yong Zhu
32269086
32269086
32217650
32109013
 Nan-shan Zhong
37377656
37377656
37324081
37301869
37038356
37005365
36731904
36698411
36183369
36183058
36003626
35993575
35896532
35863486
35689221
35641080
35401988
35318858
35232329
35224468
35174169
Ping Wu
37481358
37481358
37445800
37426673
37425088
37400729
37381042
37360882
37344386
37329793
37322382
37301195
37279929
37270082
37269846
37269269
37261035
37259536
37248168
37247863
37229867
 Fang Duan
37370281
37370281
37035313
37017275
37003070
36850808
36659954
36444252
36406190
36265339
36233018
36157680
35993208
35848041
35806082
35783626
35769550
35479227
35453253
35415762
35254945
 Chunhua Luo
37434092
37434092
37260382
36791481
36582460
36500690
36474148
35994337
35882906
35875605
35795037
35736241
35723032
35672689
35635817
35285175
35096487
35021161
34963686
34239070
34103917
 Qiang Liu
37483232
37483232
37480871
37478287
37477416
37474681
37468667
37468413
37456860
37450752
37447972
37442932
37435385
37430664
37430013
37429090
37428261
37421506
37420871
37420354
37414914
 Xingguang Qu
37308202
37308202
36224490
33610668
33600817
33511146
32232433
26911953
22357649
21315002
 Liang Liang
37482084
37482084
37478230
37438529
37432807
37392695
37390533
37359701
37335630
37331495
37329426
37322977
37270171
37230048
37213176
37207654
37207222
37184260
37169680
37165378
37145073
 Kaili Wu
37468212
37468212
37404093
37394291
37343655
37222116
37132292
37089702
37033374
36717050
36687052
36603144
36597826
36597364
36544924
36529218
36444252
36387353
36343050
36329091
36204863
Xian Zhang
37482173
37482173
37469510
37463822
37451510
37442269
37419850
37416999
37401585
37399353
37397531
37390183
37385390
37380769
37380039
37354659
37354213
37352785
37350775
37345833
37333063
 Xuhui Chen
37290238
37290238
37280702
37280193
37261387
37188537
37097692
37034160
36965724
36827902
36806016
36608589
36384601
36300586
36264464
36219614
36070747
35918695
35891002
35625743
35569398
 Liwen Chen
37468608
37468608
37456322
37454511
37391081
37374200
37348219
37283963
37270496
37129607
37124814
37105515
37060147
36918801
36857046
36846163
36780888
36766447
36593370
36548467
36371297
 Chaohua Deng
37406734
37406734
37160587
36992825
36689199
36548467
36187252
35321843
34938087
34540620
33758264
32852529
32721021
32702816
32436625
32421258
32289466
32016457
31882796
28988205
28476879
 Xiaojing Zou
37158961
37158961
37139806
37125037
37030879
36473570
36195935
36191588
36114552
36068919
35967847
35785930
35728861
35664359
35656027
35237368
35125962
35123448
34876996
34869450
34660625
 Weiyong Liu
36796470
36796470
36726759
36100403
35193543
35189858
35168543
35127526
35116633
35043022
35035735
34911528
34867952
34800991
34419937
34408131
34407203
34276653
33953714
33912176
33816355
 Huimin Yu
37390214
37390214
37368927
37356248
37310063
37298613
37272212
37242084
37178648
37088234
37034153
37008338
37005106
36968312
36937646
36915498
36902511
36841101
36768248
36760042
36748320
 Bo Chen
37483544
37483544
37482623
37480046
37475132
37469412
37464769
37463240
37461291
37456024
37453257
37452706
37450589
37449611
37443128
37436127
37432829
37432318
37429520
37429235
37428980
 Xufang Sun
37318439
37318439
37261387
37208715
36160870
36068501
36013068
35579910
35502410
35262733
35071252
34938087
34571056
34177259
33707607
33273982
32852529
32788324
32421258
32314033
32311914
Jianhua Xia
36896990
36896990
35919330
35794722
35309105
35225751
34783608
33285737
32871886
32641169
32336042
32275079
32100876
32051737
31328562
31049982
26629048
26131284
26000810
25851018
23866705
 Jianping Tong
37217140
37217140
36803084
36724628
36443719
36418970
35855886
35641491
35225751
35090843
34974212
34959240
33964483
33596849
32738749
32641169
32275079
32100876
31057322
30140647
27603356
 Mengyun Liu
37069185
37069185
36662863
35986256
35764964
35285094
35251136
34967267
34890613
34890603
34798392
34601436
34367124
34265404
34167833
33840513
33730992
32253844
32100876
31832943
31595724
 Ye Shen
37351215
37351215
37347494
37323886
37312061
37305131
37282859
37239808
37217140
37099911
37034395
37011875
36937832
36930167
36888977
36869807
36826446
36803084
36792527
36780721
36724628
 Dongyu Guo
37335634
37335634
37209586
37167746
36418970
36318325
36214348
36179571
35919330
35841179
35705355
35090843
34972052
34863605
33964483
33621651
33596849
32641169
32621058
32589021
32569490
Hua-Tao Xie
37465508
37465508
37108173
37059216
36975492
36838371
36774490
36769526
36498767
36148459
35704159
34874449
34743093
34643663
34116537
33658750
33616621
33345682
33320169
32355863
32330227
 Shi-Yun Jiang
32355863
32355863
19227839
 Kang-Kang Xu
37350038
37350038
36975492
36049566
35514356
34874449
34690822
33366514
33366286
33269223
32973565
32355863
32330227
32244803
32082184
31717288
33365973
33365971
33365904
31096618
29555304
 Xin Liu
37486199
37486199
37483517
37483127
37483091
37482370
37481473
37480993
37479725
37479597
37479014
37474491
37474046
37473547
37471516
37470018
37468947
37466402
37466011
37465975
37465147
 Bing Xu
37473847
37473847
37468437
37459116
37431413
37426525
37425657
37407573
37400062
37392305
37382002
37382001
37382000
37381999
37380607
37379725
37365371
37365294
37364490
37357436
37347208
 Lin Wang
37484291
37484291
37483972
37483544
37478761
37474484
37474360
37473479
37466197
37463541
37461124
37459543
37455913
37454500
37454221
37450461
37450184
37445734
37436951
37430555
37430553
 Ming-Chang Zhang
37465508
37465508
37108173
37059216
36975492
36838371
36774490
36769526
36659941
36498767
35704159
34743093
34643663
34116537
33658750
33616621
33345682
33320169
32355863
32330227
30988673
