Michael Irvine
37315924
37315924
37172027
36990200
36894397
36507788
36310514
35862938
35447505
35383082
35242355
35179499
35151372
35094661
35078592
34769838
34766423
34483982
34038928
34007965
33762243
 Daniel Coombs
37308276
37308276
35907677
35862938
35447505
35383082
35242355
35151372
34153032
33971429
33736921
33270633
32415422
31860874
31753602
31473138
31166621
31157616
30905554
30298198
29698393
 Julianne Skarha
36989101
36989101
36857338
36322085
35977265
35325566
33021652
32415422
32101426
33778347
31967879
30477815
 Brandon del Pozo
37365862
37365862
37285563
37105266
36777895
36755540
36750519
36547982
36194805
36170070
35895179
35894566
35868181
35862886
35663245
35468556
35068616
34954747
34915910
34817717
34812962
 Josiah Rich
37279076
37279076
37099309
36857338
36856624
36845079
36844014
36743423
36739417
36673987
36630629
36325942
36322085
36175126
35939914
35916404
35816791
35673849
35587832
35294707
35114617
 Faye Taxman
37401987
37401987
37261738
37204802
37184615
37086698
37007431
37006381
36804347
36584000
36582620
36482490
36429763
36070251
35906627
35832032
35796845
35676601
35450474
35395790
34845569
 Traci C. Green
37408299
37408299
37292718
37279076
37217975
37099309
36988165
36920385
36872182
36643788
36630629
36567216
36496310
36369076
36337350
36309001
36202711
36194805
36194804
36069781
35587832
Shaun Truelove
37461674
37461674
36695018
36437905
36345608
36150782
36150779
36113527
35726851
35611346
35394862
35313593
35217092
34940869
34494030
34253291
34227914
33988185
33824358
33606575
33516338
 Orit Abrahim
37144385
37144385
37072359
36353663
35382050
33292392
32544156
32359503
26436759
 Chiara Altare
37210535
37210535
37115769
36253816
36242013
35536871
34933986
34919551
34798877
34511092
33503459
33292392
32544156
32514296
32191159
30962930
30208032
30083315
29488461
28566529
28539413
 Stephen A. Lauer
36288325
36288325
35394862
34453539
34131124
33988185
33824358
33345203
33033172
32743600
32679085
32544156
32534626
32422057
32150748
31985869
31712420
29463757
28905403
28138198
27304062
 Krya H. Grantz
32544156
32544156
 Andrew S. Azman
37409942
37409942
37230973
37139878
37115769
36907197
36798289
36692343
36502398
36474728
36426603
36408480
36350773
36286520
36286224
36201428
35976947
35870452
35793924
35605949
35580458
 Paul Spiegel
37349794
37349794
37308945
37302399
37210535
37115769
37072359
37007283
36962676
36828000
36779923
36353663
36334601
36253816
36242013
36122580
35817077
35722946
35713912
35570266
35551762
 Parveen Parmar
36749433
36749433
36715966
36692571
36576492
36037826
35526032
35236388
36779035
34395699
34232301
34095707
33879489
33575408
33222633
33052405
32391077
32304631
31589098
31539645
31534473
Maren Hintermeier
35805705
35805705
35146304
35136866
34151312
 Hande Gencer
35896294
35896294
34151312
31822026
 Katja Kajikhina
37474794
37474794
37098323
37064418
37064417
37064416
36790192
36414683
35055619
34565379
34151312
32042888
35146253
26457725
26235516
 Sven Rohleder
35719293
35719293
35146305
34805466
34353525
34316550
34151312
33928902
32091682
 Claudia Hövener
 Marie Tallarek
37072030
37072030
35883124
35177014
34151312
33384319
33211261
31499382
 Jacob Spallek
37327812
37327812
37253364
37072030
37008454
36844838
36081181
35997231
35968277
35907809
35883124
35751012
35639449
35574936
35390046
35364469
35177014
35105578
35073593
34816160
34682743
 Kayvan Bozorgmehr
37418026
37418026
37064417
36994090
36962593
36898715
36719863
36681845
36424105
36414683
35886157
35805705
35749409
35721694
35682197
35658333
35550577
35187684
35146305
35146304
35146303
David Koh
37445615
37445615
37098838
36515838
36447130
36207034
35991466
35805388
35661340
35270352
35234266
35210120
35187777
35099819
34900365
34778159
34489769
34354605
34178409
34046242
33570687
