Shuang-Jiang Zhou
37193215
37193215
37077708
36719632
36343783
36172081
35747102
35244179
34421725
32836185
32753347
32363492
31736796
29120844
28342226
24840156
23263459
22105219
21621196
20937331
20738730
 Li-Gang Zhang
37099179
37099179
36921682
36832683
36343783
35860242
35747102
34421725
34418127
32993584
32965686
32862457
32836185
32753347
32363492
32255522
31788984
31736796
31233226
30604696
29120844
 Lei-Lei Wang
37256698
37256698
37193215
37077708
36947961
36866059
36750409
36719632
36713672
36614311
36598679
36586703
36423704
36346196
36343783
36070640
36068756
36063295
35569359
35535734
35254903
 Zhao-Chang Guo
32836185
32836185
32753347
32363492
 Jing-Qi Wang
36562516
36562516
35244179
32836185
32478878
32363492
31484669
30168959
29965252
29965141
28269979
26665682
25911286
25597174
24524254
23441449
22860634
19157229
 Jin-Cheng Chen
36471947
36471947
35465430
32836185
32363492
29945368
29945366
29945365
29902900
16149000
 Mei Liu
37481444
37481444
37477163
37468083
37457591
37456244
37455581
37449799
37449637
37422178
37415391
37408008
37405001
37393903
37390643
37388782
37387602
37372391
37364453
37334766
37324712
 Xi Chen
37484672
37484672
37481670
37481212
37481118
37479695
37479091
37478437
37476496
37474893
37474626
37474620
37471703
37468971
37468021
37467161
37463894
37463654
37462605
37461253
37461031
 Jing-Xu Chen
37193215
37193215
36719632
36343783
36172081
35747102
35244179
34975554
34421725
33737809
33162916
33061925
32993584
32836185
32753347
32363492
31788984
31736796
29120844
25981348
24385309
Benjamin Oosterhoff
36989065
36989065
36669969
36358015
35613458
35602574
35587409
35508763
35507238
35256239
35002184
34658613
34461149
34436941
34431517
34338382
34328345
34284315
34244922
34217696
33969868
 Cara A. Palmer
36331805
36331805
36048429
36046006
35613458
35513977
35435538
35256239
34366538
34338382
34244922
33130179
32978115
32621796
32597925
32487491
32331621
31915115
31535437
31153800
30953891
 Jenna Wilson
37467074
37467074
37399110
36893325
36791727
36744116
36706069
36646399
36595616
36580049
36527589
36394250
36331346
36147455
36103023
36076147
35994699
35988161
35963491
35895117
35858717
 Natalie Shook
36706069
36706069
36669969
35693044
35507238
35002184
34854352
34531801
34087628
33913785
33573467
33316323
33291948
33262926
33231036
32890205
32817714
32530298
32515057
32487491
32345448
